MQO vs ZWF
X [ 1.849132    6.78015067 11.71116933 16.642188   21.57320667 26.50422533
 31.435244   36.36626267 41.29728133 46.2283    ]
Y [0.10632 0.38984 0.67336 0.95688 1.2404  1.52392 1.80744 2.09096 2.37448
 2.658  ]
[[0.0011326  0.00089424 0.00073918 0.00063056 0.00055014 0.00048814
  0.0004389  0.00039887 0.00036572 0.00033786]
 [0.00135206 0.00108889 0.00091568 0.00079269 0.00070043 0.00062845
  0.00057064 0.00052317 0.0004835  0.00044985]
 [0.0014043  0.0011374  0.00096112 0.00083546 0.00074085 0.00066679
  0.00060713 0.00055798 0.00051678 0.00048174]
 [0.00142244 0.00115417 0.00097682 0.00085026 0.00075487 0.00068011
  0.00061983 0.00057012 0.00052842 0.00049292]
 [0.00143191 0.0011629  0.00098498 0.00085795 0.00076215 0.00068704
  0.00062644 0.00057645 0.00053448 0.00049876]
 [0.00143781 0.00116833 0.00099005 0.00086273 0.00076668 0.00069135
  0.00063055 0.00058038 0.00053826 0.00050239]
 [0.00144186 0.00117206 0.00099354 0.00086601 0.00076978 0.0006943
  0.00063337 0.00058309 0.00054086 0.00050489]
 [0.00144484 0.00117479 0.00099609 0.00086841 0.00077206 0.00069647
  0.00063544 0.00058507 0.00054276 0.00050672]
 [0.00144711 0.00117689 0.00099804 0.00087025 0.0007738  0.00069813
  0.00063702 0.00058658 0.00054422 0.00050812]
 [0.00144891 0.00117854 0.00099959 0.0008717  0.00077518 0.00069944
  0.00063827 0.00058778 0.00054537 0.00050923]]

