MDH vs ATP_syn
X [ 2.445968    8.96854933 15.49113067 22.013712   28.53629333 35.05887467
 41.581456   48.10403733 54.62661867 61.1492    ]
Y [  43.4932      159.47506667  275.45693333  391.4388      507.42066667
  623.40253333  739.3844      855.36626667  971.34813333 1087.33      ]
[[ 0.00190305  0.00104588  0.00084837  0.00075363  0.00069457  0.00065289
   0.00062125  0.00059608  0.00057537  0.00055789]
 [ 0.00163672  0.00091251  0.00076227  0.00067845  0.00062229  0.00058092
   0.0005486   0.00052229  0.00050025  0.00048136]
 [ 0.0012466   0.00089019 -0.0001      0.00066972  0.00061346  0.00057159
   0.00053863  0.00051167  0.00048896  0.00046943]
 [ 0.00109787  0.00089496  0.00075821  0.0006757   0.00061899  0.00057662
   0.00054316  0.00051572  0.00049257  0.00047262]
 [ 0.00104209  0.00090274  0.00076652  0.00068369  0.00062651  0.00058366
   0.00054975  0.00052189  0.00049835  0.00047804]
 [ 0.00102045  0.00091104  0.00077514  0.00069195  0.00063431  0.000591
   0.00055666  0.00052841  0.00050451  0.00048386]
 [ 0.0010121   0.00091937  0.00078368  0.00070012  0.00064202  0.00059827
   0.00056353  0.00053489  0.00051065  0.0004897 ]
 [ 0.00100936  0.00092757  0.00079202  0.00070808  0.00064955  0.00060537
   0.00057023  0.00054124  0.00051668  0.00049542]
 [ 0.00100919  0.00093558  0.00080013  0.00071582  0.00065685  0.00061226
   0.00057674  0.00054742  0.00052254  0.000501  ]
 [ 0.00101031  0.00094338  0.000808    0.00072331  0.00066392  0.00061893
   0.00058306  0.0005534   0.00052822  0.00050642]]

