MQO vs ATP_syn
X [ 1.849132    6.78015067 11.71116933 16.642188   21.57320667 26.50422533
 31.435244   36.36626267 41.29728133 46.2283    ]
Y [  43.4932      159.47506667  275.45693333  391.4388      507.42066667
  623.40253333  739.3844      855.36626667  971.34813333 1087.33      ]
[[0.00124835 0.00089019 0.00075195 0.00066961 0.00061336 0.0005715
  0.00053856 0.00051162 0.00048895 0.00046945]
 [0.00188675 0.00100338 0.00081548 0.00072353 0.00066515 0.00062339
  0.00059138 0.0005657  0.00054443 0.00052637]
 [0.00190366 0.00104791 0.00084993 0.00075495 0.00069575 0.00065397
  0.00062225 0.00059701 0.00057623 0.00055869]
 [0.00190842 0.00106667 0.00086698 0.00077129 0.000712   0.00067034
  0.00063886 0.00061388 0.00059337 0.00057611]
 [0.00191122 0.00107718 0.0008772  0.00078131 0.00072204 0.00068051
  0.00064918 0.00062437 0.00060404 0.00058695]
 [0.00191316 0.00108395 0.00088403 0.00078809 0.00072886 0.00068742
  0.0006562  0.00063151 0.0006113  0.00059433]
 [0.00191459 0.00108871 0.00088892 0.00079297 0.0007338  0.00069243
  0.0006613  0.00063669 0.00061656 0.00059967]
 [0.00191571 0.00109223 0.0008926  0.00079667 0.00073753 0.00069623
  0.00066515 0.00064061 0.00062055 0.00060372]
 [0.00191659 0.00109495 0.00089547 0.00079956 0.00074046 0.0006992
  0.00066818 0.00064369 0.00062367 0.00060689]
 [0.00191732 0.00109712 0.00089777 0.00080188 0.00074282 0.00070159
  0.00067061 0.00064616 0.00062619 0.00060944]]

