CYTBO vs GDH
X [ 3.41618    12.52599333 21.63580667 30.74562    39.85543333 48.96524667
 58.07506    67.18487333 76.29468667 85.4045    ]
Y [ 3.466292   12.70973733 21.95318267 31.196628   40.44007333 49.68351867
 58.926964   68.17040933 77.41385467 86.6573    ]
[[ 1.18411059e-03  7.93202241e-04  4.46688026e-04  2.87795703e-04
   2.00840352e-04  1.47762329e-04  1.12908066e-04  8.87845676e-05
   7.14082408e-05  5.84919834e-05]
 [ 1.33315171e-03  7.87320693e-04  4.20061352e-04  2.58369227e-04
   1.72948234e-04  1.22456310e-04  9.02721543e-05  6.86087462e-05
   5.34102292e-05  4.23931417e-05]
 [ 1.30921542e-03  7.72509151e-04  4.09798959e-04  2.50731635e-04
   1.67026205e-04  1.17728832e-04  8.64129967e-05  6.54017227e-05
   5.07059145e-05  4.00847487e-05]
 [ 1.29690374e-03  7.65764174e-04  4.05348041e-04  2.47509923e-04
   1.64574393e-04  1.15798326e-04  8.48538882e-05  6.41172979e-05
   4.96306695e-05 -1.00000000e-04]
 [ 1.28969392e-03  7.61936142e-04  4.02866825e-04  2.45733527e-04
   1.63232790e-04  1.14748011e-04  8.40094869e-05  6.34242595e-05
   4.90523249e-05  3.86833314e-05]
 [ 1.28499379e-03  7.59474204e-04  4.01285949e-04  2.44608346e-04
   1.62386521e-04  1.14087578e-04  8.34798635e-05  6.29904752e-05
   4.86909688e-05  3.83780895e-05]
 [ 1.28169514e-03  7.57759234e-04  4.00190968e-04  2.43831840e-04
   1.61804029e-04  1.13633909e-04  8.31166324e-05  6.26933677e-05
   4.84437479e-05  3.81694651e-05]
 [ 1.27925502e-03  7.56496477e-04  3.99387838e-04  2.43263728e-04
   1.61378624e-04  1.13303004e-04  8.28520153e-05  6.24771240e-05
   4.82639548e-05  3.80178437e-05]
 [ 1.27737784e-03  7.55528098e-04  3.98773642e-04  2.42830057e-04
   1.61054317e-04  1.13051040e-04  8.26506534e-05  6.23126848e-05
   4.81273113e-05  3.79026701e-05]
 [ 1.27588939e-03  7.54761960e-04  3.98288758e-04  2.42488165e-04
   1.60798901e-04  1.12852748e-04  8.24922857e-05  6.21834200e-05
   4.80199470e-05  3.78122100e-05]]

