MQO vs GLT
X [ 1.849132    6.78015067 11.71116933 16.642188   21.57320667 26.50422533
 31.435244   36.36626267 41.29728133 46.2283    ]
Y [ 22.82336     83.68565333 144.54794667 205.41024    266.27253333
 327.13482667 387.99712    448.85941333 509.72170667 570.584     ]
[[ 0.00029448  0.00175247  0.0041675   0.00691321  0.00926056  0.01092727
   0.01196798  0.01254017  0.01279151  0.01283226]
 [ 0.00034737  0.00213337  0.0049615   0.00782117 -0.0001      0.01145615
   0.01230529  0.01273812  0.01289356  0.01286894]
 [ 0.00035989  0.00223021  0.00518225  0.00810391  0.01028677  0.01168681
   0.01248676  0.01287489  0.01299305  0.01293838]
 [ 0.00036451  0.00226275  0.00525387  0.00819446  0.01037422  0.01176092
   0.01254532  0.01291909  0.01302513  0.01296054]
 [ 0.000367    0.00227944  0.00528993  0.00823978  0.01041798  0.01179812
   0.01257486  0.01294156  0.01304158  0.01297207]
 [ 0.00036857  0.00228974  0.00531199  0.00826741  0.01044469  0.01182091
   0.01259306  0.01295551  0.01305191  0.01297944]
 [ 0.00036966  0.00229679  0.00532699 -0.0001      0.01046287  0.01183647
   0.01260554  0.01296514  0.01305912  0.01298465]
 [ 0.00037046  0.00230194  0.0053379   0.00829983  0.01047609  0.01184781
   0.01261468  0.01297223  0.01306446  0.01298857]
 [ 0.00037108  0.00230587  0.00534621  0.00831022  0.01048617  0.01185648
   0.01262169  0.01297769  0.0130686   0.01299162]
 [ 0.00037157  0.00230898  0.00535276  0.00831841  0.01049412  0.01186333
   0.01262724  0.01298203  0.01307192  0.01299408]]

