ZWF vs ATP_syn
X [0.10632 0.38984 0.67336 0.95688 1.2404  1.52392 1.80744 2.09096 2.37448
 2.658  ]
Y [  43.4932      159.47506667  275.45693333  391.4388      507.42066667
  623.40253333  739.3844      855.36626667  971.34813333 1087.33      ]
[[ 0.00211741  0.00108783  0.00088706  0.00078501  0.0007191   0.00067154
   0.00063487  0.00060533  0.00058077  0.00055986]
 [ 0.00165619  0.0008775   0.00072482  0.00064566  0.00059383  0.00055608
   0.00052677  0.00050304  0.00048323  0.0004663 ]
 [ 0.0013592   0.00073857  0.00061635  0.00055193  0.00050924  0.0004779
   0.00045343  0.00043353  0.00041685  0.00040257]
 [ 0.00115445  0.0006395   0.00053803  0.00048383  0.00044756  0.00042074
   0.0003997   0.00038253  0.00036809  0.0003557 ]
 [ 0.00100518  0.00056491  0.00047841  0.00043171  0.00040019  0.00037675
   0.00035828  0.00034315  0.00033041  0.00031944]
 [ 0.00089188  0.00050654  0.0004313   0.00039032  0.00036247  0.00034164
   0.00032518  0.00031165  0.00030023  0.00029038]
 [ 0.00080328  0.00045952  0.00039301  0.00035655  0.0003316   0.00031287
   0.000298    0.00028577  0.00027541  0.00026647]
 [-0.0001      0.00042081  0.00036123  0.0003284   0.00030581  0.00028879
   0.00027524  0.00026406  0.00025458  0.00024639]
 [ 0.00067477  0.00038837  0.00033439  0.00030454  0.00028391  0.0002683
   0.00025585  0.00024556  0.00023682  0.00022925]
 [ 0.00062722  0.00036079  0.00031141  0.00028404  0.00026505  0.00025064
   0.00023912  0.00022958  0.00022146  0.00021443]]

