CYTBO vs ATP_syn
X [ 3.41618    12.52599333 21.63580667 30.74562    39.85543333 48.96524667
 58.07506    67.18487333 76.29468667 85.4045    ]
Y [  43.4932      159.47506667  275.45693333  391.4388      507.42066667
  623.40253333  739.3844      855.36626667  971.34813333 1087.33      ]
[[ 0.00157005  0.00096187  0.00080451  0.00071359  0.00065177  0.0006058
   0.00056961  0.00053998  0.00051503  0.00049356]
 [ 0.00180415  0.0009366   0.00076417  0.00067794  0.0006225   0.00058255
   0.00055178  0.00052701  0.00050642  0.00048889]
 [ 0.00176414  0.00091542  0.00074235  0.00065765  0.00060379  0.00056524
   0.00053567  0.00051194  0.00049228  0.00047558]
 [ 0.00174519  0.00090635  0.00073329  0.00064924  0.00059602  0.00055803
   0.00052895  0.00050565  0.00048636  0.00047   ]
 [ 0.00173446  0.00090134  0.00072834  0.00064465  0.00059179  0.00055411
   0.00052529  0.00050221  0.00048312  0.00046694]
 [ 0.00172759  0.00089816  0.00072524  0.00064177  0.00058913  0.00055164
   0.00052298  0.00050005  0.00048109  0.00046501]
 [ 0.00172282  0.00089596  0.0007231   0.0006398   0.00058731  0.00054994
   0.0005214   0.00049857  0.00047969  0.00046369]
 [ 0.00171931  0.00089435  0.00072154  0.00063836  0.00058598  0.00054871
   0.00052025 -0.0001      0.00047867  0.00046273]
 [ 0.00171663  0.00089312  0.00072036  0.00063726  0.00058496  0.00054777
   0.00051937  0.00049666  0.00047789  0.00046199]
 [ 0.00171452  0.00089215  0.00071942  0.0006364   0.00058417  0.00054703
   0.00051868  0.00049601  0.00047728  0.00046142]]

