ZWF vs GDH
X [0.10632 0.38984 0.67336 0.95688 1.2404  1.52392 1.80744 2.09096 2.37448
 2.658  ]
Y [ 3.466292   12.70973733 21.95318267 31.196628   40.44007333 49.68351867
 58.926964   68.17040933 77.41385467 86.6573    ]
[[ 1.42023831e-03  9.44001210e-04  5.36177951e-04  3.46886255e-04
   2.42598884e-04  1.78682347e-04  1.36600350e-04  1.07422977e-04
   8.63812065e-05  7.07278421e-05]
 [ 1.29383070e-03  7.17365848e-04  3.73960833e-04  2.26131629e-04
   1.49246839e-04  1.04370118e-04  7.60731572e-05  5.72091519e-05
   4.40909084e-05  3.46596559e-05]
 [ 1.18581511e-03  5.81040648e-04  2.88413523e-04  1.68030142e-04
   1.07421570e-04  7.29800352e-05  5.17677530e-05  3.79270440e-05
   2.84938518e-05  2.18412001e-05]
 [ 1.09529983e-03  4.89322730e-04  2.34783155e-04  1.33298132e-04
   8.33146225e-05  5.54230444e-05  3.85217171e-05  2.76600002e-05
   2.03645479e-05  1.52929052e-05]
 [ 1.01899519e-03  4.23060954e-04  1.97771315e-04  1.10050881e-04
   6.75573027e-05  4.41736184e-05  3.01832100e-05  2.13012050e-05
   1.54069064e-05  1.13588232e-05]
 [ 9.53978121e-04  3.72822501e-04  1.70616469e-04  9.33671964e-05
   5.64446560e-05  3.63587225e-05  2.44695585e-05  1.70005090e-05
   1.20962924e-05  8.76493314e-06]
 [ 8.97979315e-04  3.33382134e-04  1.49826916e-04  8.08106080e-05
   4.81958935e-05  3.06285185e-05  2.03279584e-05  1.39178521e-05
   9.74984722e-06  6.94756221e-06]
 [ 8.49273472e-04  3.01593069e-04  1.33402273e-04  7.10266837e-05
   4.18420320e-05  2.62605805e-05  1.72025774e-05  1.16148769e-05
  -1.00000000e-04  5.61834064e-06]
 [ 8.06542637e-04  2.75437563e-04  1.20108023e-04  6.31985914e-05
   3.68082435e-05 -1.00000000e-04  1.47714176e-05  9.84001829e-06
   6.69083747e-06  4.61446061e-06]
 [ 7.68766812e-04  2.53557767e-04  1.09138315e-04  5.68028896e-05
   3.27310471e-05  2.00776658e-05  1.28348195e-05  8.43852781e-06
   5.65505860e-06  3.83718149e-06]]

