CYTBO vs ACK
X [ 3.41618    12.52599333 21.63580667 30.74562    39.85543333 48.96524667
 58.07506    67.18487333 76.29468667 85.4045    ]
Y [ 2.892 10.604 18.316 26.028 33.74  41.452 49.164 56.876 64.588 72.3  ]
[[0.0010838  0.00108296 0.00108225 0.00108166 0.00108115 0.00108071
  0.00108032 0.00107998 0.00107968 0.00107941]
 [0.0011073  0.00110693 0.00110662 0.00110636 0.00110614 0.00110595
  0.00110578 0.00110563 0.0011055  0.00110539]
 [0.00108905 0.00108874 0.00108848 0.00108827 0.00108808 0.00108792
  0.00108778 0.00108766 0.00108755 0.00108745]
 [0.00108042 0.00108013 0.0010799  0.00107969 0.00107952 0.00107937
  0.00107924 0.00107913 0.00107903 0.00107894]
 [0.00107547 0.00107519 0.00107496 0.00107476 0.0010746  0.00107446
  0.00107433 0.00107422 0.00107413 0.00107404]
 [0.00107226 0.00107199 0.00107176 0.00107157 0.00107141 0.00107127
  0.00107115 0.00107104 0.00107095 0.00107087]
 [0.00107001 0.00106975 0.00106953 0.00106934 0.00106918 0.00106905
  0.00106893 0.00106882 0.00106873 0.00106865]
 [0.00106836 0.00106809 0.00106788 0.00106769 0.00106754 0.0010674
  0.00106728 0.00106718 0.00106709 0.00106701]
 [0.00106708 0.00106682 0.00106661 0.00106643 0.00106627 0.00106614
  0.00106602 0.00106592 0.00106583 0.00106575]
 [0.00106608 0.00106582 0.0010656  0.00106542 0.00106527 0.00106514
  0.00106502 0.00106492 0.00106483 0.00106475]]

