GDH vs ATP_syn
X [ 3.466292   12.70973733 21.95318267 31.196628   40.44007333 49.68351867
 58.926964   68.17040933 77.41385467 86.6573    ]
Y [  43.4932      159.47506667  275.45693333  391.4388      507.42066667
  623.40253333  739.3844      855.36626667  971.34813333 1087.33      ]
[[ 2.69344225e-03  1.00279965e-03  6.71476856e-04  5.24697564e-04
   4.39019541e-04  3.81746409e-04  3.40226840e-04  3.08453358e-04
   2.83177493e-04  2.62476807e-04]
 [-1.00000000e-04  6.92028153e-04  5.79053578e-04  5.20275968e-04
   4.81662085e-04  4.53453659e-04  4.31505998e-04  4.13694387e-04
   3.98795567e-04  3.86046335e-04]
 [ 6.97346006e-04  3.74867246e-04  3.17641183e-04  2.87602942e-04
   2.67711524e-04  2.53096162e-04  2.41674694e-04  2.32373169e-04
   2.24570213e-04  2.17876590e-04]
 [ 4.32585898e-04  2.32885726e-04  1.98491041e-04  1.80338735e-04
   1.68254769e-04  1.59342114e-04  1.52357308e-04  1.46656296e-04
   1.41865164e-04  1.37749011e-04]
 [-1.00000000e-04  1.57243351e-04  1.34622804e-04  1.22623598e-04
   1.14597155e-04  1.08656544e-04  1.03988862e-04  1.00171442e-04
   9.69580896e-05  9.41937319e-05]
 [ 2.07302957e-04  1.12232337e-04  9.64714228e-05  8.80679494e-05
   8.24201726e-05  7.82259075e-05  7.49220917e-05  7.22148314e-05
   6.99324090e-05  6.79663661e-05]
 [-1.00000000e-04  8.33702840e-05  7.19318567e-05  6.58008711e-05
   6.16608896e-05  5.85760032e-05  5.61399862e-05  5.41399940e-05
   5.24512454e-05  5.09947293e-05]
 [ 1.16860130e-04  6.38345615e-05  5.52757437e-05  5.06631900e-05
   4.75336534e-05  4.51937939e-05  4.33414849e-05  4.18177977e-05
   4.05292487e-05  3.94164872e-05]
 [ 9.11444646e-05  5.00557422e-05  4.34973983e-05  3.99429468e-05
   3.75195913e-05  3.57015143e-05  3.42586482e-05  3.30694681e-05
   3.20622511e-05  3.11913351e-05]
 [-1.00000000e-04  4.00162603e-05  3.48940899e-05  3.21016738e-05
   3.01884025e-05  2.87480113e-05  2.76019783e-05  2.66555982e-05
   2.58527813e-05  2.51577159e-05]]

