GDH vs ACEA
X [ 3.466292   12.70973733 21.95318267 31.196628   40.44007333 49.68351867
 58.926964   68.17040933 77.41385467 86.6573    ]
Y [ 0.61038  2.23806  3.86574  5.49342  7.1211   8.74878 10.37646 12.00414
 13.63182 15.2595 ]
[[1.97100878e-03 1.10196623e-03 7.94116038e-04 6.28012766e-04
  5.22208184e-04 4.48293515e-04 3.93486611e-04 3.51107819e-04
  3.17299323e-04 2.89666198e-04]
 [1.18765705e-03 6.51752573e-04 4.66780639e-04 3.67970550e-04
  3.05366709e-04 2.61775927e-04 2.29524922e-04 2.04625898e-04
  1.84784795e-04 1.68581753e-04]
 [6.49167221e-04 3.48055944e-04 2.47287775e-04 1.94073439e-04
  1.60582386e-04 1.37368500e-04 1.20251219e-04 1.07070647e-04
  9.65897727e-05 8.80456918e-05]
 [4.05581194e-04 2.14718246e-04 1.51861842e-04 1.18871929e-04
  9.81861466e-05 8.38852459e-05 7.33608612e-05 6.52695483e-05
  5.88437465e-05 5.36109967e-05]
 [2.74710771e-04 1.44239545e-04 1.01696626e-04 7.94575608e-05
  6.55478632e-05 5.59488777e-05 4.88945783e-05 4.34771976e-05
  3.91789171e-05 3.56814269e-05]
 [1.96410172e-04 1.02510391e-04 7.21023337e-05 5.62533484e-05
  4.63592448e-05 3.95409377e-05 3.45356458e-05 3.06952329e-05
  2.76504194e-05 2.51744351e-05]
 [1.46020888e-04 7.58551456e-05 5.32493479e-05 4.14942615e-05
  3.41672069e-05 2.91237647e-05 2.54247822e-05 2.25887904e-05
  2.03417332e-05 1.85154505e-05]
 [1.11830839e-04 5.78714858e-05 4.05569872e-05 3.15706857e-05
  2.59767954e-05 2.21301797e-05 1.93112231e-05 1.71513591e-05
  1.54409659e-05 1.40515106e-05]
 [8.76758054e-05 4.52239813e-05 3.16467724e-05 2.46117517e-05
  2.02375560e-05 1.72323132e-05 1.50315109e-05 1.33462612e-05
  1.20123755e-05 1.09292400e-05]
 [7.00560489e-05 3.60333767e-05 2.51820214e-05 1.95675501e-05
  1.60802145e-05 1.36861907e-05 1.19341258e-05 1.05932104e-05
  9.53234677e-06 8.67124364e-06]]

