MQO vs GDH
X [ 1.849132    6.78015067 11.71116933 16.642188   21.57320667 26.50422533
 31.435244   36.36626267 41.29728133 46.2283    ]
Y [ 3.466292   12.70973733 21.95318267 31.196628   40.44007333 49.68351867
 58.926964   68.17040933 77.41385467 86.6573    ]
[[ 1.11901170e-03  7.02405724e-04  3.74391929e-04  2.29951320e-04
   1.53755431e-04  1.08775775e-04  8.01374732e-05  6.08796042e-05
   4.73803147e-05  3.76023434e-05]
 [ 1.39220108e-03  8.52233619e-04  4.60738888e-04  2.86441792e-04
   1.93542758e-04  1.38208579e-04  1.02694151e-04  7.86368115e-05
   6.16579176e-05  4.92804044e-05]
 [ 1.40100304e-03  8.92555805e-04  4.85566090e-04  3.03183215e-04
   2.05592748e-04  1.47283753e-04  1.09758978e-04  8.42774032e-05
   6.62521564e-05  5.30834001e-05]
 [ 1.40057408e-03  9.06905910e-04  4.94592958e-04  3.09346563e-04
   2.10074498e-04  1.50689844e-04  1.12432613e-04  8.64284933e-05
   6.80168469e-05  5.45540944e-05]
 [ 1.40030888e-03  9.14414029e-04  4.99334672e-04  3.12592977e-04
   2.12441347e-04  1.52493073e-04  1.13851372e-04  8.75725846e-05
   6.89574678e-05  5.53396599e-05]
 [ 1.40029106e-03 -1.00000000e-04  5.02288900e-04  3.14616836e-04
   2.13917940e-04  1.53618956e-04  1.14738009e-04  8.82881365e-05
   6.95462691e-05  5.58318200e-05]
 [ 1.40038801e-03  9.22302699e-04  5.04316899e-04  3.16006158e-04
   2.14931759e-04  1.54392201e-04  1.15347142e-04  8.87799197e-05
   6.99511008e-05  5.61703437e-05]
 [ 1.40052951e-03  9.24652780e-04  5.05799418e-04  3.17021547e-04
   2.15672715e-04  1.54957386e-04 -1.00000000e-04  8.91394913e-05
   7.02471561e-05  5.64179601e-05]
 [ 1.40068337e-03  9.26449918e-04  5.06932225e-04  3.17797257e-04
   2.16238719e-04  1.55389116e-04  1.16132565e-04  8.94141952e-05
   7.04733554e-05  5.66071773e-05]
 [ 1.40083530e-03  9.27870346e-04  5.07826878e-04  3.18409707e-04
   2.16685568e-04  1.55729948e-04  1.16401106e-04  8.96310728e-05
   7.06519508e-05  5.67565829e-05]]

