CYTBO vs GLT
X [ 3.41618    12.52599333 21.63580667 30.74562    39.85543333 48.96524667
 58.07506    67.18487333 76.29468667 85.4045    ]
Y [ 22.82336     83.68565333 144.54794667 205.41024    266.27253333
 327.13482667 387.99712    448.85941333 509.72170667 570.584     ]
[[ 0.00035283  0.00178885  0.0037493   0.00667304 -0.0001      0.01478937
   0.01656144  0.01725631  0.01737554  0.01720923]
 [ 0.00032162  0.00199895  0.00471418  0.00747409  0.00957894  0.01095461
   0.01175939  0.01216709  0.01231172  0.01228614]
 [ 0.0003121   0.00198733  0.00474116  0.00747707  0.00949354 -0.0001
  -0.0001      0.0118349   0.01193651  0.01188282]
 [ 0.00030803  0.00197996  0.00474491  0.00746822  0.00945032  0.0106891
   0.01137945  0.01170277  0.01178937  0.01172596]
 [ 0.00030578  0.00197533  0.00474517  0.00746088  0.00942461  0.01064427
   0.01131913  0.01163126  0.0117103   0.01164203]
 [ 0.00030435  0.0019722   0.00474469  0.00745537  0.00940766  0.01061557
   0.01128102  0.01158638  0.01166086  0.01158969]
 [ 0.00030337  0.00196995  0.00474407  0.00745119  0.00939566  0.01059564
   0.01125475  0.01155558  0.01162701  0.01155391]
 [ 0.00030265  0.00196827  0.00474349  0.00744794  0.00938673  0.01058098
   0.01123554  0.01153311  0.01160238  0.0115279 ]
 [ 0.0003021   0.00196696  0.00474296  0.00744536  0.00937983  0.01056975
   0.01122088  0.01151601  0.01158364  0.01150814]
 [ 0.00030166  0.00196591  0.0047425   0.00744325  0.00937434  0.01056088
   0.01120932  0.01150255  0.01156891  0.01149261]]

