GLT vs ZWF
X [  5.70584  68.47008 131.23432 193.99856 256.7628  319.52704 382.29128
 445.05552 507.81976 570.584  ]
Y [0.02658 0.31896 0.61134 0.90372 1.1961  1.48848 1.78086 2.07324 2.36562
 2.658  ]
[[4.86147035e-08 1.76556872e-10 1.71564182e-08 2.20161139e-11
  9.01967458e-10 2.36080976e-08 4.23077271e-11 3.09309534e-09
  3.53910023e-09 6.29474907e-09]
 [4.61881213e-08 6.18468803e-08 7.32866812e-07 1.72045498e-08
  5.19637735e-08 4.06811591e-08 1.37839797e-08 1.34610289e-06
  9.75174967e-07 7.84108909e-08]
 [2.55134455e-13 4.65477830e-08 6.82876000e-09 1.64556965e-09
  2.57621753e-08 6.63860078e-11 4.85181976e-09 2.11785002e-09
  7.18228730e-11 1.01021456e-08]
 [1.16740523e-11 3.72470093e-08 4.67267686e-07 1.42852821e-08
  4.95942332e-08 8.43407078e-09 8.42456314e-08 2.22553268e-06
  1.29076674e-08 3.29793672e-07]
 [3.82186268e-09 4.60524328e-08 2.53805857e-09 1.10524793e-07
  1.06105329e-08 8.66239457e-09 6.79981442e-10 6.85087054e-09
  2.61642762e-07 4.90818218e-08]
 [3.85584223e-09 8.76064146e-08 2.20989105e-07 3.69152135e-09
  3.24080371e-07 3.17264086e-07 6.95189684e-10 3.88543273e-09
  5.40464334e-06 1.09532126e-10]
 [4.23236208e-09 4.73560189e-08 7.15411588e-08 5.09289954e-11
  5.35163769e-07 8.71659944e-09 1.52634461e-07 4.80419716e-08
  6.78196044e-09 2.57109361e-07]
 [2.82396329e-11 1.40329374e-06 2.29226151e-06 3.71334550e-07
  2.12949407e-07 1.66364801e-07 4.47726876e-07 5.45611133e-09
  2.63566811e-07 2.83431072e-10]
 [2.92651074e-09 1.97431507e-08 7.94307045e-08 1.82652604e-09
  4.70751250e-07 2.27606818e-08 9.49910817e-09 1.63339939e-06
  5.28300483e-08 3.24013686e-07]
 [3.49275842e-08 5.30172430e-09 1.85159166e-08 1.39205500e-06
  1.62338551e-07 2.15570545e-07 6.88742557e-09 1.64594295e-07
  1.08663599e-06 1.13999706e-09]]

