CITRA_SYN vs GDH
X [ 0.4  4.8  9.2 13.6 18.  22.4 26.8 31.2 35.6 40. ]
Y [ 0.866573 10.398876 19.931179 29.463482 38.995785 48.528088 58.060391
 67.592694 77.124997 86.6573  ]
[[2.17186684e-05 5.14500695e-08 8.29803852e-09 1.37789891e-10
  1.51292456e-07 1.46796861e-07 7.20069782e-10 1.36502475e-08
  3.25890559e-09 4.40088154e-09]
 [6.91253042e-04 1.34785957e-08 1.87728243e-06 5.10468541e-09
  2.44695262e-11 1.75475161e-10 1.67163832e-09 1.53175064e-11
  1.04817876e-11 1.31856304e-10]
 [7.15241049e-04 6.19191320e-09 4.76783818e-10 5.18334264e-11
  5.82445203e-11 3.97228127e-07 3.38874018e-09 7.92269883e-10
  4.90688048e-08 1.15742979e-10]
 [7.05106090e-04 1.17752474e-11 1.53825519e-08 2.68279867e-08
  3.60742991e-08 2.37367414e-07 2.36504487e-10 5.71989123e-11
  5.88359296e-09 1.63451183e-10]
 [7.05104152e-04 1.04969811e-10 6.48987530e-10 2.70000102e-08
  1.53828326e-10 5.57399782e-11 1.14829183e-07 2.57382116e-10
  2.88769644e-09 1.50348622e-11]
 [7.05024297e-04 1.30469544e-07 4.29699118e-09 2.20246186e-08
  2.71800501e-09 8.50636601e-10 1.38842093e-11 4.24805211e-11
  5.05104106e-10 4.80573043e-10]
 [7.05355829e-04 5.79808689e-10 1.16783523e-08 1.23300562e-09
  3.19106885e-09 1.04128583e-09 3.91269954e-09 1.70683692e-10
  6.65512599e-10 2.93484265e-09]
 [7.04876606e-04 1.48721203e-08 5.27982737e-10 2.10207747e-08
  1.33871461e-08 1.78772533e-10 7.55973879e-09 4.83322988e-09
  7.14697426e-09 5.37631456e-09]
 [7.04825041e-04 3.14315431e-07 6.66810103e-10 2.24800516e-10
  4.62314442e-11 4.89618440e-10 4.58098658e-11 1.77193727e-08
  2.33141119e-10 1.37740110e-10]
 [7.04821812e-04 1.85245418e-08 7.88264189e-10 6.67401509e-10
  4.60946614e-10 3.72097499e-10 1.43463286e-09 1.12121714e-07
  1.09920854e-09 1.44648476e-10]]

