GLT vs LPD
X [  5.70584  68.47008 131.23432 193.99856 256.7628  319.52704 382.29128
 445.05552 507.81976 570.584  ]
Y [0.00684413 0.08212956 0.15741499 0.23270042 0.30798585 0.38327128
 0.45855671 0.53384214 0.60912757 0.684413  ]
[[8.64936979e-12 1.13441816e-11 5.14919153e-07 2.51353344e-09
  8.26806216e-10 6.72976112e-11 9.12229542e-08 3.48440404e-10
  1.08461435e-08 1.21857254e-11]
 [2.11500765e-11 2.48978616e-10 3.75539569e-10 2.28501567e-10
  2.37690689e-08 1.23824773e-09 1.32956944e-08 8.22175572e-09
  3.75667653e-09 9.93447213e-08]
 [1.19370306e-09 2.00677620e-07 2.45360967e-10 2.79352417e-09
  1.91403086e-09 4.32186401e-10 1.55290758e-09 5.95000825e-12
  3.07165384e-09 3.08336210e-08]
 [6.93334279e-11 6.60412975e-07 1.54033488e-07 2.19140281e-07
  1.36079426e-08 2.61408574e-08 8.39903667e-10 8.33263500e-08
  7.87003818e-08 4.02442808e-08]
 [8.08775928e-11 2.62195887e-09 1.81349756e-09 4.18798329e-11
  1.04544207e-06 2.07586837e-08 2.26843720e-09 8.07540479e-09
  6.73017295e-08 8.64398975e-08]
 [4.33044489e-10 1.51852685e-07 1.28891032e-07 1.56170187e-07
  1.54668050e-09 2.94769358e-06 1.68825520e-07 8.19299216e-07
  3.00350372e-07 1.58640126e-09]
 [4.48698710e-10 4.18186898e-08 3.86179977e-11 1.56201327e-07
  3.97696568e-07 3.08276919e-06 2.24467200e-06 2.11873892e-08
  1.17603029e-08 2.40902924e-08]
 [3.54517860e-09 9.24623702e-08 5.25116939e-09 3.60891281e-08
  1.52033918e-08 3.28165182e-07 3.24132959e-07 6.67794340e-09
  1.28297317e-08 4.27010607e-07]
 [7.63076935e-08 5.61703656e-07 1.35114451e-07 4.88828666e-09
  7.14449106e-07 1.96207639e-06 8.91500207e-10 1.47873066e-07
  5.63117948e-07 1.43039323e-06]
 [1.35201954e-11 6.39797478e-08 1.62065704e-07 6.36495767e-08
  2.18799868e-10 1.10218951e-07 5.53881652e-09 7.00215144e-08
  1.59604307e-07 3.04160940e-10]]

