GLT vs ATP_syn
X [  5.70584  68.47008 131.23432 193.99856 256.7628  319.52704 382.29128
 445.05552 507.81976 570.584  ]
Y [  10.8733  130.4796  250.0859  369.6922  489.2985  608.9048  728.5111
  848.1174  967.7237 1087.33  ]
[[1.57824044e-02 2.85315617e-08 7.96981906e-11 1.59865896e-09
  1.44576035e-11 1.69198110e-11 2.03674239e-08 3.34689186e-11
  1.42331652e-09 9.64111777e-12]
 [1.99603580e-02 5.33187872e-09 8.24034594e-10 1.38919567e-08
  8.28579871e-10 1.14502963e-08 8.46156131e-12 2.34536812e-09
  2.24675833e-11 8.56777149e-12]
 [2.20797935e-02 2.44272695e-09 2.23386066e-07 4.49904258e-10
  6.37723008e-11 8.59841087e-11 5.23211470e-08 7.31373850e-10
  5.34104922e-12 8.68322168e-12]
 [2.34107455e-02 1.26351996e-08 2.47909193e-08 2.75177880e-10
  1.72581791e-07 9.62518953e-12 9.32235666e-09 2.61984501e-09
  3.99819189e-10 1.42949829e-07]
 [2.40362053e-02 1.14928032e-06 2.61965249e-08 1.52469891e-10
  8.09367928e-08 6.19553013e-08 2.22820353e-07 3.18202185e-08
  7.16364701e-09 6.79918691e-10]
 [2.41679631e-02 3.60704735e-08 7.97603650e-12 2.72724204e-12
  6.30554567e-11 1.45445916e-10 1.25618141e-07 1.40127687e-09
  4.74101158e-09 1.24250237e-08]
 [2.40289561e-02 2.43172177e-07 1.98636834e-08 2.42082051e-09
  2.08261408e-10 3.18942751e-10 7.95071052e-10 4.55228025e-11
  1.82740090e-11 4.32977663e-08]
 [2.37820817e-02 8.08286404e-08 6.85563471e-10 7.87853012e-10
  2.48645549e-11 7.91010133e-08 1.81915669e-08 2.58278595e-10
  8.38920045e-11 6.02911010e-09]
 [2.35166097e-02 1.16601928e-09 4.14756021e-08 7.60902452e-12
  3.73694777e-08 8.22003354e-09 6.33603347e-10 1.03978560e-10
  5.82263127e-11 9.35017663e-09]
 [2.32897439e-02 1.29507106e-10 3.46844180e-08 5.00067201e-08
  1.81186621e-10 1.29851293e-07 6.74871523e-08 3.60278798e-08
  5.82051598e-10 7.56803509e-11]]

