LPD vs GDH
X [0.00684413 0.08212956 0.15741499 0.23270042 0.30798585 0.38327128
 0.45855671 0.53384214 0.60912757 0.684413  ]
Y [ 0.866573 10.398876 19.931179 29.463482 38.995785 48.528088 58.060391
 67.592694 77.124997 86.6573  ]
[[6.71160571e-04 2.40263134e-08 2.49300343e-08 9.28777943e-10
  1.53783373e-07 3.70015583e-10 3.54477530e-09 2.40141387e-09
  5.31271030e-11 8.33791495e-11]
 [7.26524104e-04 3.49872593e-08 3.21169868e-09 5.82234127e-07
  1.36749456e-09 1.23397330e-09 2.95245646e-10 1.25598130e-09
  2.07573070e-09 2.22394845e-07]
 [6.80946497e-04 2.07416307e-09 3.74887391e-09 8.79372948e-10
  1.05049667e-07 1.39703933e-08 8.98678793e-09 1.22812539e-09
  7.69244554e-10 1.08648184e-07]
 [6.81098701e-04 7.39369093e-07 1.78712843e-10 2.40994132e-09
  4.18673630e-07 6.00516808e-11 2.76316175e-07 2.55832120e-09
  1.32183153e-12 1.55179134e-08]
 [6.81169251e-04 1.40356651e-11 1.57111398e-07 2.00834238e-10
  5.64952177e-10 8.99925441e-12 4.34609541e-10 2.18744354e-09
  2.11489919e-07 1.58508136e-08]
 [6.81215008e-04 1.83351905e-08 1.68193238e-09 3.92323752e-09
  7.42859611e-10 8.22327317e-09 9.73816257e-12 4.60777787e-08
  7.55206406e-11 3.27468364e-09]
 [6.81244395e-04 3.55847430e-09 1.96257712e-09 1.97554505e-09
  1.84804096e-09 1.18346561e-07 5.17275065e-10 1.89229256e-12
  5.41787553e-08 4.27198523e-07]
 [6.81266911e-04 6.45068665e-10 3.14548196e-10 4.45016975e-07
  3.37122598e-09 4.69362822e-08 2.30292226e-09 1.39187777e-08
  3.86156617e-10 1.06562817e-06]
 [6.81620827e-04 1.51652892e-10 3.16402955e-08 6.92876449e-07
  1.49367433e-06 3.06594197e-11 3.34872095e-09 2.15095428e-09
  1.77865656e-09 5.09801645e-09]
 [7.20463515e-04 3.20171480e-08 3.51969288e-10 1.54184666e-07
  3.85330519e-10 1.67608061e-09 7.84444092e-07 4.31437264e-09
  6.69657216e-08 5.93577920e-08]]

