CITRA_SYN vs ATP_syn
X [ 0.4  4.8  9.2 13.6 18.  22.4 26.8 31.2 35.6 40. ]
Y [  10.8733  130.4796  250.0859  369.6922  489.2985  608.9048  728.5111
  848.1174  967.7237 1087.33  ]
[[1.09073887e-02 2.36868219e-10 1.40806627e-09 8.98094793e-11
  9.78686850e-10 4.48964421e-10 5.90127561e-10 3.87134343e-10
  1.21191057e-10 6.53513979e-11]
 [1.94129025e-02 1.92256907e-07 5.22140360e-08 2.49551866e-08
  7.35885752e-09 1.29314759e-09 3.21902687e-11 3.49345117e-09
  3.36414909e-10 4.37701438e-12]
 [1.85627934e-02 7.86288610e-08 1.59418832e-12 1.46889567e-08
  1.03726376e-08 8.16972734e-09 8.72044190e-12 1.45192710e-07
  9.80525210e-12 8.22047438e-12]
 [1.78477290e-02 4.99874813e-08 7.50501949e-12 5.03125444e-11
  3.95335502e-10 2.30446189e-08 2.00947851e-08 7.75029867e-12
  1.00900367e-08 1.77419169e-10]
 [1.73444060e-02 3.33904016e-11 7.46137604e-10 6.44460052e-10
  1.74468258e-08 2.49078163e-08 2.58294768e-09 2.21629635e-09
  1.25514632e-09 1.89039721e-11]
 [1.69832486e-02 9.12801046e-10 3.46920558e-09 2.80442730e-12
  1.76031196e-08 3.82270599e-08 1.63168431e-10 2.32098739e-08
  1.23211186e-08 3.43963652e-07]
 [1.67145621e-02 2.48339727e-09 1.87460734e-09 6.33545599e-10
  6.04259351e-09 5.31667770e-09 4.05796011e-09 1.96605440e-09
  2.66212824e-11 3.71124468e-10]
 [1.65078892e-02 3.14198711e-09 4.52239313e-09 9.59375690e-10
  1.31759763e-09 5.05088770e-10 3.28278990e-08 2.08428081e-10
  6.98649853e-09 3.59499396e-08]
 [1.63447238e-02 9.23341416e-11 6.39404220e-08 8.33264749e-10
  5.01044145e-10 7.00899633e-11 1.48996195e-08 1.13920603e-11
  2.65881485e-10 2.38971863e-09]
 [1.62121067e-02 1.50242591e-09 1.37073075e-07 8.84988458e-09
  4.53862339e-10 1.64842340e-09 2.56253982e-09 1.08857796e-07
  4.31086156e-12 4.56763864e-08]]

