GDH vs ATP_syn
X [ 0.866573 10.398876 19.931179 29.463482 38.995785 48.528088 58.060391
 67.592694 77.124997 86.6573  ]
Y [  10.8733  130.4796  250.0859  369.6922  489.2985  608.9048  728.5111
  848.1174  967.7237 1087.33  ]
[[1.32775168e-02 7.70036798e-04 8.82750633e-04 9.45789557e-04
  9.81484049e-04 1.01023858e-03 1.11928427e-03 1.05156642e-03
  1.07019985e-03 1.08408897e-03]
 [1.97643810e-02 6.92092954e-12 1.86505629e-08 8.37938315e-08
  9.87304749e-09 9.07605102e-11 2.08454827e-07 6.31521946e-10
  2.59495316e-08 2.21535971e-07]
 [2.05044443e-02 8.01513318e-08 2.95928976e-09 2.51301328e-10
  4.97963435e-11 1.34756661e-08 1.99058869e-10 4.47699655e-11
  6.63809719e-12 5.03379846e-11]
 [2.06483873e-02 1.36308922e-08 4.73950150e-08 2.10724705e-10
  5.09323694e-10 2.32014541e-09 1.70210581e-08 2.11666549e-07
  1.30103834e-07 1.91279341e-08]
 [2.05485863e-02 9.31628108e-11 8.69647819e-12 5.49778889e-10
  4.78631437e-08 5.39173350e-09 1.90411965e-11 1.01223607e-08
  9.45623069e-09 1.25863833e-08]
 [2.03253939e-02 2.65880976e-07 4.19052558e-10 5.77076165e-11
  3.79539211e-08 1.36389837e-08 9.40344469e-10 6.70530298e-09
  8.19917623e-09 1.34557761e-07]
 [2.00311387e-02 8.07650853e-08 2.55293564e-11 2.16715534e-11
  4.79544616e-11 2.34634832e-08 2.12252326e-10 5.55509993e-09
  5.13772884e-08 1.94501837e-11]
 [1.96938809e-02 2.18967506e-09 6.71351352e-09 3.78333733e-08
  8.54053995e-10 1.40338243e-08 4.61787056e-10 2.06976374e-08
  5.49279937e-08 2.06532619e-09]
 [1.93247951e-02 6.86832502e-08 1.17790817e-07 7.49511544e-12
  4.29301950e-09 7.48473803e-07 2.58252230e-11 2.29200230e-08
  1.43100798e-08 1.39445266e-08]
 [1.89371886e-02 1.59838294e-08 6.39248162e-10 3.58639647e-10
  1.03279255e-11 1.06692057e-11 4.39605463e-10 7.15799782e-08
  1.14153131e-11 8.02434341e-09]]

