CITRA_SYN vs ZWF
X [ 0.4  4.8  9.2 13.6 18.  22.4 26.8 31.2 35.6 40. ]
Y [0.02658 0.31896 0.61134 0.90372 1.1961  1.48848 1.78086 2.07324 2.36562
 2.658  ]
[[5.33719291e-10 2.77258431e-10 3.86951238e-08 5.62415448e-10
  2.19299712e-07 5.15967147e-08 5.94629679e-10 1.01870040e-11
  4.50125981e-09 5.63578840e-07]
 [4.48278185e-10 7.03280323e-08 1.23171790e-09 2.67538836e-09
  6.79696299e-11 2.23791423e-08 7.72882163e-08 5.55358146e-08
  1.08687117e-08 1.47047968e-09]
 [1.23744459e-09 6.15939943e-09 2.07291568e-08 4.40940173e-10
  6.10715922e-11 2.58754035e-11 7.70319120e-09 7.56418211e-09
  4.44203387e-11 1.42254916e-09]
 [4.69119220e-09 8.83350314e-12 4.00033406e-09 4.79816696e-07
  3.90049807e-09 2.27508115e-08 1.77190414e-07 7.60807214e-07
  3.68540587e-09 2.14469468e-09]
 [4.36234883e-11 2.28187980e-09 3.44038242e-09 7.95904720e-09
  2.44483663e-10 8.34745104e-09 7.36516650e-10 2.77178928e-09
  1.13702556e-10 1.02925299e-07]
 [2.26424382e-10 5.99392092e-10 2.64454814e-09 8.29191661e-11
  8.80919734e-09 3.74180983e-08 7.26273793e-09 2.27282564e-09
  7.46419819e-09 2.14220346e-07]
 [2.75406364e-11 7.06932120e-11 4.00737176e-11 3.14835667e-09
  1.55821382e-09 6.38626223e-09 2.46094285e-10 4.01235614e-08
  7.52591993e-10 1.11726815e-09]
 [2.92296907e-08 7.27174409e-09 7.55312025e-09 8.29071383e-09
  5.54939882e-09 9.22444416e-10 2.31379190e-09 1.48182168e-10
  5.70456821e-08 3.82554336e-11]
 [1.13148024e-11 4.29256334e-10 1.87532002e-09 8.55854754e-09
  5.89746288e-10 1.95326597e-09 3.89897973e-08 2.65190890e-11
  5.66827102e-10 2.38383538e-09]
 [1.99255637e-07 4.82228788e-09 1.69210857e-10 1.65744459e-07
  4.66468576e-09 2.71611838e-09 2.50134003e-10 2.23522515e-09
  2.31667382e-10 3.54109331e-10]]

