ATP_syn vs ACEA
X [  10.8733  130.4796  250.0859  369.6922  489.2985  608.9048  728.5111
  848.1174  967.7237 1087.33  ]
Y [ 0.152595  1.83114   3.509685  5.18823   6.866775  8.54532  10.223865
 11.90241  13.580955 15.2595  ]
[[1.92888004e-02 1.94601174e-02 1.93149752e-02 1.91873984e-02
  1.90886867e-02 1.90121012e-02 1.89517173e-02 1.89028546e-02
  1.88627393e-02 1.88292200e-02]
 [1.09347533e-06 1.95152592e-11 3.70388165e-11 2.30076398e-09
  1.02703466e-07 2.74082900e-10 3.28783027e-09 8.82195121e-08
  7.66834363e-12 2.45639509e-10]
 [1.36739509e-11 8.08581649e-10 8.77119977e-09 2.87691370e-10
  3.72278270e-08 1.44171931e-07 1.80398503e-09 3.39208182e-08
  5.08785585e-08 2.05182515e-09]
 [3.26052923e-07 2.79715188e-11 2.73050316e-09 4.07972414e-11
  1.47251700e-09 2.69575016e-08 1.02244160e-08 2.31714647e-11
  2.92584790e-08 5.69000394e-12]
 [3.25692140e-10 4.94836616e-10 2.70528933e-10 4.33523287e-10
  1.50010773e-08 1.21668453e-10 6.25862895e-09 4.41734483e-12
  4.08899867e-08 1.17946664e-08]
 [7.37270913e-11 7.55264953e-08 5.96916547e-11 8.83118496e-10
  3.06010723e-08 1.28817348e-08 7.87927501e-11 1.84408044e-12
  2.24502303e-10 3.97326255e-06]
 [1.46727985e-09 1.64543259e-10 8.42664671e-09 6.26436445e-08
  8.97207620e-10 2.84260393e-10 3.30664614e-07 3.48241912e-11
  7.93161092e-11 2.01308701e-11]
 [5.85988610e-10 1.61671403e-08 6.16768414e-10 4.52002685e-11
  1.48128176e-11 7.94958960e-10 2.36505793e-08 1.89441374e-07
  7.77596043e-12 5.00954833e-12]
 [9.47540050e-11 5.47490135e-08 7.18980147e-08 1.91454300e-11
  2.80830736e-10 5.16054876e-10 7.68403763e-09 3.42879500e-08
  4.25591073e-09 8.41865146e-08]
 [1.63706180e-08 1.57946471e-10 1.14531351e-08 8.61554170e-11
  6.41588811e-08 7.08140657e-09 3.82195074e-11 3.67054405e-08
  2.83703302e-09 5.60428370e-10]]

