GLT vs ATP_MAINTENANCE
X [  5.70584  68.47008 131.23432 193.99856 256.7628  319.52704 382.29128
 445.05552 507.81976 570.584  ]
Y [ 0.130166  1.561992  2.993818  4.425644  5.85747   7.289296  8.721122
 10.152948 11.584774 13.0166  ]
[[9.30657848e-02 2.47504318e-09 9.57254930e-12 7.00782791e-11
  8.41757960e-10 4.59420179e-08 2.58282027e-09 3.43284623e-09
  4.00854186e-09 4.36126241e-11]
 [9.29638910e-02 9.95372673e-10 9.45864076e-09 3.46901641e-09
  2.20636567e-08 2.35384630e-08 1.83251571e-10 6.17544820e-11
  8.13745960e-10 5.20908836e-10]
 [9.28537392e-02 1.08314075e-10 8.04735500e-09 6.90006637e-11
  4.97467219e-08 8.36851966e-09 2.72461791e-10 2.02569164e-08
  1.47368131e-08 9.20579820e-10]
 [9.27339895e-02 4.20564104e-12 1.59508518e-09 9.61356192e-08
  3.11255386e-08 1.71182859e-08 2.28469808e-08 2.27285919e-08
  1.49052526e-08 2.08637169e-06]
 [9.26030244e-02 1.37730817e-08 1.32803334e-11 6.71707134e-12
  3.33676065e-08 7.81872567e-09 1.59113434e-09 3.79825189e-08
  8.13882295e-11 1.45773870e-11]
 [9.24589205e-02 1.10799907e-09 1.97765882e-08 6.04395227e-08
  2.00596872e-09 3.59775365e-09 9.94782154e-08 9.25730474e-08
  1.00609436e-08 1.84060582e-08]
 [9.22990635e-02 6.28174979e-09 1.95709307e-08 4.41315066e-09
  1.45123184e-11 6.82356376e-11 7.58354801e-09 3.35097788e-10
  4.36723546e-10 1.59193152e-08]
 [9.21201629e-02 4.41784325e-09 7.11093406e-10 6.00317539e-12
  2.14562933e-11 8.07616491e-11 3.64555505e-08 3.32853068e-11
  1.10044907e-09 9.86489557e-09]
 [9.19177418e-02 1.24501678e-07 8.19518000e-09 2.86398918e-09
  4.19493097e-10 2.30899394e-08 4.86954366e-11 4.50035217e-11
  5.66709263e-08 1.25104354e-11]
 [9.16856413e-02 2.90273600e-07 8.77803039e-12 5.66868236e-09
  8.88002692e-11 7.52671446e-09 3.06434531e-11 9.41524725e-09
  3.70052912e-11 7.52276488e-11]]

