LPD vs ZWF
X [0.00684413 0.08212956 0.15741499 0.23270042 0.30798585 0.38327128
 0.45855671 0.53384214 0.60912757 0.684413  ]
Y [0.02658 0.31896 0.61134 0.90372 1.1961  1.48848 1.78086 2.07324 2.36562
 2.658  ]
[[3.94577494e-07 1.47926401e-07 6.68775413e-09 1.51456191e-08
  4.75674556e-09 1.34863976e-10 7.02125178e-08 3.49731685e-11
  1.48203239e-07 7.96861022e-09]
 [6.02070638e-09 7.25461913e-11 8.82660887e-08 3.13902079e-07
  1.47715384e-07 1.37166593e-07 5.47856893e-11 1.38269162e-07
  6.52633554e-08 1.96256025e-09]
 [4.81511786e-09 1.09942411e-09 1.13061669e-09 9.43257508e-08
  1.26901982e-08 7.62031695e-12 1.87249217e-10 6.18218037e-08
  4.80407526e-09 6.58986865e-10]
 [2.20674590e-11 5.29071991e-08 3.65342223e-09 5.07317723e-08
  6.14133524e-12 1.41592096e-07 1.64051927e-10 1.17780784e-06
  4.75904050e-09 3.62878674e-08]
 [1.71397334e-07 4.39528991e-09 4.24083209e-08 3.81229395e-09
  3.01077375e-10 7.74004718e-08 1.04331395e-08 4.92689538e-07
  1.59477451e-06 3.82815850e-07]
 [6.61413146e-11 3.48582901e-07 3.95121044e-10 1.22858092e-09
  8.97307346e-08 2.59216509e-07 9.91740023e-11 1.64117606e-08
  5.24781729e-09 1.59663582e-10]
 [1.37818523e-09 1.19369899e-10 1.17570398e-11 2.44418357e-08
  9.17290262e-09 3.56235765e-08 1.38997787e-08 7.35228424e-12
  1.73553989e-07 5.43244316e-08]
 [1.99653860e-06 4.25712798e-11 4.64762646e-07 9.87487181e-09
  4.81678293e-09 5.18423560e-08 1.28051208e-07 8.40264969e-09
  1.40472650e-08 2.19325712e-06]
 [1.46350199e-09 1.54604884e-08 8.56849690e-11 3.49482552e-11
  3.94505321e-09 4.30040539e-10 7.10189352e-09 5.61968447e-08
  1.07938347e-06 8.79296128e-10]
 [6.14364470e-09 1.20266593e-07 7.15316695e-12 1.74662675e-08
  4.53888166e-09 1.59011209e-07 4.99957054e-09 4.67702574e-07
  3.82717953e-07 4.26340940e-09]]

