LPD vs ACEA
X [0.00684413 0.08212956 0.15741499 0.23270042 0.30798585 0.38327128
 0.45855671 0.53384214 0.60912757 0.684413  ]
Y [ 0.152595  1.83114   3.509685  5.18823   6.866775  8.54532  10.223865
 11.90241  13.580955 15.2595  ]
[[9.94075057e-09 6.81327382e-11 4.44544834e-08 7.27210359e-09
  7.51962530e-08 6.31688030e-09 5.22531073e-09 3.45875628e-08
  1.90199470e-08 5.11772424e-09]
 [6.46888099e-10 4.22929617e-11 7.61123542e-09 5.20391604e-07
  3.30268711e-11 1.34382551e-07 1.38990612e-09 5.95357557e-08
  3.52667184e-09 5.38891529e-08]
 [3.31497306e-07 2.44328967e-11 7.71882935e-09 1.57373537e-07
  9.62336396e-10 8.16116227e-07 1.76243762e-10 1.87891880e-09
  3.99933913e-10 6.55886514e-11]
 [1.46934806e-09 7.92593990e-09 3.53276910e-08 4.37837360e-08
  1.21978760e-08 6.21945915e-10 5.40943622e-09 9.46295591e-11
  8.21192090e-08 8.18468715e-09]
 [8.60111290e-11 6.37669146e-07 2.16430478e-08 3.37639683e-11
  4.00834654e-08 3.32483786e-07 5.36579226e-11 2.51830097e-11
  3.17249365e-07 5.00909314e-10]
 [7.52048424e-08 1.22174788e-07 1.30693101e-07 1.04190936e-09
  1.04401578e-08 1.16626356e-07 2.37094617e-09 8.02049705e-07
  3.46377051e-08 3.92307383e-10]
 [1.10933016e-10 3.38539008e-08 9.91134809e-11 4.80022688e-11
  8.81262174e-10 7.44729590e-10 4.38725291e-10 2.87602444e-10
  1.82644307e-07 2.07976347e-09]
 [2.93869131e-08 1.79578841e-07 1.52780243e-10 3.57937635e-07
  2.00771324e-09 4.09725763e-11 8.17561729e-09 6.31361630e-12
  3.93923118e-10 3.25382473e-09]
 [3.34182875e-10 8.64619265e-10 6.11044348e-09 8.65815930e-08
  2.28397619e-08 8.02268470e-11 2.26885348e-08 7.94261323e-10
  3.54042173e-09 4.56896831e-09]
 [1.19823642e-07 4.29500879e-12 6.55275834e-12 1.94743945e-09
  1.55238629e-08 3.29678318e-07 3.73470144e-11 2.43441567e-09
  3.09432896e-09 4.52949806e-10]]

