0.000000 349 1 0
-0.015614 348 2 0
-0.021075 347 3 0
-0.023841 346 4 0
-0.024819 345 5 0
-0.025547 344 6 0
-0.042749 343 7 0
-0.042910 342 8 0
-0.044342 341 9 0
-0.046520 341 8 1
-0.054959 340 9 1
-0.058886 339 10 1
-0.060099 338 11 1
-0.064964 337 12 1
-0.072368 336 13 1
-0.072376 335 14 1
-0.072737 334 15 1
-0.073036 333 16 1
-0.073150 332 17 1
-0.074100 331 18 1
-0.077909 330 19 1
-0.078075 329 20 1
-0.079726 328 21 1
-0.080526 327 22 1
-0.081448 326 23 1
-0.084131 326 22 2
-0.084843 325 23 2
-0.088836 324 24 2
-0.090453 323 25 2
-0.090694 322 26 2
-0.091164 321 27 2
-0.092124 320 28 2
-0.093042 319 29 2
-0.093505 318 30 2
-0.097652 317 31 2
-0.098234 316 32 2
-0.098263 315 33 2
-0.098778 314 34 2
-0.099633 313 35 2
-0.101614 312 36 2
-0.101883 311 37 2
-0.102981 310 38 2
-0.103485 309 39 2
-0.104015 308 40 2
-0.104171 307 41 2
-0.104694 306 42 2
-0.104788 305 43 2
-0.105761 304 44 2
-0.106963 303 45 2
-0.107070 303 44 3
-0.108321 302 45 3
-0.108532 301 46 3
-0.108722 300 47 3
-0.108724 299 48 3
-0.110024 298 49 3
-0.111009 297 50 3
-0.111318 296 51 3
-0.111616 295 52 3
-0.111691 295 51 4
-0.114472 294 52 4
-0.115738 293 53 4
-0.115796 292 54 4
-0.117459 291 55 4
-0.119450 290 56 4
-0.119508 289 57 4
-0.119890 288 58 4
-0.120520 287 59 4
-0.120819 286 60 4
-0.121221 285 61 4
-0.122209 284 62 4
-0.123351 283 63 4
-0.123424 283 62 5
-0.123506 282 63 5
-0.123790 281 64 5
-0.124066 280 65 5
-0.124254 279 66 5
-0.125078 278 67 5
-0.125434 277 68 5
-0.126516 276 69 5
-0.127146 275 70 5
-0.127378 274 71 5
-0.127951 273 72 5
-0.128305 272 73 5
-0.128309 271 74 5
-0.128910 270 75 5
-0.129181 269 76 5
-0.129740 268 77 5
-0.130172 267 78 5
-0.130201 266 79 5
-0.130564 265 80 5
-0.130652 264 81 5
-0.130713 263 82 5
-0.131507 262 83 5
-0.131708 261 84 5
-0.131958 261 83 6
-0.132158 260 84 6
-0.132164 259 85 6
-0.132251 258 86 6
-0.132511 257 87 6
-0.132998 256 88 6
-0.133340 255 89 6
-0.133455 254 90 6
-0.133558 253 91 6
-0.133851 252 92 6
-0.134330 251 93 6
-0.134691 250 94 6
-0.135027 249 95 6
-0.135487 248 96 6
-0.136438 247 97 6
-0.136689 246 98 6
-0.136726 245 99 6
-0.136830 244 100 6
-0.138475 243 101 6
-0.139270 242 102 6
-0.139330 241 103 6
-0.140157 240 104 6
-0.140573 239 105 6
-0.140611 238 106 6
-0.141079 237 107 6
-0.141331 236 108 6
-0.141911 235 109 6
-0.141973 234 110 6
-0.142020 233 111 6
-0.142327 232 112 6
-0.142374 231 113 6
-0.142763 230 114 6
-0.142764 229 115 6
-0.143336 228 116 6
-0.143639 227 117 6
-0.143657 226 118 6
-0.143687 225 119 6
-0.143714 224 120 6
-0.143998 223 121 6
-0.144304 222 122 6
-0.144851 221 123 6
-0.145352 220 124 6
-0.145377 219 125 6
-0.145506 218 126 6
-0.146633 217 127 6
-0.146934 216 128 6
-0.147306 215 129 6
-0.148024 214 130 6
-0.148171 213 131 6
-0.148803 212 132 6
-0.148832 211 133 6
-0.149178 210 134 6
-0.149702 209 135 6
-0.149886 208 136 6
-0.150011 207 137 6
-0.150223 206 138 6
-0.150299 205 139 6
-0.150747 204 140 6
-0.150991 203 141 6
-0.151029 202 142 6
-0.152046 201 143 6
-0.152486 200 144 6
-0.152502 199 145 6
-0.152565 198 146 6
-0.152689 197 147 6
-0.152742 196 148 6
-0.153172 195 149 6
-0.153870 194 150 6
-0.154028 193 151 6
-0.154410 192 152 6
-0.154481 191 153 6
-0.155075 190 154 6
-0.155540 189 155 6
-0.155868 188 156 6
-0.156103 187 157 6
-0.156686 186 158 6
-0.156730 185 159 6
-0.157093 184 160 6
-0.157612 183 161 6
-0.157707 182 162 6
-0.157873 181 163 6
-0.157949 180 164 6
-0.158309 179 165 6
-0.159043 178 166 6
-0.159647 177 167 6
-0.159682 176 168 6
-0.160158 175 169 6
-0.160411 174 170 6
-0.160415 173 171 6
-0.160622 172 172 6
-0.161003 171 173 6
-0.161167 170 174 6
-0.161266 169 175 6
-0.161595 168 176 6
-0.161607 167 177 6
-0.162431 166 178 6
-0.162763 165 179 6
-0.162781 164 180 6
-0.163460 163 181 6
-0.163622 162 182 6
-0.163782 161 183 6
-0.163901 160 184 6
-0.164597 159 185 6
-0.164961 158 186 6
-0.165574 157 187 6
-0.166216 156 188 6
-0.166431 155 189 6
-0.166479 154 190 6
-0.166929 153 191 6
-0.167232 152 192 6
-0.167677 151 193 6
-0.167899 150 194 6
-0.168939 149 195 6
-0.169214 148 196 6
-0.169591 148 195 7
-0.169700 147 196 7
-0.169709 146 197 7
-0.169738 145 198 7
-0.170285 144 199 7
-0.170921 143 200 7
-0.171083 142 201 7
-0.171332 141 202 7
-0.171508 140 203 7
-0.171538 139 204 7
-0.171979 138 205 7
-0.172186 137 206 7
-0.172534 136 207 7
-0.172662 135 208 7
-0.172818 134 209 7
-0.172940 133 210 7
-0.173794 132 211 7
-0.173839 131 212 7
-0.173892 130 213 7
-0.174989 129 214 7
-0.174997 128 215 7
-0.175025 127 216 7
-0.175140 126 217 7
-0.175432 125 218 7
-0.175659 124 219 7
-0.175989 123 220 7
-0.176018 122 221 7
-0.176347 121 222 7
-0.176506 120 223 7
-0.176713 119 224 7
-0.176873 118 225 7
-0.177191 117 226 7
-0.177595 116 227 7
-0.178081 115 228 7
-0.178706 114 229 7
-0.179107 113 230 7
-0.179262 112 231 7
-0.180121 111 232 7
-0.181088 110 233 7
-0.181460 109 234 7
-0.181703 108 235 7
-0.181733 107 236 7
-0.181965 106 237 7
-0.182063 105 238 7
-0.182125 104 239 7
-0.182688 103 240 7
-0.183336 102 241 7
-0.183824 101 242 7
-0.183867 100 243 7
-0.183890 99 244 7
-0.184042 98 245 7
-0.184245 97 246 7
-0.184348 96 247 7
-0.185389 95 248 7
-0.185509 94 249 7
-0.185563 93 250 7
-0.185587 92 251 7
-0.186385 91 252 7
-0.186934 90 253 7
-0.188094 89 254 7
-0.188259 88 255 7
-0.188323 87 256 7
-0.188499 86 257 7
-0.188779 85 258 7
-0.189720 84 259 7
-0.190344 83 260 7
-0.191036 82 261 7
-0.191053 81 262 7
-0.191611 80 263 7
-0.191754 80 262 8
-0.192230 79 263 8
-0.192529 78 264 8
-0.192642 77 265 8
-0.192970 76 266 8
-0.193634 75 267 8
-0.193922 74 268 8
-0.194556 73 269 8
-0.194915 72 270 8
-0.196071 71 271 8
-0.197338 70 272 8
-0.197400 69 273 8
-0.197562 68 274 8
-0.197598 67 275 8
-0.197775 66 276 8
-0.197967 65 277 8
-0.198145 64 278 8
-0.198423 63 279 8
-0.199180 62 280 8
-0.199258 61 281 8
-0.200080 60 282 8
-0.200174 59 283 8
-0.201065 58 284 8
-0.201097 57 285 8
-0.201435 56 286 8
-0.201441 55 287 8
-0.201483 54 288 8
-0.201978 53 289 8
-0.201987 52 290 8
-0.201995 52 289 9
-0.202423 51 290 9
-0.202505 50 291 9
-0.203496 49 292 9
-0.204740 48 293 9
-0.204764 47 294 9
-0.205230 46 295 9
-0.205603 45 296 9
-0.205795 45 295 10
-0.206012 44 296 10
-0.207723 43 297 10
-0.209235 42 298 10
-0.211912 41 299 10
-0.211914 40 300 10
-0.214086 39 301 10
-0.216245 38 302 10
-0.218074 37 303 10
-0.219035 36 304 10
-0.219081 35 305 10
-0.219204 34 306 10
-0.220590 33 307 10
-0.221319 32 308 10
-0.222478 31 309 10
-0.223415 30 310 10
-0.223555 29 311 10
-0.223911 28 312 10
-0.224745 27 313 10
-0.224784 26 314 10
-0.225556 25 315 10
-0.225719 24 316 10
-0.225746 23 317 10
-0.226032 22 318 10
-0.227687 21 319 10
-0.227891 20 320 10
-0.229161 20 319 11
-0.229477 19 320 11
-0.230297 18 321 11
-0.234400 17 322 11
-0.238334 16 323 11
-0.238743 15 324 11
-0.239475 14 325 11
-0.239794 13 326 11
-0.240050 13 325 12
-0.242427 12 326 12
-0.242822 11 327 12
-0.243039 11 326 13
-0.244481 11 325 14
-0.246362 11 324 15
-0.247197 10 325 15
-0.247313 10 324 16
-0.248489 10 323 17
-0.252732 9 324 17
-0.255816 8 325 17
-0.257866 7 326 17
-0.258543 6 327 17
-0.258837 6 326 18
-0.259136 5 327 18
-0.260442 5 326 19
-0.261901 5 325 20
-0.267673 4 326 20
-0.268950 4 325 21
-0.270400 4 324 22
-0.279509 3 325 22
-0.285546 3 324 23
-0.289569 3 323 24
-0.290057 2 324 24
-0.297220 1 325 24
-0.301973 1 324 25
-0.313348 1 323 26
-0.316490 1 322 27
-0.323074 1 321 28
-0.332798 1 320 29
-0.335231 1 319 30
-0.346967 1 318 31
-0.349526 1 317 32
-0.357887 1 316 33
-0.368787 1 315 34
-0.382318 1 314 35
-0.387232 1 313 36
-0.392572 1 312 37
-0.396093 1 311 38
-0.399623 1 310 39
-0.410279 1 309 40
-0.417019 1 308 41
-0.423263 1 307 42
-0.427141 1 306 43
-0.449184 1 305 44
-0.452834 0 306 44
-0.471993 0 305 45
-0.475803 0 304 46
-0.484449 0 303 47
-0.486299 0 302 48
-0.491310 0 301 49
-0.494507 0 300 50
-0.500637 0 299 51
-0.503619 0 298 52
-0.505727 0 297 53
-0.505752 0 296 54
-0.511896 0 295 55
-0.532530 0 294 56
-0.544981 0 293 57
-0.551807 0 292 58
-0.565772 0 291 59
-0.580094 0 290 60
-0.582397 0 289 61
-0.589732 0 288 62
-0.592410 0 287 63
-0.615934 0 286 64
-0.629472 0 285 65
-0.643246 0 284 66
-0.645614 0 283 67
-0.653176 0 282 68
-0.666038 0 281 69
-0.673701 0 280 70
-0.675300 0 279 71
-0.681171 0 278 72
-0.681534 0 277 73
-0.716044 0 276 74
-0.719030 0 275 75
-0.756854 0 274 76
-0.764257 0 273 77
-0.766717 0 272 78
-0.766754 0 271 79
-0.773662 0 270 80
-0.779214 0 269 81
-0.784395 0 268 82
-0.785427 0 267 83
-0.786490 0 266 84
-0.799801 0 265 85
-0.805359 0 264 86
-0.806189 0 263 87
-0.817245 0 262 88
-0.820454 0 261 89
-0.820936 0 260 90
-0.836178 0 259 91
-0.857524 0 258 92
-0.869807 0 257 93
-0.874051 0 256 94
-0.874958 0 255 95
-0.876399 0 254 96
-0.877236 0 253 97
-0.877765 0 252 98
-0.878439 0 251 99
-0.903090 0 250 100
-0.910847 0 249 101
-0.920260 0 248 102
-0.934200 0 247 103
-0.942255 0 246 104
-0.948440 0 245 105
-0.952313 0 244 106
-0.967934 0 243 107
-0.975032 0 242 108
-0.988044 0 241 109
-0.988253 0 240 110
-0.990892 0 239 111
-1.000658 0 238 112
-1.046248 0 237 113
-1.051840 0 236 114
-1.057847 0 235 115
-1.063627 0 234 116
-1.066104 0 233 117
-1.073885 0 232 118
-1.082183 0 231 119
-1.086232 0 230 120
-1.087202 0 229 121
-1.123815 0 228 122
-1.128249 0 227 123
-1.128468 0 226 124
-1.140251 0 225 125
-1.145511 0 224 126
-1.146798 0 223 127
-1.147548 0 222 128
-1.148104 0 221 129
-1.150428 0 220 130
-1.153971 0 219 131
-1.168665 0 218 132
-1.172185 0 217 133
-1.174981 0 216 134
-1.189743 0 215 135
-1.199771 0 214 136
-1.205881 0 213 137
-1.213987 0 212 138
-1.259903 0 211 139
-1.260761 0 210 140
-1.264109 0 209 141
-1.278475 0 208 142
-1.301495 0 207 143
-1.305591 0 206 144
-1.316195 0 205 145
-1.337656 0 204 146
-1.338722 0 203 147
-1.347734 0 202 148
-1.354493 0 201 149
-1.361953 0 200 150
-1.362983 0 199 151
-1.376028 0 198 152
-1.385707 0 197 153
-1.398071 0 196 154
-1.398329 0 195 155
-1.399811 0 194 156
-1.408281 0 193 157
-1.416639 0 192 158
-1.421107 0 191 159
-1.427726 0 190 160
-1.440214 0 189 161
-1.440309 0 188 162
-1.460324 0 187 163
-1.485442 0 186 164
-1.493192 0 185 165
-1.498030 0 184 166
-1.500020 0 183 167
-1.501832 0 182 168
-1.502228 0 181 169
-1.504208 0 180 170
-1.506486 0 179 171
-1.511566 0 178 172
-1.515351 0 177 173
-1.534529 0 176 174
-1.535591 0 175 175
-1.536569 0 174 176
-1.536713 0 173 177
-1.557340 0 172 178
-1.565022 0 171 179
-1.571768 0 170 180
-1.589596 0 169 181
-1.592711 0 168 182
-1.596811 0 167 183
-1.599966 0 166 184
-1.611330 0 165 185
-1.614354 0 164 186
-1.616083 0 163 187
-1.631930 0 162 188
-1.651857 0 161 189
-1.656552 0 160 190
-1.661438 0 159 191
-1.670805 0 158 192
-1.690797 0 157 193
-1.709979 0 156 194
-1.713013 0 155 195
-1.731577 0 154 196
-1.765634 0 153 197
-1.782167 0 152 198
-1.811846 0 151 199
-1.836215 0 150 200
-1.859964 0 149 201
-1.860048 0 148 202
-1.888929 0 147 203
-1.891741 0 146 204
-1.894174 0 145 205
-1.898089 0 144 206
-1.962639 0 143 207
-1.975735 0 142 208
-2.005350 0 141 209
-2.006140 0 140 210
-2.010414 0 139 211
-2.010781 0 138 212
-2.049570 0 137 213
-2.076286 0 136 214
-2.083961 0 135 215
-2.096493 0 134 216
-2.114148 0 133 217
-2.131634 0 132 218
-2.176820 0 131 219
-2.188035 0 130 220
-2.211432 0 129 221
-2.227328 0 128 222
-2.237393 0 127 223
-2.246267 0 126 224
-2.293866 0 125 225
-2.313791 0 124 226
-2.353290 0 123 227
-2.368896 0 122 228
-2.370714 0 121 229
-2.404510 0 120 230
-2.468551 0 119 231
-2.471265 0 118 232
-2.474599 0 117 233
-2.479236 0 116 234
-2.480251 0 115 235
-2.482502 0 114 236
-2.487400 0 113 237
-2.495197 0 112 238
-2.497560 0 111 239
-2.508198 0 110 240
-2.514392 0 109 241
-2.526944 0 108 242
-2.533868 0 107 243
-2.542935 0 106 244
-2.550991 0 105 245
-2.565552 0 104 246
-2.586256 0 103 247
-2.646272 0 102 248
-2.676448 0 101 249
-2.693144 0 100 250
-2.703735 0 99 251
-2.706629 0 98 252
-2.728788 0 97 253
-2.781994 0 96 254
-2.786520 0 95 255
-2.786889 0 94 256
-2.847165 0 93 257
-2.888197 0 92 258
-2.897197 0 91 259
-3.040857 0 90 260
-3.047007 0 89 261
-3.074735 0 88 262
-3.102817 0 87 263
-3.216657 0 86 264
-3.239852 0 85 265
-3.253540 0 84 266
-3.270537 0 83 267
-3.334677 0 82 268
-3.338304 0 81 269
-3.371479 0 80 270
-3.393250 0 79 271
-3.459572 0 78 272
-3.465958 0 77 273
-3.481261 0 76 274
-3.489208 0 75 275
-3.510781 0 74 276
-3.517779 0 73 277
-3.520238 0 72 278
-3.529329 0 71 279
-3.596162 0 70 280
-3.675553 0 69 281
-3.721306 0 68 282
-3.721729 0 67 283
-3.750999 0 66 284
-3.794357 0 65 285
-3.822322 0 64 286
-3.901372 0 63 287
-3.984292 0 62 288
-3.993065 0 61 289
-4.042523 0 60 290
-4.068715 0 59 291
-4.096926 0 58 292
-4.135670 0 57 293
-4.139606 0 56 294
-4.183007 0 55 295
-4.189687 0 54 296
-4.208708 0 53 297
-4.301521 0 52 298
-4.310675 0 51 299
-4.310915 0 50 300
-4.359274 0 49 301
-4.362273 0 48 302
-4.391486 0 47 303
-4.393726 0 46 304
-4.419003 0 45 305
-4.437788 0 44 306
-4.567803 0 43 307
-4.598023 0 42 308
-4.612185 0 41 309
-4.612247 0 40 310
-4.650384 0 39 311
-4.656969 0 38 312
-4.716594 0 37 313
-4.734750 0 36 314
-4.845747 0 35 315
-4.963194 0 34 316
-5.216485 0 33 317
-5.280160 0 32 318
-5.378907 0 31 319
-5.471768 0 30 320
-5.504587 0 29 321
-5.619714 0 28 322
-5.691831 0 27 323
-5.878344 0 26 324
-5.879301 0 25 325
-5.891596 0 24 326
-5.891664 0 23 327
-5.970153 0 22 328
-6.028520 0 21 329
-6.063793 0 20 330
-6.084139 0 19 331
-6.186257 0 18 332
-6.394989 0 17 333
-6.431932 0 16 334
-6.454310 0 15 335
-6.600013 0 14 336
-6.627023 0 13 337
-6.649574 0 12 338
-6.782706 0 11 339
-6.966769 0 10 340
-7.045771 0 9 341
-7.334550 0 8 342
-7.464518 0 7 343
-7.665748 0 6 344
-8.080474 0 5 345
-9.024674 0 4 346
-9.412377 0 3 347
-9.703579 0 2 348
-10.764792 0 1 349
-11.006478 0 0 350