ACEA
[0.762975   0.88344474 1.00391447 1.12438421 1.24485395 1.36532368
 1.48579342 1.60626316 1.72673289 1.84720263 1.96767237 2.08814211
 2.20861184 2.32908158 2.44955132 2.57002105 2.69049079 2.81096053
 2.93143026 3.0519    ]
[0.0015174326685701855, 0.0014333575470022303, 0.001359793856179183, 0.0012947259614650693, 0.0012366448828861013, 0.0011843933888705574, 0.0011370681057051018, 0.001093950613606215, 0.0010544616271683847, 0.0010181280288624548, 0.0009845588233133955, 0.0009534279187211447, 0.0009244601052441009, 0.0008974224742257012, 0.0008721157659858734, 0.000848366791069806, 0.0008260278561978053, 0.0008049686317275225, 0.0007850754193768055, 0.0007662480738950858]
ACEB
[0.1763845  0.20423468 0.23208487 0.25993505 0.28778524 0.31563542
 0.34348561 0.37133579 0.39918597 0.42703616 0.45488634 0.48273653
 0.51058671 0.53843689 0.56628708 0.59413726 0.62198745 0.64983763
 0.67768782 0.705538  ]
[0.001173998490905238, 0.0011602426472637564, 0.0011496144786696354, 0.0011411552798853413, 0.001134262293426489, 0.0011285367737327552, 0.0011237061342923805, 0.0011195747807787946, 0.0011160016412967402, 0.001112880133161504, 0.0011101301057841898, 0.0011076888455568128, 0.0011055071072339846, 0.0011035455855997814, 0.0011017725342011538, 0.0011001620246225985, 0.0010986927153923292, 0.0010973466882102875, 0.0010961092570023246, 0.0010949676354397482]
ACK
[ 3.615       4.18578947  4.75657895  5.32736842  5.89815789  6.46894737
  7.03973684  7.61052632  8.18131579  8.75210526  9.32289474  9.89368421
 10.46447368 11.03526316 11.60605263 12.17684211 12.74763158 13.31842105
 13.88921053 14.46      ]
[0.0011224747896119026, 0.0011224393951002928, 0.001122404527443355, 0.001122370203321281, 0.0011223363319878864, 0.0011223029542706097, 0.0011222709043987036, 0.0011222376061156033, 0.0011222053583480778, 0.0011221740491170334, 0.001122142906902649, 0.0011221122282275436, 0.0011220819445395059, 0.001122052059410008, 0.001122022594578095, 0.0011219935119337727, 0.0011219648291411703, 0.001121936511155631, 0.0011219085319575895, 0.0011218809414433426]
ACN_1
[ 4.862065    5.62975947  6.39745395  7.16514842  7.93284289  8.70053737
  9.46823184 10.23592632 11.00362079 11.77131526 12.53900974 13.30670421
 14.07439868 14.84209316 15.60978763 16.37748211 17.14517658 17.91287105
 18.68056553 19.44826   ]
[0.0011221503433730949, 0.0011221801070205257, 0.0011222026911861817, 0.001122220406411227, 0.001122234680422664, 0.0011222467774739521, 0.0011222562557683692, 0.0011222646065136457, 0.0011222718086291088, 0.0011222780320264175, 0.0011222835085876548, 0.0011222882645304567, 0.0011222926553750797, 0.001122296816568906, 0.0011223000119470665, 0.0011223032287626937, 0.0011223060295999718, 0.001122308671785012, 0.0011223110810286694, 0.0011223133013010115]
ACN_2
[ 4.932855    5.71172684  6.49059868  7.26947053  8.04834237  8.82721421
  9.60608605 10.38495789 11.16382974 11.94270158 12.72157342 13.50044526
 14.27931711 15.05818895 15.83706079 16.61593263 17.39480447 18.17367632
 18.95254816 19.73142   ]
[0.0011221693317074643, 0.0011221939656496467, 0.0011222126211130772, 0.0011222272409469587, 0.001122239049003067, 0.001122248679785784, 0.0011222567747504932, 0.0011222636874858732, 0.0011222694712556228, 0.0011222746836861525, 0.001122279156509781, 0.0011222831430568203, 0.001122286701344595, 0.001122289908191105, 0.0011222927705691194, 0.0011222953262585303, 0.0011222976845966762, 0.0011222998272521956, 0.0011223018286584928, 0.001122303634430782]
ACS
[ 3.65        4.22631579  4.80263158  5.37894737  5.95526316  6.53157895
  7.10789474  7.68421053  8.26052632  8.83684211  9.41315789  9.98947368
 10.56578947 11.14210526 11.71842105 12.29473684 12.87105263 13.44736842
 14.02368421 14.6       ]
[0.0011222570246786, 0.0011222576108610796, 0.0011222588292279798, 0.0011222584373302028, 0.0011222587560555408, 0.00112225893454238, 0.001122259178657535, 0.0011222592922193377, 0.001122259436330275, 0.0011222604438978722, 0.0011222596777644125, 0.0011222597442628087, 0.0011222598601717503, 0.0011222599192615942, 0.0011222599991887981, 0.0011222599919053023, 0.0011222601016795562, 0.0011222601452685718, 0.0011222602261436688, 0.0011222602590813268]
ATP_MAINTENANCE
[0.65083    0.75359263 0.85635526 0.95911789 1.06188053 1.16464316
 1.26740579 1.37016842 1.47293105 1.57569368 1.67845632 1.78121895
 1.88398158 1.98674421 2.08950684 2.19226947 2.29503211 2.39779474
 2.50055737 2.60332   ]
[0.00211433906671249, 0.0017757236604092938, 0.001557559169421519, 0.0014076641667471273, 0.0012971919120370267, 0.0012113873088957514, 0.001142384242290359, 0.0010855473027951727, 0.0010378860018846058, 0.0009973436693258826, 0.0009624430118906236, 0.0009320900246028214, 0.0009054553600161654, 0.000881898263633965, 0.000860916252832731, 0.0008421096507942267, 0.0008251569799148733, 0.0008097966936380369, 0.000795814021905752, 0.0007830310128504116]
ATP_syn
[ 54.3665      62.95068421  71.53486842  80.11905263  88.70323684
  97.28742105 105.87160526 114.45578947 123.03997368 131.62415789
 140.20834211 148.79252632 157.37671053 165.96089474 174.54507895
 183.12926316 191.71344737 200.29763158 208.88181579 217.466     ]
[0.0016157533114568455, 0.0014863253045057866, 0.0013840673966168727, 0.0013023998481039702, 0.0012362091082845782, 0.0011816552218877488, 0.0011359184943815293, 0.0010969434501371148, 0.0010632321881945067, 0.0010336839221463932, 0.001007480754955467, 0.0009840067318703488, 0.0009627913352868639, 0.0009434699885768539, 0.0009257560106290163, 0.0009094209896446741, 0.000894280574063614, 0.0008801841340792218, 0.000867007249878984, 0.0008546460712502964]
CITRA_SYN
[2.         2.31578947 2.63157895 2.94736842 3.26315789 3.57894737
 3.89473684 4.21052632 4.52631579 4.84210526 5.15789474 5.47368421
 5.78947368 6.10526316 6.42105263 6.73684211 7.05263158 7.36842105
 7.68421053 8.        ]
[0.0050085579710203824, 0.003718763627043232, 0.002831053881911669, 0.0022094561684040583, 0.001763911159805556, 0.0014366631877545367, 0.0011906505708506132, 0.0010017364727260164, 0.0008538771765341312, 0.0007361701736793519, 0.00064104319252417, 0.0005631268817836569, 0.000498539774215687, 0.00044442570837211, 0.0003986485669965267, 0.0003595868373838484, 0.0003259927819684881, 0.0002968942562586091, 0.00027152512210263594, 0.0002492752812950418]
CYTBO
[ 4.270225    4.94447105  5.61871711  6.29296316  6.96720921  7.64145526
  8.31570132  8.98994737  9.66419342 10.33843947 11.01268553 11.68693158
 12.36117763 13.03542368 13.70966974 14.38391579 15.05816184 15.73240789
 16.40665395 17.0809    ]
[0.0011303864876973143, 0.0011361732361472455, 0.0011356042476304005, 0.0011330426725020572, 0.0011298576219426113, 0.0011265460228139352, 0.0011233068041477902, 0.0011202222196338629, 0.001117323511060101, 0.0011146179649185281, 0.0011121012528604104, 0.001109763460668912, 0.0011075923538217984, 0.0011055751677848753, 0.001103699013359487, 0.0011019518556095824, 0.0011003224793342855, 0.0010988006272752216, 0.0010973769349219835, 0.0010960427856842208]
EDA
[0.03876205 0.04488237 0.0510027  0.05712302 0.06324334 0.06936367
 0.07548399 0.08160432 0.08772464 0.09384496 0.09996529 0.10608561
 0.11220593 0.11832626 0.12444658 0.13056691 0.13668723 0.14280755
 0.14892788 0.1550482 ]
[0.0011223385149093928, 0.001122315861525144, 0.001122299060533645, 0.001122286193892885, 0.0011222760693766025, 0.0011222678638659602, 0.0011222613271807361, 0.0011222554498683578, 0.0011222507987761396, 0.0011222467195593092, 0.0011222431191069099, 0.001122240094097342, 0.0011222373607486008, 0.0011222349365247197, 0.001122232724578001, 0.0011222308319107643, 0.0011222290569645184, 0.0011222274546255754, 0.0011222260009034323, 0.0011222252298863844]
EDD
[0.0556795 0.064471  0.0732625 0.082054  0.0908455 0.099637  0.1084285
 0.11722   0.1260115 0.134803  0.1435945 0.152386  0.1611775 0.169969
 0.1787605 0.187552  0.1963435 0.205135  0.2139265 0.222718 ]
[0.0011227813875548888, 0.0011227000284711878, 0.001122617533930048, 0.0011225344597627107, 0.001122451355734631, 0.0011223686003020044, 0.001122286401653468, 0.001122205078099239, 0.001122124742375797, 0.0011220455204186074, 0.0011219676016637006, 0.0011218909367491953, 0.0011218156390798728, 0.001121742154565095, 0.0011216692900511511, 0.0011215980581075037, 0.0011215282555431104, 0.0011214599307124095, 0.001121392951215862, 0.0011213272422054452]
ENO
[ 5.85945     6.78462632  7.70980263  8.63497895  9.56015526 10.48533158
 11.41050789 12.33568421 13.26086053 14.18603684 15.11121316 16.03638947
 16.96156579 17.88674211 18.81191842 19.73709474 20.66227105 21.58744737
 22.51262368 23.4378    ]
[0.0011569516181002242, 0.0011475843874259222, 0.0011404232414996757, 0.001134767325181131, 0.0011301852412652048, 0.00112639665064939, 0.001123211257993282, 0.001120495248803814, 0.001118151725358845, 0.001116108848277563, 0.0011143121774096463, 0.0011127194556900968, 0.0011112980196550646, 0.0011100214912212764, 0.0011088687266241775, 0.001107822689299157, 0.0011068690464671352, 0.001105996115297397, 0.001105194046042497, 0.0011044545779246655]
FBA
[10.8489     12.56188421 14.27486842 15.98785263 17.70083684 19.41382105
 21.12680526 22.83978947 24.55277368 26.26575789 27.97874211 29.69172632
 31.40471053 33.11769474 34.83067895 36.54366316 38.25664737 39.96963158
 41.68261579 43.3956    ]
[0.0011183867009063643, 0.001119448647877118, 0.0011202528782007662, 0.0011208829030309815, 0.0011213898852371579, 0.0011218066509352453, 0.0011221553005249288, 0.0011224512331897444, 0.001122705661091977, 0.0011229266602235735, 0.0011231204281576083, 0.0011232917226160508, 0.0011234442325561778, 0.0011235809413865268, 0.001123704034915688, 0.0011238155863830717, 0.0011239170873277111, 0.0011240099383453186, 0.0011240950231103752, 0.0011241733931431866]
FBP
[0.1077915  0.12481121 0.14183092 0.15885063 0.17587034 0.19289005
 0.20990976 0.22692947 0.24394918 0.26096889 0.27798861 0.29500832
 0.31202803 0.32904774 0.34606745 0.36308716 0.38010687 0.39712658
 0.41414629 0.431166  ]
[0.0011222806888691438, 0.0011222772972254236, 0.001122273919934635, 0.0011222705090207482, 0.0011222672783945784, 0.0011222636578803215, 0.001122260363134046, 0.0011222569614586138, 0.0011222535261590032, 0.0011222501302627242, 0.001122246725798795, 0.0011222433315064314, 0.001122239943444189, 0.001122236547070474, 0.0011222331711247789, 0.0011222297807532884, 0.0011222263490263985, 0.0011222229537530728, 0.0011222195492879478, 0.0011222163191299797]
FUMA
[ 26.6707      30.88186316  35.09302632  39.30418947  43.51535263
  47.72651579  51.93767895  56.14884211  60.36000526  64.57116842
  68.78233158  72.99349474  77.20465789  81.41582105  85.62698421
  89.83814737  94.04931053  98.26047368 102.47163684 106.6828    ]
[0.0011222486849751868, 0.0011222515683642314, 0.0011222537426029031, 0.0011222554461030204, 0.001122257121783656, 0.0011222579583679173, 0.001122258922019567, 0.001122259732951835, 0.0011222603514321418, 0.0011222609929902963, 0.0011222615335440562, 0.0011222620022857818, 0.001122262420959566, 0.0011222627928695133, 0.001122263140263115, 0.001122263430798784, 0.0011222637163521116, 0.001122263976043417, 0.001122264204115288, 0.0011222644191077452]
GDH
[ 4.332865    5.01700158  5.70113816  6.38527474  7.06941132  7.75354789
  8.43768447  9.12182105  9.80595763 10.49009421 11.17423079 11.85836737
 12.54250395 13.22664053 13.91077711 14.59491368 15.27905026 15.96318684
 16.64732342 17.33146   ]
[0.0014851104545547948, 0.0014787278247325084, 0.0014292769981665092, 0.0013618326447568105, 0.00128854689043662, 0.0012152989930942558, 0.001144870265444169, 0.0010784808444634123, 0.0010165541149064507, 0.0009591078626087615, 0.000905959624125854, 0.0008568333667088454, 0.0008114221734105162, 0.0007694144788314609, 0.000730512099616925, 0.0006944370669599842, 0.0006609345481812031, 0.000629773033135599, 0.0006007436550188704, 0.0005736582062927162]
GLT
[ 28.5292      33.03381053  37.53842105  42.04303158  46.54764211
  51.05225263  55.55686316  60.06147368  64.56608421  69.07069474
  73.57530526  78.07991579  82.58452632  87.08913684  91.59374737
  96.09835789 100.60296842 105.10757895 109.61218947 114.1168    ]
[0.0004372624628797026, 0.0005279925717773681, 0.0006251046287689505, 0.0007287264038624329, 0.0008389612229912392, 0.000955884759213291, 0.0010795412782008624, 0.0012099413634082718, 0.001347058792037925, 0.0014908284801314691, 0.0016411451276043129, 0.0017978624384252305, 0.001960792994361798, 0.002129709434684167, 0.002304344599521393, 0.0024843967028201973, 0.002669529009211207, 0.0028593762374774898, 0.0030535464438069472, 0.0032516269266810952]
GND
[2.040525   2.36271316 2.68490132 3.00708947 3.32927763 3.65146579
 3.97365395 4.29584211 4.61803026 4.94021842 5.26240658 5.58459474
 5.90678289 6.22897105 6.55115921 6.87334737 7.19553553 7.51772368
 7.83991184 8.1621    ]
[0.0011175295479501188, 0.0011186873022539523, 0.001119625563685313, 0.0011204034215151666, 0.0011210600732713836, 0.001121622630048687, 0.00112211054916551, 0.0011225381118662176, 0.0011229162315948484, 0.0011232531201512462, 0.0011235554091857311, 0.0011238282077590052, 0.0011240757829893723, 0.0011243014996742584, 0.001124508139552266, 0.0011246981126870976, 0.001124873443082653, 0.00112503575500237, 0.001125186364285008, 0.00112532662516257]
GPM
[ 5.4967  6.3646  7.2325  8.1004  8.9683  9.8362 10.7041 11.572  12.4399
 13.3078 14.1757 15.0436 15.9115 16.7794 17.6473 18.5152 19.3831 20.251
 21.1189 21.9868]
[0.001134326741612357, 0.001130982041264066, 0.0011284674548921899, 0.0011265079043300916, 0.001124937818682286, 0.0011236515240445998, 0.0011225784210723093, 0.001121669576321241, 0.0011208899268461952, 0.0011202138181226511, 0.001119621742904047, 0.001119099087873935, 0.0011186343038388019, 0.0011182182923691437, 0.001117843600381913, 0.0011175045262328599, 0.0011171961924591003, 0.0011169146057120945, 0.0011166563939738294, 0.001116418787816637]
GROWTH
[ 4.870685    5.63974053  6.40879605  7.17785158  7.94690711  8.71596263
  9.48501816 10.25407368 11.02312921 11.79218474 12.56124026 13.33029579
 14.09935132 14.86840684 15.63746237 16.40651789 17.17557342 17.94462895
 18.71368447 19.48274   ]
[0.0005815675472848692, 0.0006695091346598922, 0.0007564556226829674, 0.0008424301758677947, 0.0009274539646514698, 0.001011547440543478, 0.0010947305080870394, 0.0011770222361494815, 0.0012584412401792436, 0.001339005485690499, 0.0014187324125871223, 0.0014976388836570804, 0.0015757412848709633, 0.0016530555257488694, 0.0017295969500025305, 0.0018053804646249484, 0.0018804209195769745, 0.0019547320405517614, 0.0020283276532406286, 0.0021012210928651027]
LPD
[0.03422065 0.03962391 0.04502717 0.05043043 0.05583369 0.06123695
 0.06664021 0.07204347 0.07744673 0.08284999 0.08825326 0.09365652
 0.09905978 0.10446304 0.1098663  0.11526956 0.12067282 0.12607608
 0.13147934 0.1368826 ]
[0.00290313385351111, 0.0023858498055461725, 0.001999845631336848, 0.0017076619586247957, 0.0014823763738796138, 0.0013052564852622395, 0.0011633668217776035, 0.001047718025034775, 0.0009519780802292101, 0.0008716117784299111, 0.0008033162515951552, 0.000744639369331932, 0.0006937348394845947, 0.000649189019180512, 0.0006099043997513427, 0.0005750177341875106, 0.0005438411818458793, 0.0005158218562050809, 0.0004905095281669911, 0.0004675347957828668]
MAD
[ 3.321345    3.84576789  4.37019079  4.89461368  5.41903658  5.94345947
  6.46788237  6.99230526  7.51672816  8.04115105  8.56557395  9.08999684
  9.61441974 10.13884263 10.66326553 11.18768842 11.71211132 12.23653421
 12.76095711 13.28538   ]
[0.0011848800460453716, 0.0011751344712040664, 0.001165336589059191, 0.0011554857552365852, 0.00114558135312987, 0.0011356227423045052, 0.0011256092967780046, 0.0011155403794169399, 0.0011054153602279356, 0.001095233605701058, 0.001084994493518691, 0.001074697407128521, 0.001064341721059917, 0.0010539267517706353, 0.0010434519955240308, 0.0010329167726760024, 0.0010223204516030737, 0.0010116624847949028, 0.0010009422110805791, 0.0009901590676225963]
MDH
[ 3.05746     3.54021684  4.02297368  4.50573053  4.98848737  5.47124421
  5.95400105  6.43675789  6.91951474  7.40227158  7.88502842  8.36778526
  8.85054211  9.33329895  9.81605579 10.29881263 10.78156947 11.26432632
 11.74708316 12.22984   ]
[0.0012214550279175083, 0.0012078636268646346, 0.0011933052126390782, 0.0011778286931983968, 0.0011615869672440414, 0.0011448298767896394, 0.0011278852377523583, 0.0011111249362725846, 0.001094923282406561, 0.0010796136405304606, 0.001065458731169601, 0.0010526334422233125, 0.0010412241172536164, 0.001031238792161147, 0.001022624132304015, 0.0010152842309897197, 0.0010090976666813668, 0.0010039318932848766, 0.000999653749926895, 0.000996136775484054]
MQO
[2.311415   2.67637526 3.04133553 3.40629579 3.77125605 4.13621632
 4.50117658 4.86613684 5.23109711 5.59605737 5.96101763 6.32597789
 6.69093816 7.05589842 7.42085868 7.78581895 8.15077921 8.51573947
 8.88069974 9.24566   ]
[0.000995759277171526, 0.001011256440826739, 0.0010314164681233466, 0.0010538583016003022, 0.0010763786558174338, 0.0010974922038136832, 0.001116459419415065, 0.0011330782789654582, 0.0011474531086530068, 0.001159825223089985, 0.0011704741656451128, 0.0011796685608299101, 0.0011876456303874516, 0.0011946065066662194, 0.0012007180623740392, 0.0012061173609269511, 0.0012109163499828273, 0.0012152068453765833, 0.0012190637161402025, 0.001222548692606191]
NADH_req
[11.53675    13.35834211 15.17993421 17.00152632 18.82311842 20.64471053
 22.46630263 24.28789474 26.10948684 27.93107895 29.75267105 31.57426316
 33.39585526 35.21744737 37.03903947 38.86063158 40.68222368 42.50381579
 44.32540789 46.147     ]
[0.0010208749567321765, 0.0010398392783645826, 0.001057500009920304, 0.0010740128669034087, 0.0010895056720646838, 0.001104086094523651, 0.0011178429428046898, 0.001130853161038455, 0.0011431819516583691, 0.001154886600451377, 0.0011660167480403414, 0.0011766158525073787, 0.0011867237474699635, 0.001196373368610013, 0.0012055973792741304, 0.001214422915759273, 0.0012228763236742035, 0.0012309793222755419, 0.0012387543694858613, 0.0012462202589483046]
NDHII
[15.4153     17.84929474 20.28328947 22.71728421 25.15127895 27.58527368
 30.01926842 32.45326316 34.88725789 37.32125263 39.75524737 42.18924211
 44.62323684 47.05723158 49.49122632 51.92522105 54.35921579 56.79321053
 59.22720526 61.6612    ]
[0.0012572141295258458, 0.001229179154866343, 0.0012042933364493076, 0.0011820412184411642, 0.0011620178545760054, 0.0011438996793891767, 0.0011274242762007029, 0.0011123762507482516, 0.0010985767765321524, 0.0010858760652713419, 0.001074147602965871, 0.0010632837102683885, 0.0010531921321985287, 0.0010437933355567607, 0.0010350183874569421, 0.0010268072726269384, 0.0010191073414829107, 0.0010118727717118913, 0.0010050616358301546, 0.0009986387981016597]
PCK
[ 4.043885    4.68239316  5.32090132  5.95940947  6.59791763  7.23642579
  7.87493395  8.51344211  9.15195026  9.79045842 10.42896658 11.06747474
 11.70598289 12.34449105 12.98299921 13.62150737 14.26001553 14.89852368
 15.53703184 16.17554   ]
[0.0011850858649454345, 0.001169795105479972, 0.001157332191932363, 0.0011469720467929957, 0.0011382197268937386, 0.0011307253543513527, 0.001124234668967166, 0.001118556453062614, 0.0011135475518560514, 0.0011090952693788934, 0.0011051114806876028, 0.0011015255782983158, 0.001098280631442666, 0.0010953301350310539, 0.0010926354729193098, 0.0010901648060801386, 0.0010878912756507916, 0.0010857920685703687, 0.0010838478893885617, 0.0010820420782982443]
PDH
[ 480.853       556.77715789  632.70131579  708.62547368  784.54963158
  860.47378947  936.39794737 1012.32210526 1088.24626316 1164.17042105
 1240.09457895 1316.01873684 1391.94289474 1467.86705263 1543.79121053
 1619.71536842 1695.63952632 1771.56368421 1847.48784211 1923.412     ]
[0.001155442104674284, 0.0011480370276466913, 0.001141905234714447, 0.0011366023382797436, 0.0011318710570663438, 0.001127551892213745, 0.0011235407370688544, 0.0011197667043386236, 0.0011161798375986486, 0.001112743950250649, 0.0011094320768644062, 0.0011062238396458892, 0.0011031036079724975, 0.0011000585404894493, 0.001097079254494661, 0.0010941575830231037, 0.0010912870467836991, 0.0010884622707591997, 0.0010856788782300307, 0.0010829329993291368]
PFK
[0.0926265  0.10725174 0.12187697 0.13650221 0.15112745 0.16575268
 0.18037792 0.19500316 0.20962839 0.22425363 0.23887887 0.25350411
 0.26812934 0.28275458 0.29737982 0.31200505 0.32663029 0.34125553
 0.35588076 0.370506  ]
[0.0011073520257150104, 0.0011187181577948491, 0.0011233881465858517, 0.001125018325976997, 0.0011250605624020913, 0.0011242019050324223, 0.001122805433001425, 0.0011210790241746875, 0.001119148385966569, 0.0011170927798176318, 0.0011149638418871195, 0.0011127961665517013, 0.001110613041139261, 0.0011084306146089164, 0.0011062599425031448, 0.0011041088100349167, 0.0011019820100088987, 0.0010998844197746744, 0.001097817434243592, 0.0010957825399407837]
PGI
[1.16228    1.34579789 1.52931579 1.71283368 1.89635158 2.07986947
 2.26338737 2.44690526 2.63042316 2.81394105 2.99745895 3.18097684
 3.36449474 3.54801263 3.73153053 3.91504842 4.09856632 4.28208421
 4.46560211 4.64912   ]
[0.0010407793715485612, 0.0010635353555407013, 0.0010805810882153829, 0.001093809244194944, 0.0011043641314322325, 0.0011129766549956134, 0.0011201347859400592, 0.0011261763754115766, 0.0011313426230421635, 0.0011358099730889824, 0.00113971085009819, 0.0011431461643242385, 0.001146194300899954, 0.0011489170432472829, 0.0011513636744211939, 0.0011535740980687466, 0.001155580852721593, 0.00115741078775009, 0.001159086212065137, 0.0011606259364167724]
PGK
[ 8.05445     9.32620526 10.59796053 11.86971579 13.14147105 14.41322632
 15.68498158 16.95673684 18.22849211 19.50024737 20.77200263 22.04375789
 23.31551316 24.58726842 25.85902368 27.13077895 28.40253421 29.67428947
 30.94604474 32.2178    ]
[0.0011222675980347863, 0.001122265236117899, 0.0011222634786033474, 0.0011222621221745545, 0.0011222609832422074, 0.0011222601392018245, 0.0011222594018190203, 0.0011222587814149452, 0.001122258243526044, 0.0011222577636713872, 0.00112225739392257, 0.0011222570286870124, 0.001122256716197507, 0.0011222564348104106, 0.0011222561936592827, 0.0011222559498701064, 0.0011222557988134786, 0.00112225555528927, 0.001122255373399138, 0.001122255214994788]
PGL
[ 5.79835     6.71387895  7.62940789  8.54493684  9.46046579 10.37599474
 11.29152368 12.20705263 13.12258158 14.03811053 14.95363947 15.86916842
 16.78469737 17.70022632 18.61575526 19.53128421 20.44681316 21.36234211
 22.27787105 23.1934    ]
[0.0011221802676383093, 0.0011222018694810223, 0.0011222183149279853, 0.0011222310912565243, 0.0011222414146697484, 0.0011222499429897749, 0.0011222570635963285, 0.0011222629651485244, 0.0011222687305532046, 0.001122272827765935, 0.0011222767860167551, 0.0011222803252322704, 0.001122283369085138, 0.001122286230964561, 0.0011222887553571771, 0.0011222909580223437, 0.001122293085648505, 0.0011222951261833632, 0.0011222967282249862, 0.0011222983587599502]
PIT
[ 3.573       4.13715789  4.70131579  5.26547368  5.82963158  6.39378947
  6.95794737  7.52210526  8.08626316  8.65042105  9.21457895  9.77873684
 10.34289474 10.90705263 11.47121053 12.03536842 12.59952632 13.16368421
 13.72784211 14.292     ]
[0.001119425667435669, 0.0011201959224560766, 0.001120782602188388, 0.0011212443288376459, 0.0011216171439389557, 0.0011219245360088146, 0.0011221822718451922, 0.0011224016017216479, 0.0011225902996586635, 0.0011227545550491554, 0.0011228987490505258, 0.001123026388800914, 0.001123140137749172, 0.001123242154571631, 0.001123334356198948, 0.0011234176340308734, 0.0011234935375356318, 0.0011235630095072283, 0.0011236267839481152, 0.0011236855301556834]
PPC
[10.7195     12.41205263 14.10460526 15.79715789 17.48971053 19.18226316
 20.87481579 22.56736842 24.25992105 25.95247368 27.64502632 29.33757895
 31.03013158 32.72268421 34.41523684 36.10778947 37.80034211 39.49289474
 41.18544737 42.878     ]
[0.0010760946230158877, 0.0010846833880658038, 0.0010927248888841761, 0.001100264422550506, 0.0011073426081102337, 0.0011139953894623276, 0.0011202549292954364, 0.0011261502413963476, 0.0011317073002732943, 0.0011369496970032218, 0.0011418988613067654, 0.0011465740304693504, 0.0011509931452345315, 0.001155172258217586, 0.0011591262687475797, 0.0011628688264222877, 0.00116641245548887, 0.0011697686888413534, 0.0011729482479344107, 0.001175960896567308]
PPS
[0.0081886  0.00948154 0.01077447 0.01206741 0.01336035 0.01465328
 0.01594622 0.01723916 0.01853209 0.01982503 0.02111797 0.02241091
 0.02370384 0.02499678 0.02628972 0.02758265 0.02887559 0.03016853
 0.03146146 0.0327544 ]
[0.001122247486960266, 0.001122249329867371, 0.0011222511503323773, 0.0011222530280852008, 0.0011222549884894492, 0.001122256722626259, 0.001122258567220182, 0.0011222604607087803, 0.0011222622260331956, 0.0011222641243832487, 0.0011222660972248835, 0.0011222678094187995, 0.001122269658664454, 0.0011222714777867524, 0.0011222733545681333, 0.0011222752192610774, 0.0011222770495945367, 0.0011222788650835033, 0.0011222807499512606, 0.001122282546074714]
PTA
[1.35       1.56315789 1.77631579 1.98947368 2.20263158 2.41578947
 2.62894737 2.84210526 3.05526316 3.26842105 3.48157895 3.69473684
 3.90789474 4.12105263 4.33421053 4.54736842 4.76052632 4.97368421
 5.18684211 5.4       ]
[0.0011222967889036113, 0.0011222871558469276, 0.0011222795383641316, 0.001122273362099833, 0.001122268252552108, 0.0011222639043208618, 0.0011222602837056188, 0.0011222573208208729, 0.0011222543591670815, 0.0011222519501963742, 0.0011222498025734826, 0.0011222478911710166, 0.0011222461709232505, 0.001122244340464582, 0.0011222432114884322, 0.0011222419250129392, 0.0011222407432750741, 0.0011222396694890585, 0.0011222386731875333, 0.001122237753547993]
PYK
[0.37358    0.43256632 0.49155263 0.55053895 0.60952526 0.66851158
 0.72749789 0.78648421 0.84547053 0.90445684 0.96344316 1.02242947
 1.08141579 1.14040211 1.19938842 1.25837474 1.31736105 1.37634737
 1.43533368 1.49432   ]
[0.0015676180235644603, 0.0014522337672432748, 0.0013629876878639277, 0.0012909481649787796, 0.0012310021630467774, 0.0011799701051699379, 0.0011357503797820975, 0.0010968867913652817, 0.001062332483654993, 0.00103131129645814, 0.0010032332628225357, 0.000977640296943408, 0.000954170086794791, 0.0009325317032520319, 0.0009124882012012507, 0.0008938441833479824, 0.0008764369790215722, 0.0008601296080552422, 0.0008448059003327106, 0.0008303665674270682]
RPE
[ 3.000515    3.47428053  3.94804605  4.42181158  4.89557711  5.36934263
  5.84310816  6.31687368  6.79063921  7.26440474  7.73817026  8.21193579
  8.68570132  9.15946684  9.63323237 10.10699789 10.58076342 11.05452895
 11.52829447 12.00206   ]
[0.001130061385196586, 0.0011279375279553098, 0.001126321431326368, 0.0011250504091401255, 0.0011240245676894995, 0.0011231792228452932, 0.0011224706296076943, 0.0011218676922620237, 0.0011213492854425685, 0.0011208980860829226, 0.0011205020183883939, 0.001120151583382326, 0.0011198392791929063, 0.0011195592333698302, 0.0011193067162317237, 0.0011190778057398995, 0.0011188693818127591, 0.0011186787680234223, 0.0011185038420516817, 0.0011183426693241437]
RPI
[ 4.          4.63157895  5.26315789  5.89473684  6.52631579  7.15789474
  7.78947368  8.42105263  9.05263158  9.68421053 10.31578947 10.94736842
 11.57894737 12.21052632 12.84210526 13.47368421 14.10526316 14.73684211
 15.36842105 16.        ]
[0.0011117584166366679, 0.0011146233117610268, 0.001116800111891203, 0.0011185101485380578, 0.0011198890034860884, 0.0011210244028928222, 0.0011219755275363923, 0.0011227839514208156, 0.001123479474821156, 0.0011240842426797797, 0.0011246148980529355, 0.0011250843845955556, 0.0011255025875146147, 0.001125877508726736, 0.001126215539394397, 0.0011265218662791948, 0.0011268007560482954, 0.0011270557619500173, 0.0011272897369043796, 0.0011275053054843357]
SDH
[0.78092    0.90422316 1.02752632 1.15082947 1.27413263 1.39743579
 1.52073895 1.64404211 1.76734526 1.89064842 2.01395158 2.13725474
 2.26055789 2.38386105 2.50716421 2.63046737 2.75377053 2.87707368
 3.00037684 3.12368   ]
[0.001138070854135858, 0.0011336946450318573, 0.001130401104711253, 0.0011278327129243908, 0.0011257737369695913, 0.0011240862998772889, 0.0011226783015383967, 0.0011214853099604893, 0.0011204617945285696, 0.0011195740486701024, 0.0011187966966452964, 0.0011181103408113879, 0.0011174999042968604, 0.0011169534494856964, 0.0011164614063536352, 0.0011160157343619874, 0.0011156110097531268, 0.0011152410971432402, 0.0011149019058716567, 0.0011145897611543054]
SK
[ 38.40815     44.47259474  50.53703947  56.60148421  62.66592895
  68.73037368  74.79481842  80.85926316  86.92370789  92.98815263
  99.05259737 105.11704211 111.18148684 117.24593158 123.31037632
 129.37482105 135.43926579 141.50371053 147.56815526 153.6326    ]
[0.0011222608989001834, 0.0011222604489311812, 0.0011222600753994798, 0.0011222598138094146, 0.0011222595739638478, 0.0011222593868951843, 0.0011222592333714606, 0.001122259100683218, 0.0011222589493102384, 0.0011222588669873176, 0.001122258797568104, 0.0011222587253434434, 0.001122258656583104, 0.0011222585713114251, 0.0011222585651277544, 0.0011222584874304577, 0.001122258444828546, 0.0011222584016316857, 0.001122258363923115, 0.0011222583675101734]
SQR
[1.708085   1.97778263 2.24748026 2.51717789 2.78687553 3.05657316
 3.32627079 3.59596842 3.86566605 4.13536368 4.40506132 4.67475895
 4.94445658 5.21415421 5.48385184 5.75354947 6.02324711 6.29294474
 6.56264237 6.83234   ]
[0.0011224461075304679, 0.0011223940838469395, 0.0011223550380998074, 0.00112232476872369, 0.0011223004682221565, 0.0011222806301842238, 0.0011222640840792477, 0.0011222501157739358, 0.00112223813111036, 0.0011222277482510876, 0.0011222186348527597, 0.0011222106488140266, 0.0011222035199053488, 0.0011221971453859792, 0.0011221914353442373, 0.0011221859905114354, 0.0011221815267415589, 0.001122177191422809, 0.001122173251158674, 0.0011221697144001115]
TPI
[12.09215    14.00143684 15.91072368 17.82001053 19.72929737 21.63858421
 23.54787105 25.45715789 27.36644474 29.27573158 31.18501842 33.09430526
 35.00359211 36.91287895 38.82216579 40.73145263 42.64073947 44.55002632
 46.45931316 48.3686    ]
[0.0011214976452894004, 0.001121706514533503, 0.00112186466594327, 0.0011219885732018237, 0.0011220882681872231, 0.0011221702128831601, 0.0011222391853307158, 0.0011222969585377122, 0.0011223469555929754, 0.0011223904311034986, 0.0011224286725529703, 0.0011224621775857697, 0.0011224921551208674, 0.0011225189946736033, 0.001122543224433714, 0.0011225652451030143, 0.0011225850827669842, 0.0011226033488821476, 0.0011226200783440849, 0.0011226354857848363]
XCH_ACE1
[ 50.          57.89473684  65.78947368  73.68421053  81.57894737
  89.47368421  97.36842105 105.26315789 113.15789474 121.05263158
 128.94736842 136.84210526 144.73684211 152.63157895 160.52631579
 168.42105263 176.31578947 184.21052632 192.10526316 200.        ]
[0.0011222592468800815, 0.0011222592542583763, 0.0011222592236134665, 0.0011222591879464562, 0.001122259205876796, 0.001122259196276032, 0.0011222591909741796, 0.0011222591952499206, 0.0011222591874698617, 0.001122259169031997, 0.00112225919381672, 0.0011222591553289622, 0.0011222591549355815, 0.0011222591472091494, 0.0011222591470324177, 0.0011222591408488818, 0.0011222588928674264, 0.0011222591367257403, 0.0011222591398520726, 0.001122259118264742]
XCH_ACE2
[ 50.          57.89473684  65.78947368  73.68421053  81.57894737
  89.47368421  97.36842105 105.26315789 113.15789474 121.05263158
 128.94736842 136.84210526 144.73684211 152.63157895 160.52631579
 168.42105263 176.31578947 184.21052632 192.10526316 200.        ]
[0.0011222592461537107, 0.0011222592341630663, 0.0011222592235751725, 0.001122259212732387, 0.0011222592036732445, 0.0011222591959798658, 0.0011222592115559351, 0.0011222591836213987, 0.0011222591709916577, 0.0011222591557418626, 0.0011222591650279624, 0.0011222591840841466, 0.001122259165513244, 0.0011222591480007239, 0.0011222591330806667, 0.0011222591391792497, 0.0011222591386098532, 0.0011222591495007625, 0.0011222591684510012, 0.0011222591307544548]
XCH_GLC
[ 50.          57.89473684  65.78947368  73.68421053  81.57894737
  89.47368421  97.36842105 105.26315789 113.15789474 121.05263158
 128.94736842 136.84210526 144.73684211 152.63157895 160.52631579
 168.42105263 176.31578947 184.21052632 192.10526316 200.        ]
[0.0011207050220164655, 0.0011211326474433354, 0.0011214561291646855, 0.001121709173347052, 0.0011219123317214692, 0.001122078890690809, 0.0011222177559138586, 0.0011223354884567335, 0.001122436306981702, 0.0011225235831397915, 0.0011225999343856354, 0.001122667201973453, 0.001122726888165401, 0.0011227802644977203, 0.0011228282049273689, 0.0011228714768137574, 0.0011229108082801665, 0.0011229467309388948, 0.0011229794051048324, 0.0011230095261153582]
XCH_P
[ 50.          57.89473684  65.78947368  73.68421053  81.57894737
  89.47368421  97.36842105 105.26315789 113.15789474 121.05263158
 128.94736842 136.84210526 144.73684211 152.63157895 160.52631579
 168.42105263 176.31578947 184.21052632 192.10526316 200.        ]
[0.0011222591035859454, 0.0011222591350434278, 0.0011222591490032087, 0.0011222591602667812, 0.0011222591710492902, 0.0011222592016832144, 0.001122259183268499, 0.0011222591844692945, 0.0011222591943954685, 0.0011222592117725125, 0.0011222591961983573, 0.001122259187757035, 0.001122259203502692, 0.0011222592085427788, 0.0011222592165317912, 0.0011222592144781046, 0.001122259233597262, 0.0011222592148529714, 0.0011222592186306013, 0.0011222592204562076]
ZWF
[0.1329     0.15388421 0.17486842 0.19585263 0.21683684 0.23782105
 0.25880526 0.27978947 0.30077368 0.32175789 0.34274211 0.36372632
 0.38471053 0.40569474 0.42667895 0.44766316 0.46864737 0.48963158
 0.51061579 0.5316    ]
[0.0012519904303715994, 0.0012295169421612626, 0.001207836333587812, 0.0011869162907271634, 0.0011667242092123177, 0.0011472275692658814, 0.0011283946603649307, 0.0011101947872295902, 0.0010925984429667657, 0.0010755774289172716, 0.0010591047518518292, 0.001043155108836163, 0.0010277042774478181, 0.001012729272975812, 0.0009982086162320433, 0.0009841217899071533, 0.0009704495247604721, 0.0009571734931409319, 0.0009442766332799882, 0.0009317425274370338]
