time0 0
timef 7200
npoints 100
XVmax 0.5 to 2.0
YVmax 0.5 to 2.0
datapoints 10

CITRA_SYN vs GLT
X [2.         2.66666667 3.33333333 4.         4.66666667 5.33333333
 6.         6.66666667 7.33333333 8.        ]
Y [ 28.5292      38.03893333  47.54866667  57.0584      66.56813333
  76.07786667  85.5876      95.09733333 104.60706667 114.1168    ]
[[0.00185813 0.00280962 0.00387747 0.00500856 0.00614889 0.00725311
  0.00828879 0.00923628 0.01008632 0.01083713]
 [0.00101234 0.00151458 0.00209714 0.00275084 0.00346155 0.00421177
  0.00498276 0.00575649 0.00651718 0.00725201]
 [0.00063607 0.00093758 0.00128658 0.00168253 0.00212302 0.00260376
  0.00311874 0.00366068 0.00422154 0.00479308]
 [0.00043726 0.00063629 0.00086436 0.00112226 0.00141014 0.00172743
  0.00207275 0.00244393 0.00283806 0.00325163]
 [0.00031949 0.00046011 0.00061947 0.00079835 0.00099735 0.00121676
  0.00145655 0.00171632 0.00199528 0.00229225]
 [0.0002439  0.00034833 0.00046546 0.00059591 0.0007402  0.00089878
  0.00107194 0.0012598  0.00146231 0.00167922]
 [0.00019245 0.00027299 0.0003625  0.00046144 0.00057023 0.00068925
  0.00081881 0.00095918 0.00111052 0.00127291]
 [0.00015581 0.00021978 0.00029032 0.00036776 0.0004524  0.00054456
  0.00064452 0.00075251 0.00086876 0.00099343]
 [0.00012878 0.0001808  0.00023777 0.00029993 0.00036751 0.00044075
  0.00051987 0.00060509 0.00069659 0.00079456]
 [0.00010825 0.00015139 0.00019833 0.00024928 0.00030439 0.00036386
  0.00042787 0.00049658 0.00057015 0.00064875]]

CITRA_SYN vs LPD
X [2.         2.66666667 3.33333333 4.         4.66666667 5.33333333
 6.         6.66666667 7.33333333 8.        ]
Y [0.03422065 0.04562753 0.05703442 0.0684413  0.07984818 0.09125507
 0.10266195 0.11406883 0.12547572 0.1368826 ]
[[0.01045794 0.00812    0.00632382 0.00500856 0.00406219 0.00337612
  0.0028684  0.0024832  0.00218368 0.0019455 ]
 [0.00665427 0.00477867 0.00354997 0.00275084 0.00221566 0.00184201
  0.00157027 0.00136541 0.00120623 0.00107938]
 [0.00430907 0.00296468 0.00217148 0.00168253 0.00136185 0.00113907
  0.00097673 0.00085377 0.00075771 0.00068073]
 [0.00290313 0.00196332 0.00143939 0.00112226 0.00091458 0.00076966
  0.0006634  0.00058243 0.00051879 0.00046753]
 [0.00204397 0.00137816 0.00101661 0.00079835 0.00065472 0.00055382
  0.00047938 0.00042231 0.00037725 0.00034079]
 [0.001499   0.00101443 0.00075382 0.00059591 0.0004913  0.00041735
  0.00036246 0.00032019 0.00028666 0.00025944]
 [0.00113873 0.00077552 0.00058039 0.00046144 0.00038213 0.00032572
  0.00028366 0.00025112 0.00022523 0.00020415]
 [0.00089101 0.00061114 0.0004603  0.00036776 0.00030567 0.00026128
  0.00022805 0.00020225 0.00018167 0.00016486]
 [0.0007146  0.00049358 0.00037386 0.00029993 0.00025006 0.00021426
  0.00018735 0.0001664  0.00014965 0.00013594]
 [0.00058506 0.00040676 0.00030962 0.00024928 0.00020837 0.00017889
  0.00015667 0.00013933 0.00012543 0.00011404]]

CITRA_SYN vs ATP_MAINTENANCE
X [2.         2.66666667 3.33333333 4.         4.66666667 5.33333333
 6.         6.66666667 7.33333333 8.        ]
Y [0.65083    0.86777333 1.08471667 1.30166    1.51860333 1.73554667
 1.95249    2.16943333 2.38637667 2.60332   ]
[[0.00753683 0.00622993 0.00548661 0.00500856 0.0046725  0.00442262
  0.00422942 0.00407557 0.00395015 0.00384594]
 [0.00464521 0.00360649 0.00307487 0.00275084 0.00252981 0.00236889
  0.00224645 0.00215017 0.00207249 0.00200848]
 [0.00304426 0.00227039 0.00190166 0.00168253 0.00153499 0.00142864
  0.00134836 0.00128563 0.00123527 0.00119395]
 [0.00211434 0.00153823 0.00127634 0.00112226 0.00101909 0.00094508
  0.00088944 0.00084612 0.00081143 0.00078303]
 [0.00154086 0.00110398 0.00091137 0.00079835 0.00072285 0.00066883
  0.00062831 0.00059683 0.00057166 0.00055108]
 [0.00116729 0.00082838 0.00068191 0.00059591 0.0005385  0.00049749
  0.00046678 0.00044294 0.0004239  0.00040834]
 [0.00091231 0.00064358 0.00052892 0.00046144 0.00041641 0.00038428
  0.00036024 0.00034159 0.00032671 0.00031455]
 [0.00073139 0.00051403 0.00042203 0.00036776 0.00033153 0.0003057
  0.00028638 0.00027141 0.00025946 0.00024971]
 [0.00059875 0.00041985 0.00034451 0.00029993 0.00027018 0.00024897
  0.00023312 0.00022084 0.00021104 0.00020304]
 [0.00049883 0.00034931 0.00028652 0.00024928 0.00022441 0.00020669
  0.00019345 0.0001832  0.00017502 0.00016834]]

CITRA_SYN vs GDH
X [2.         2.66666667 3.33333333 4.         4.66666667 5.33333333
 6.         6.66666667 7.33333333 8.        ]
Y [ 4.332865    5.77715333  7.22144167  8.66573    10.11001833 11.55430667
 12.998595   14.44288333 15.88717167 17.33146   ]
[[0.00640202 0.00610806 0.00555761 0.00500856 0.00451393 0.00408006
  0.00370171 0.00337138 0.00308187 0.00282697]
 [0.00362693 0.00344572 0.00309528 0.00275084 0.00244663 0.00218505
  0.00196117 0.00176906 0.00160331 0.00145945]
 [0.00223305 0.00212751 0.00190355 0.00168253 0.00148833 0.00132253
  0.00118168 0.00106165 0.00095877 0.00086999]
 [0.00148511 0.00142237 0.00127213 0.00112226 0.00099048 0.00087819
  0.00078306 0.00070222 0.00063313 0.00057366]
 [0.0010502  0.00101145 0.00090543 0.00079835 0.00070395 0.0006235
  0.0005554  0.0004976  0.00044826 0.00040585]
 [0.00077878 0.00075392 0.00067578 0.00059591 0.00052526 0.000465
  0.000414   0.00037073 0.00033382 0.0003021 ]
 [0.0005993  0.00058282 0.00052313 0.00046144 0.00040671 0.00035997
  0.0003204  0.00028683 0.0002582  0.00023361]
 [0.00047492 0.0004637  0.00041675 0.00036776 0.00032415 0.00028688
  0.00025531 0.00022852 0.00020567 0.00018605]
 [0.00038538 0.00037757 0.00033974 0.00029993 0.0002644  0.000234
  0.00020823 0.00018636 0.00016771 0.0001517 ]
 [0.00031886 0.00031333 0.00028225 0.00024928 0.00021978 0.00019451
  0.00017309 0.0001549  0.00013939 0.00012607]]

GLT vs LPD
X [ 28.5292      38.03893333  47.54866667  57.0584      66.56813333
  76.07786667  85.5876      95.09733333 104.60706667 114.1168    ]
Y [0.03422065 0.04562753 0.05703442 0.0684413  0.07984818 0.09125507
 0.10266195 0.11406883 0.12547572 0.1368826 ]
[[0.00101206 0.00070926 0.00054194 0.00043726 0.00036601 0.00031452
  0.00027563 0.00024524 0.00022086 0.00020087]
 [0.00154785 0.0010629  0.00079859 0.00063629 0.00052762 0.00045013
  0.00039224 0.00034741 0.00031171 0.00028261]
 [0.00218354 0.00148138 0.00109745 0.00086436 0.00071032 0.00060178
  0.00052149 0.00045983 0.00041106 0.00037155]
 [0.00290313 0.00196332 0.00143939 0.00112226 0.00091458 0.00076966
  0.0006634  0.00058243 0.00051879 0.00046753]
 [0.00368331 0.00250311 0.00182368 0.00141014 0.00114057 0.00095384
  0.00081795 0.0007151  0.00063476 0.00057038]
 [0.00449885 0.00309143 0.00224784 0.00172743 0.00138814 0.00115422
  0.000985   0.00085768 0.00075877 0.00067989]
 [0.00532671 0.00371653 0.00270771 0.00207275 0.00165675 0.00137049
  0.00116432 0.00100995 0.0008906  0.00079583]
 [0.00614801 0.00436573 0.00319769 0.00244393 0.0019455  0.00160218
  0.00135556 0.00117162 0.00102999 0.00091798]
 [0.00694839 0.00502667 0.00371121 0.00283806 0.00225306 0.0018486
  0.0015583  0.00134237 0.00117667 0.00104607]
 [0.00771756 0.00568828 0.00424123 0.00325163 0.00257776 0.00210887
  0.00177198 0.00152179 0.00133031 0.00117984]]

GLT vs ATP_MAINTENANCE
X [ 28.5292      38.03893333  47.54866667  57.0584      66.56813333
  76.07786667  85.5876      95.09733333 104.60706667 114.1168    ]
Y [0.65083    0.86777333 1.08471667 1.30166    1.51860333 1.73554667
 1.95249    2.16943333 2.38637667 2.60332   ]
[[0.00086669 0.00061852 0.00050406 0.00043726 0.0003934  0.00036246
  0.00033949 0.00032177 0.00030768 0.00029621]
 [0.00124202 0.00089143 0.00073052 0.00063629 0.00057403 0.00052989
  0.000497   0.00047156 0.00045129 0.00043476]
 [0.0016588  0.00119824 0.00098788 0.00086436 0.00078221 0.00072364
  0.00067982 0.00064581 0.00061866 0.00059647]
 [0.00211434 0.00153823 0.00127634 0.00112226 0.00101909 0.00094508
  0.00088944 0.00084612 0.00081143 0.00078303]
 [0.00260488 0.00190991 0.00159541 0.00141014 0.00128523 0.00119504
  0.00112689 0.00107362 0.00103084 0.00099573]
 [0.00312571 0.00231099 0.00194385 0.00172743 0.00158049 0.00147368
  0.00139253 0.00132883 0.0012775  0.00123527]
 [0.0036713  0.00273842 0.00231964 0.00207275 0.00190396 0.00178037
  0.00168594 0.00161148 0.00155128 0.0015016 ]
 [0.00423558 0.00318849 0.00272004 0.00244393 0.00225383 0.00211363
  0.00200586 0.00192048 0.0018512  0.00179387]
 [0.0048122  0.003657   0.00314166 0.00283806 0.00262756 0.00247115
  0.00235018 0.00225389 0.00217545 0.00211034]
 [0.0053948  0.00413939 0.00358064 0.00325163 0.0030219  0.0028499
  0.00271605 0.00260898 0.00252144 0.00244855]]

GLT vs GDH
X [ 28.5292      38.03893333  47.54866667  57.0584      66.56813333
  76.07786667  85.5876      95.09733333 104.60706667 114.1168    ]
Y [ 4.332865    5.77715333  7.22144167  8.66573    10.11001833 11.55430667
 12.998595   14.44288333 15.88717167 17.33146   ]
[[0.00056359 0.00055065 0.00049518 0.00043726 0.00038568 0.00034155
  0.00030414 0.00027238 0.00024526 0.00022197]
 [0.00082926 0.00080395 0.00072115 0.00063629 0.00056115 0.00049701
  0.00044268 0.00039656 0.00035719 0.00032335]
 [0.00113642 0.00109445 0.00097995 0.00086436 0.00076244 0.00067556
  0.00060198 0.00053951 0.00048615 0.00044026]
 [0.00148511 0.00142237 0.00127213 0.00112226 0.00099048 0.00087819
  0.00078306 0.00070222 0.00063313 0.00057366]
 [0.00187413 0.00178695 0.00159748 0.00141014 0.00124568 0.00110549
  0.0009866  0.00088547 0.00079891 0.00072433]
 [0.00230096 0.00218631 0.00195483 0.00172743 0.00152786 0.00135756
  0.0012129  0.00108964 0.00098399 0.00089282]
 [0.00276183 0.0026175  0.00234213 0.00207275 0.00183617 0.00163391
  0.00146175 0.00131475 0.0011885  0.00107936]
 [0.00325185 0.00307654 0.0027564  0.00244393 0.00216905 0.00193346
  0.0017324  0.0015603  0.00141216 0.00128384]
 [0.0037653  0.00355868 0.00319387 0.00283806 0.00252428 0.00225451
  0.0020236  0.00182537 0.00165431 0.00150577]
 [0.00429601 0.00405859 0.00365018 0.00325163 0.00289903 0.00259483
  0.00233355 0.00210855 0.00191382 0.0017443 ]]

LPD vs ATP_MAINTENANCE
X [0.03422065 0.04562753 0.05703442 0.0684413  0.07984818 0.09125507
 0.10266195 0.11406883 0.12547572 0.1368826 ]
Y [0.65083    0.86777333 1.08471667 1.30166    1.51860333 1.73554667
 1.95249    2.16943333 2.38637667 2.60332   ]
[[0.00455692 0.003644   0.00319309 0.00290313 0.00269629 0.00254114
  0.00242059 0.0023243  0.00224563 0.00218016]
 [0.00334226 0.00256064 0.00219071 0.00196332 0.00180601 0.00169047
  0.00160206 0.00153227 0.00147578 0.00142912]
 [0.00260022 0.00193251 0.00162402 0.00143939 0.00131414 0.00122345
  0.00115479 0.00110103 0.00105779 0.00102227]
 [0.00211434 0.00153823 0.00127634 0.00112226 0.00101909 0.00094508
  0.00088944 0.00084612 0.00081143 0.00078303]
 [0.00177608 0.0012724  0.00104614 0.00091458 0.00082728 0.00076506
  0.00071852 0.00068241 0.00065359 0.00063005]
 [0.0015287  0.00108268 0.00088412 0.00076966 0.00069419 0.00064067
  0.00060077 0.0005699  0.00054532 0.00052527]
 [0.00134061 0.00094111 0.00076454 0.0006634  0.00059705 0.00055016
  0.0005153  0.00048838 0.00046698 0.00044956]
 [0.00119309 0.00083173 0.00067292 0.00058243 0.00052328 0.0004816
  0.00045067 0.00042684 0.0004079  0.00039251]
 [0.00107444 0.0007448  0.00060062 0.00051879 0.00046548 0.00042798
  0.00040021 0.00037883 0.00036187 0.00034808]
 [0.00097703 0.00067414 0.00054218 0.00046753 0.00041902 0.00038496
  0.00035977 0.0003404  0.00032504 0.00031257]]

LPD vs GDH
X [0.03422065 0.04562753 0.05703442 0.0684413  0.07984818 0.09125507
 0.10266195 0.11406883 0.12547572 0.1368826 ]
Y [ 4.332865    5.77715333  7.22144167  8.66573    10.11001833 11.55430667
 12.998595   14.44288333 15.88717167 17.33146   ]
[[0.0036572  0.00356561 0.00324391 0.00290313 0.00259272 0.0023213
  0.00208659 0.00188378 0.00170797 0.00155484]
 [0.002536   0.00245098 0.00221039 0.00196332 0.00174236 0.00155176
  0.00138871 0.00124908 0.00112894 0.00102498]
 [0.00188725 0.00181392 0.00162745 0.00143939 0.00127296 0.0011305
  0.00100937 0.00090614 0.00081769 0.00074142]
 [0.00148511 0.00142237 0.00127213 0.00112226 0.00099048 0.00087819
  0.00078306 0.00070222 0.00063313 0.00057366]
 [0.00121766 0.00116345 0.00103842 0.00091458 0.00080614 0.00071402
  0.00063615 0.0005701  0.00051373 0.00046527]
 [0.00102905 0.0009816  0.00087486 0.00076966 0.00067781 0.00059993
  0.00053421 0.00047853 0.00043106 0.0003903 ]
 [0.00088972 0.00084765 0.00075469 0.0006634  0.00058386 0.00051652
  0.00045976 0.00041171 0.00037078 0.00033565]
 [0.00078295 0.00074522 0.00066298 0.00058243 0.00051235 0.00045309
  0.00040318 0.00036096 0.00032502 0.00029418]
 [0.00069868 0.00066453 0.00059083 0.00051879 0.00045621 0.00040333
  0.00035881 0.00032119 0.00028916 0.0002617 ]
 [0.00063057 0.00059939 0.00053265 0.00046753 0.00041101 0.00036329
  0.00032314 0.00028921 0.00026034 0.0002356 ]]

ATP_MAINTENANCE vs GDH
X [0.65083    0.86777333 1.08471667 1.30166    1.51860333 1.73554667
 1.95249    2.16943333 2.38637667 2.60332   ]
Y [ 4.332865    5.77715333  7.22144167  8.66573    10.11001833 11.55430667
 12.998595   14.44288333 15.88717167 17.33146   ]
[[0.00322416 0.0028116  0.0024295  0.00211434 0.00185674 0.0016443
  0.00146703 0.00131738 0.00118973 0.00107983]
 [0.00229137 0.00204458 0.00177232 0.00153823 0.00134472 0.00118501
  0.00105217 0.00094058 0.00084591 0.00076485]
 [0.00178675 0.00165506 0.00145836 0.00127634 0.00112106 0.0009908
  0.00088146 0.00078909 0.00071044 0.00064295]
 [0.00148511 0.00142237 0.00127213 0.00112226 0.00099048 0.00087819
  0.00078306 0.00070222 0.00063313 0.00057366]
 [0.00128857 0.00126816 0.00114789 0.00101909 0.00090286 0.00080253
  0.00071688 0.00064376 0.00058106 0.00052697]
 [0.00115184 0.0011589  0.00105915 0.00094508 0.00083982 0.00074798
  0.0006691  0.00060149 0.00054337 0.00049313]
 [0.0010518  0.00107765 0.0009927  0.00088944 0.00079232 0.0007068
  0.00063298 0.0005695  0.00051481 0.00046747]
 [0.00097568 0.00101496 0.00094112 0.00084612 0.00075525 0.00067463
  0.00060472 0.00054446 0.00049244 0.00044736]
 [0.00091593 0.00096515 0.00089993 0.00081143 0.00072553 0.00064879
  0.00058202 0.00052432 0.00047444 0.00043116]
 [0.00086784 0.00092463 0.00086628 0.00078303 0.00070116 0.00062759
  0.00056337 0.00050777 0.00045963 0.00041784]]

