time0 0
timef 7200
Vmax 0.1to1.0

MQO
[0.46228300000000005, 0.5471921224489796, 0.6321012448979593, 0.7170103673469388, 0.8019194897959184, 0.8868286122448981, 0.9717377346938776, 1.056646857142857, 1.1415559795918369, 1.2264651020408164, 1.311374224489796, 1.3962833469387756, 1.4811924693877552, 1.5661015918367347, 1.6510107142857142, 1.735919836734694, 1.8208289591836735, 1.905738081632653, 1.9906472040816328, 2.0755563265306125, 2.160465448979592, 2.2453745714285716, 2.330283693877551, 2.4151928163265306, 2.5001019387755106, 2.58501106122449, 2.6699201836734696, 2.754829306122449, 2.8397384285714287, 2.9246475510204086, 3.009556673469388, 3.0944657959183677, 3.179374918367347, 3.2642840408163267, 3.3491931632653063, 3.4341022857142858, 3.5190114081632657, 3.6039205306122453, 3.688829653061225, 3.7737387755102043, 3.858647897959184, 3.9435570204081634, 4.028466142857143, 4.113375265306122, 4.198284387755102, 4.2831935102040815, 4.368102632653061, 4.4530117551020405, 4.537920877551021, 4.62283]
[0.0010293116691198901, 0.0010184845011804652, 0.0010104107380402459, 0.0010042044138186656, 0.0009993307169514733, 0.0009954483182130413, 0.0009923302301137625, 0.0009898231593946675, 0.000987820245239846, 0.0009862475148014428, 0.000985054366928942, 0.0009842071310455177, 0.0009836857543369885, 0.0009834797610879485, 0.000983586536823595, 0.0009840090176797566, 0.0009847539965835645, 0.000985830046793268, 0.0009872464399302613, 0.0009890103651678751, 0.0009911269310631636, 0.000993596389458769, 0.0009964156249057097, 0.0009995754195467094, 0.0010030619150644497, 0.0010068562590546972, 0.0010109354119816423, 0.0010152728290105909, 0.0010198393090493352, 0.0010246038898806006, 0.0010295347208355754, 0.00103459975530846, 0.0010397675997071754, 0.001045008221181414, 0.0010502929129524502, 0.0010555949683138102, 0.0010608902713970586, 0.0010661568219313851, 0.0010713751467241862, 0.0010765282842835119, 0.0010816015299020718, 0.0010865825744874082, 0.001091461272118255, 0.0010962293506691985, 0.0011008803327326108, 0.001105409582315581, 0.0011098136189874042, 0.0011140903969286782, 0.0011182389311372501, 0.0011222591862327961]
ATP_MAINTENANCE
[0.130166, 0.15407404081632653, 0.17798208163265306, 0.2018901224489796, 0.22579816326530613, 0.24970620408163266, 0.2736142448979592, 0.29752228571428574, 0.32143032653061226, 0.3453383673469388, 0.3692464081632653, 0.39315444897959184, 0.4170624897959184, 0.44097053061224495, 0.4648785714285715, 0.488786612244898, 0.5126946530612245, 0.536602693877551, 0.5605107346938776, 0.5844187755102042, 0.6083268163265306, 0.6322348571428572, 0.6561428979591837, 0.6800509387755103, 0.7039589795918368, 0.7278670204081633, 0.7517750612244899, 0.7756831020408164, 0.799591142857143, 0.8234991836734694, 0.847407224489796, 0.8713152653061225, 0.895223306122449, 0.9191313469387756, 0.9430393877551021, 0.9669474285714287, 0.9908554693877552, 1.0147635102040817, 1.0386715510204083, 1.0625795918367347, 1.0864876326530613, 1.1103956734693878, 1.1343037142857144, 1.158211755102041, 1.1821197959183674, 1.206027836734694, 1.2299358775510205, 1.253843918367347, 1.2777519591836737, 1.30166]
[1.460360382187281e-12, 1.0718311094730277e-11, 5.779482218110676e-11, 2.494229103270937e-10, 1.834946332377681e-09, 0.01557467184025762, 0.000753454098499247, 2.1063600799078116e-09, 0.01078389377515649, 0.00994037707266425, 0.008802484757777146, 0.007631546119937633, 0.006493444202543193, 0.005404950940009028, 0.0044047200996400705, 0.003604307125300662, 0.003104142863205091, 0.0028081305841368507, 0.0026040042305438544, 0.0024443968573094736, 0.0023107850600754395, 0.00219493051932125, 0.0020926376591405916, 0.00200147426807726, 0.001919830377116198, 0.0018464956044733228, 0.00178046963213236, 0.001720877139768631, 0.0016669351573593014, 0.0016179425209169103, 0.0015732769875870165, 0.001532391590145264, 0.0014948117729428677, 0.0014601288617029817, 0.0014279937533536087, 0.0013981087300434423, 0.0013702207581130733, 0.0013441142847328278, 0.0013196054018735066, 0.0012965365092711546, 0.0012747719656069835, 0.0012541943618222214, 0.0012347015046680352, 0.0012162037603620274, 0.0011986224767019235, 0.0011818876069535922, 0.0011659366474751432, 0.001150714545456185, 0.0011361704285969309, 0.0011222591862327961]
CITRA_SYN
[0.4, 0.47346938775510206, 0.5469387755102041, 0.6204081632653062, 0.6938775510204083, 0.7673469387755103, 0.8408163265306123, 0.9142857142857144, 0.9877551020408164, 1.0612244897959184, 1.1346938775510205, 1.2081632653061225, 1.2816326530612248, 1.3551020408163268, 1.4285714285714288, 1.5020408163265309, 1.575510204081633, 1.648979591836735, 1.722448979591837, 1.795918367346939, 1.869387755102041, 1.942857142857143, 2.016326530612245, 2.089795918367347, 2.163265306122449, 2.236734693877551, 2.3102040816326532, 2.3836734693877553, 2.4571428571428573, 2.5306122448979593, 2.6040816326530614, 2.6775510204081634, 2.7510204081632654, 2.8244897959183675, 2.8979591836734695, 2.9714285714285715, 3.0448979591836736, 3.1183673469387756, 3.1918367346938776, 3.2653061224489797, 3.3387755102040817, 3.4122448979591837, 3.4857142857142858, 3.559183673469388, 3.63265306122449, 3.706122448979592, 3.779591836734694, 3.853061224489796, 3.9265306122448984, 4.0]
[0.01581027637828905, 0.016400536448479736, 0.01660299659662051, 0.0165011399765059, 0.016165111357644982, 0.01565390626268647, 0.015016905383580392, 0.01429505653292561, 0.01352185955829803, 0.012724247662901521, 0.01192340564128913, 0.011135547785637434, 0.01037265373336942, 0.009643159719866653, 0.008952598553782377, 0.008304175201028349, 0.007699276556640995, 0.007137912229740419, 0.006619083270000015, 0.006141087128515655, 0.005701759650381732, 0.005298665272927415, 0.00492924057387145, 0.0045908996683096314, 0.0042811103110681845, 0.00399744296731052, 0.0037376045222447737, 0.0034994548644207914, 0.003281016420053119, 0.003080473460682824, 0.002896168716466087, 0.0027265952357503546, 0.0025703876140809015, 0.0024263113568077097, 0.0022932520102923815, 0.002170205278641443, 0.0020562657675741508, 0.0019506185586260583, 0.001852529309035753, 0.0017613368321261376, 0.0016764448778776508, 0.0015973160877462234, 0.0015234651368963921, 0.001454453637850842, 0.0013898858550045786, 0.0013294030632988122, 0.0012726804033947662, 0.001219423193633937, 0.00116936383081921, 0.0011222591862327961]
CYTBO
[0.854045, 1.0109104081632654, 1.1677758163265306, 1.3246412244897958, 1.4815066326530613, 1.6383720408163267, 1.795237448979592, 1.9521028571428571, 2.1089682653061224, 2.2658336734693876, 2.4226990816326532, 2.5795644897959185, 2.7364298979591837, 2.893295306122449, 3.0501607142857146, 3.2070261224489798, 3.363891530612245, 3.52075693877551, 3.6776223469387754, 3.834487755102041, 3.9913531632653063, 4.148218571428571, 4.305083979591837, 4.4619493877551015, 4.618814795918367, 4.775680204081633, 4.932545612244898, 5.089411020408163, 5.246276428571429, 5.403141836734694, 5.560007244897959, 5.716872653061224, 5.87373806122449, 6.0306034693877555, 6.18746887755102, 6.344334285714286, 6.501199693877551, 6.658065102040816, 6.814930510204082, 6.971795918367347, 7.1286613265306125, 7.285526734693877, 7.442392142857143, 7.599257551020409, 7.756122959183673, 7.912988367346939, 8.069853775510204, 8.226719183673469, 8.383584591836733, 8.54045]
[1.012503287625064e-14, 3.581675325569681e-14, 1.1274309514978896e-13, 3.271149929573829e-13, 8.98547323508606e-13, 2.386239335269072e-12, 6.223046117437527e-12, 7.043476528633219e-05, 9.569160115773868e-07, 0.0002130937348033777, 0.0005164663352247651, 0.0007316736623197824, 0.0008674294960804705, 0.0009544253467502862, 0.0010116236425384536, 0.0010500966394945592, 0.0010764575555939008, 0.0010947817729798496, 0.0011076552753346203, 0.001116761502989917, 0.0011232207807058956, 0.0011277931101679052, 0.0011310027206274664, 0.0011332168758344367, 0.0011346960531458269, 0.0011356275851365921, 0.001136147545518322, 0.0011363558296592342, 0.001136326586189202, 0.0011361155746851452, 0.0011357648604791203, 0.0011353061843807633, 0.0011347644518824949, 0.001134158989193273, 0.001133504329060453, 0.001132812636280459, 0.0011320931186802378, 0.0011313532457057822, 0.0011305989943528854, 0.0011298351912705082, 0.0011290657536246922, 0.0011282938157505507, 0.001127522236788045, 0.001126752480313755, 0.0011259867900523088, 0.0011252265617531434, 0.0011244728179574746, 0.001123726532481113, 0.0011229884498633734, 0.0011222591862327961]
EDA
[0.00775241, 0.009176322040816327, 0.010600234081632654, 0.012024146122448981, 0.013448058163265306, 0.014871970204081632, 0.01629588224489796, 0.017719794285714286, 0.01914370632653061, 0.02056761836734694, 0.021991530408163266, 0.02341544244897959, 0.02483935448979592, 0.026263266530612246, 0.02768717857142857, 0.0291110906122449, 0.030535002653061225, 0.03195891469387755, 0.03338282673469388, 0.0348067387755102, 0.03623065081632653, 0.03765456285714286, 0.03907847489795918, 0.04050238693877551, 0.04192629897959184, 0.04335021102040816, 0.04477412306122449, 0.04619803510204082, 0.04762194714285714, 0.04904585918367347, 0.0504697712244898, 0.05189368326530612, 0.05331759530612245, 0.05474150734693878, 0.0561654193877551, 0.05758933142857143, 0.05901324346938776, 0.06043715551020408, 0.06186106755102041, 0.06328497959183674, 0.06470889163265306, 0.06613280367346938, 0.06755671571428572, 0.06898062775510204, 0.07040453979591836, 0.0718284518367347, 0.07325236387755102, 0.07467627591836734, 0.07610018795918368, 0.0775241]
[0.0011223076136940668, 0.0011224108876632972, 0.0011224701182199195, 0.0011225014167054173, 0.0011225146643856555, 0.0011225159566556093, 0.0011225095005679515, 0.0011224990747349779, 0.00112248613809174, 0.001122471889805034, 0.001122457352027052, 0.0011224431489482074, 0.0011224295682394272, 0.0011224167932015333, 0.0011224048313984013, 0.001122393837222461, 0.0011223836387028836, 0.001122374244867624, 0.0011223667701871583, 0.0011223576012483216, 0.0011223501885643124, 0.0011223434438614851, 0.0011223371323604142, 0.00112233139538898, 0.0011223259284119029, 0.0011223209113134665, 0.0011223162217058364, 0.0011223118513453813, 0.0011223079392834443, 0.0011223039471428653, 0.0011223003699576844, 0.0011222970119607494, 0.0011222937916519412, 0.0011222908244466316, 0.001122288004892502, 0.0011222846853942638, 0.0011222828118254988, 0.0011222804213686132, 0.0011222781503900938, 0.0011222760018026595, 0.0011222739266782697, 0.0011222719439700234, 0.0011222701797411125, 0.0011222682661716841, 0.0011222666483392389, 0.0011222650216015748, 0.0011222634812055685, 0.0011222619819203777, 0.001122260535260624, 0.0011222591862327961]
GDH
[0.866573, 1.025739469387755, 1.1849059387755103, 1.3440724081632653, 1.5032388775510204, 1.6624053469387756, 1.8215718163265306, 1.980738285714286, 2.139904755102041, 2.299071224489796, 2.4582376938775514, 2.6174041632653062, 2.776570632653061, 2.9357371020408163, 3.0949035714285715, 3.254070040816327, 3.413236510204082, 3.5724029795918373, 3.7315694489795916, 3.890735918367347, 4.049902387755102, 4.209068857142857, 4.368235326530613, 4.527401795918368, 4.686568265306122, 4.8457347346938775, 5.004901204081633, 5.164067673469388, 5.323234142857143, 5.482400612244898, 5.641567081632653, 5.800733551020408, 5.959900020408163, 6.119066489795919, 6.278232959183674, 6.437399428571429, 6.5965658979591835, 6.755732367346939, 6.914898836734694, 7.074065306122449, 7.2332317755102045, 7.39239824489796, 7.551564714285714, 7.710731183673469, 7.869897653061225, 8.02906412244898, 8.188230591836735, 8.347397061224491, 8.506563530612246, 8.66573]
[3.762105593558808e-08, 7.216430543171375e-07, 7.620019509406257e-06, 2.7950369792541896e-05, 6.905553095081983e-05, 0.00013471955283423485, 0.00022578608170084263, 0.00033976587224595007, 0.000470721133925094, 0.000610198525046983, 0.0007494476028740389, 0.0008812459033959159, 0.00100076012638822, 0.0011054985981944062, 0.0011947843628800805, 0.0012691318190324117, 0.0013297235554662987, 0.0013780419403773756, 0.0014156374856298668, 0.0014439975744247899, 0.0014644817606352227, 0.0014782973363265495, 0.001486495256707426, 0.0014899803481396592, 0.0014895245364786496, 0.0014857848995887633, 0.001479317386748755, 0.0014705919907602371, 0.001460006327773583, 0.0014478957705484066, 0.0014345436679024973, 0.0014201893604873202, 0.0014050349982910272, 0.0013892516731390883, 0.0013729832861717809, 0.0013563532681543486, 0.0013394633136324195, 0.0013224013204101554, 0.0013052409240192715, 0.001288044157557585, 0.0012708630404210523, 0.0012537416539524617, 0.0012367169239030414, 0.0012198194250170465, 0.0012030746700987312, 0.0011865037731999023, 0.0011701240955026822, 0.0011539489612225067, 0.0011379917969878905, 0.0011222591862327961]
PFK
[0.0185253, 0.021927906122448982, 0.025330512244897962, 0.02873311836734694, 0.03213572448979592, 0.0355383306122449, 0.03894093673469388, 0.042343542857142855, 0.04574614897959184, 0.04914875510204082, 0.0525513612244898, 0.05595396734693878, 0.059356573469387754, 0.06275917959183674, 0.06616178571428571, 0.0695643918367347, 0.07296699795918368, 0.07636960408163265, 0.07977221020408164, 0.08317481632653062, 0.08657742244897959, 0.08998002857142856, 0.09338263469387756, 0.09678524081632653, 0.1001878469387755, 0.1035904530612245, 0.10699305918367347, 0.11039566530612246, 0.11379827142857143, 0.1172008775510204, 0.1206034836734694, 0.12400608979591837, 0.12740869591836734, 0.13081130204081634, 0.1342139081632653, 0.13761651428571428, 0.14101912040816328, 0.14442172653061225, 0.14782433265306122, 0.1512269387755102, 0.1546295448979592, 0.15803215102040816, 0.16143475714285713, 0.16483736326530612, 0.1682399693877551, 0.17164257551020407, 0.17504518163265306, 0.17844778775510203, 0.181850393877551, 0.185253]
[5.23595214604509e-09, 1.939626917622607e-08, 5.6823847408375674e-08, 1.3953428345768108e-07, 2.9994308160414406e-07, 5.832410394267209e-07, 1.051278575772528e-06, 1.7884269797885267e-06, 2.90648580005666e-06, 6.4898806999405715e-06, 9.869410701562767e-05, 0.00039327481772600403, 0.0007366665765425847, 0.0009101868599675187, 0.0009869141893612083, 0.0010279699083182456, 0.0010532844137836285, 0.001070342515988496, 0.001082525684986245, 0.0010915832509807394, 0.0010985132796965376, 0.0011039282547151026, 0.0011082257819496973, 0.0011116756185305875, 0.00111446762433055, 0.0011167389811271877, 0.001118592080803784, 0.0011201042812791443, 0.0011213354301998363, 0.0011223325122311806, 0.0011231328666864826, 0.001123766530033257, 0.0011242582599575509, 0.001124627989644728, 0.0011248925049249952, 0.0011250656727476423, 0.001125159657687296, 0.0011251842905049823, 0.0011251475052592422, 0.0011250573217190406, 0.001124919889021751, 0.0011247403680878026, 0.0011245237909872597, 0.001124274199470552, 0.0011239952316378463, 0.0011236900622053783, 0.0011233615177493423, 0.001123012090108214, 0.0011226439868567545, 0.0011222591862327961]
