0.19674271518990832
0.20053168272022306
0.20047762333749197
0.20053286673194323
0.428487207884182
0.42841300094140267
0.426980524353329
0.42717359321441495
0.3191418777868615
0.0930837559757485
0.0915827947883229
0.04893533572697713
0.025051280106386895
0.03167901319122362
0.02249301426048962
0.00819183547743101
0.014016951199536491
0.014101660877207718
0.014307050447196564
0.002607281154629967
1.10980303796623
0.8171381369399795
2.9013738155718436e-05
0.06626717387864485
0.5117718995013029
0.40444187245510077
0.4107958066321672
0.40480641980107895
0.4044418084628412
0.40532870798933096
0.39685317525629665
0.40294193840414594
0.40669644958435053
3.3851162895788875
2.953802588109423
0.1726640274937372
0.169715003520765
0.0017115060410461181
0.0017110518981697143
0.06473642955372702
0.06441922831493409
0.6727380843157397
0.4853816041244445
0.17997353989851897
3.154403527912455
0.008511501881780835
0.008509320500972598
0.1728361192036956
0.2060899582249575
0.17446851213476955
0.23000015327582135
0.23000055660765836
0.23000003510063216
0.23000007736326533
0.23000007874796582
0.19865526314357557
0.20051364678609762
0.20051430165300924
0.2018750956431272
0.4285289967648565
0.42745379566789937
0.42686509196798433
0.42644916455118725
0.26924710122148454
0.09286461962738203
0.08569705047237648
0.05521110863580461
0.02057897322973512
