time0 0
timef 7200
npoints 100
XVmax 0.1 to 1.0
YVmax 0.1 to 1.0
datapoints 10

CITRA_SYN vs GLT
X [0.4 0.8 1.2 1.6 2.  2.4 2.8 3.2 3.6 4. ]
Y [ 5.70584 11.41168 17.11752 22.82336 28.5292  34.23504 39.94088 45.64672
 51.35256 57.0584 ]
[[5.51904080e-03 1.15098569e-02 1.47910883e-02 1.63260706e-02
  1.69353683e-02 1.70523191e-02 1.69015067e-02 1.66037889e-02
  1.62269410e-02 1.58102764e-02]
 [1.34045063e-03 3.42882040e-03 5.88915433e-03 8.27217429e-03
  1.03194157e-02 1.19631060e-02 1.32319312e-02 1.41854519e-02
  1.48849615e-02 1.53837080e-02]
 [6.28951886e-04 1.51423498e-03 2.63412819e-03 3.92671391e-03
  5.30575381e-03 6.68548461e-03 7.99900527e-03 9.20411249e-03
  1.02802075e-02 1.12220409e-02]
 [3.70726156e-04 8.55912191e-04 1.45748708e-03 2.16875376e-03
  2.97378773e-03 3.84899490e-03 4.76648027e-03 5.69803028e-03
  6.61841865e-03 7.50734980e-03]
 [2.46662449e-04 5.54174733e-04 9.25334194e-04 1.36071415e-03
  1.85813156e-03 2.41239760e-03 3.01547589e-03 3.65705758e-03
  4.32544737e-03 5.00855803e-03]
 [1.76984797e-04 3.90228403e-04 6.41696002e-04 9.32665138e-04
  1.26350932e-03 1.63351369e-03 2.04076079e-03 2.48211736e-03
  2.95333777e-03 3.44927593e-03]
 [1.33688669e-04 2.90768992e-04 4.72535977e-04 6.80041601e-04
  9.14007349e-04 1.17473677e-03 1.46203820e-03 1.77516803e-03
  2.11280466e-03 2.47305996e-03]
 [1.04815621e-04 2.25627131e-04 3.63297591e-04 5.18596008e-04
  6.92159594e-04 8.84453314e-04 1.09572964e-03 1.32599163e-03
  1.57496274e-03 1.84206772e-03]
 [8.45320110e-05 1.80500218e-04 2.88495206e-04 4.09069160e-04
  5.42718371e-04 6.89863856e-04 8.50831000e-04 1.02582882e-03
  1.21493077e-03 1.41805787e-03]
 [6.97022551e-05 1.47872829e-04 2.34927260e-04 3.31265409e-04
  4.37262463e-04 5.53259394e-04 6.79552292e-04 8.16381169e-04
  9.63918672e-04 1.12225919e-03]]

CITRA_SYN vs LPD
X [0.4 0.8 1.2 1.6 2.  2.4 2.8 3.2 3.6 4. ]
Y [0.00684413 0.01368826 0.02053239 0.02737652 0.03422065 0.04106478
 0.04790891 0.05475304 0.06159717 0.0684413 ]
[[0.0177695  0.01760125 0.0174225  0.01723196 0.01702875 0.01681229
  0.01658222 0.01633842 0.01608099 0.01581028]
 [0.02198313 0.02127428 0.02058248 0.01988338 0.01916876 0.01843647
  0.01768765 0.01692569 0.01615563 0.01538371]
 [0.02195019 0.02058927 0.01931833 0.01807727 0.01685245 0.01564575
  0.01446636 0.01332705 0.01224148 0.01122204]
 [0.02031107 0.01842974 0.01670895 0.01507982 0.01353414 0.01208289
  0.01074282 0.00952903 0.00845033 0.00750735]
 [0.01817525 0.01594027 0.01393976 0.01211248 0.01045794 0.00898978
  0.00771813 0.00664149 0.00574583 0.00500856]
 [0.01601739 0.0135729  0.01144347 0.00957727 0.00797373 0.0066343
  0.00554538 0.00467715 0.00399124 0.00344928]
 [0.014024   0.01148319 0.00933978 0.00754485 0.0060853  0.00493632
  0.00405315 0.00338113 0.00286848 0.00247306]
 [0.01225478 0.00970163 0.00762327 0.00596419 0.00468717 0.00373471
  0.00303498 0.00251978 0.00213507 0.00184207]
 [0.01071493 0.00820866 0.00624455 0.00475117 0.00366009 0.00288303
  0.00233125 0.00193363 0.00164024 0.00141806]
 [0.00938745 0.00696768 0.00514458 0.00382349 0.00290313 0.00227183
  0.00183427 0.00152308 0.00129482 0.00112226]]

CITRA_SYN vs ATP_MAINTENANCE
X [0.4 0.8 1.2 1.6 2.  2.4 2.8 3.2 3.6 4. ]
Y [0.130166 0.260332 0.390498 0.520664 0.65083  0.780996 0.911162 1.041328
 1.171494 1.30166 ]
[[8.33123084e-10 2.56575099e-06 1.70138048e-02 1.68514562e-02
  1.66612856e-02 1.64628006e-02 1.62737546e-02 1.61014802e-02
  1.59473531e-02 1.58102764e-02]
 [5.57384339e-11 6.98649872e-02 1.89494789e-02 1.79181467e-02
  1.73077329e-02 1.67941236e-02 1.63556596e-02 1.59812373e-02
  1.56603471e-02 1.53837080e-02]
 [1.96384680e-11 8.30425380e-09 1.77605893e-02 1.49254977e-02
  1.38441952e-02 1.30629867e-02 1.24504480e-02 1.19592860e-02
  1.15572142e-02 1.12220409e-02]
 [1.01369677e-11 4.68248435e-02 1.59458488e-02 1.17047873e-02
  1.02751452e-02 9.37608254e-03 8.71716053e-03 8.21696374e-03
  7.82440245e-03 7.50734980e-03]
 [6.21973398e-12 2.09612983e-10 1.41209375e-02 9.09819265e-03
  7.53683110e-03 6.65826675e-03 6.04957503e-03 5.60800988e-03
  5.27281196e-03 5.00855803e-03]
 [4.21614613e-12 2.19139776e-02 1.24668158e-02 7.11002416e-03
  5.59851218e-03 4.81175173e-03 4.29187084e-03 3.92810604e-03
  3.65844911e-03 3.44927593e-03]
 [3.05056287e-12 4.85784253e-09 1.10195648e-02 5.61337692e-03
  4.24735493e-03 3.57146600e-03 3.14224901e-03 2.85005368e-03
  2.63682225e-03 2.47305996e-03]
 [2.31148510e-12 1.11692389e-02 9.76884590e-03 4.48803409e-03
  3.29643452e-03 2.72533046e-03 2.37450195e-03 2.14041477e-03
  1.97123980e-03 1.84206772e-03]
 [1.81287646e-12 2.33329080e-02 8.69103272e-03 3.63789923e-03
  2.61435115e-03 2.13354681e-03 1.84624572e-03 1.65724975e-03
  1.52142815e-03 1.41805787e-03]
 [1.46036038e-12 1.57103017e-02 7.76043772e-03 2.98999488e-03
  2.11433907e-03 1.70842768e-03 1.47139062e-03 1.31697376e-03
  1.20632796e-03 1.12225919e-03]]

CITRA_SYN vs GDH
X [0.4 0.8 1.2 1.6 2.  2.4 2.8 3.2 3.6 4. ]
Y [0.866573 1.733146 2.599719 3.466292 4.332865 5.199438 6.066011 6.932584
 7.799157 8.66573 ]
[[7.85536681e-03 1.27543076e-02 1.51509878e-02 1.61786766e-02
  1.64238692e-02 1.64078703e-02 1.62969113e-02 1.61475199e-02
  1.59820249e-02 1.58102764e-02]
 [9.18644900e-05 9.21017895e-03 1.41771000e-02 1.62986300e-02
  1.67980210e-02 1.67385711e-02 1.64758669e-02 1.61339639e-02
  1.57625768e-02 1.53837080e-02]
 [7.29949440e-06 4.78309528e-03 1.00840414e-02 1.24939667e-02
  1.30375522e-02 1.29211304e-02 1.25703521e-02 1.21360521e-02
  1.16780636e-02 1.12220409e-02]
 [2.13716939e-06 2.36822150e-03 6.62849342e-03 8.75451710e-03
  9.22543082e-03 9.09239695e-03 8.75001208e-03 8.34018318e-03
  7.91836514e-03 7.50734980e-03]
 [8.66090280e-07 1.26553967e-03 4.34609902e-03 6.02431034e-03
  6.40202337e-03 6.28756252e-03 6.00444743e-03 5.67101243e-03
  5.33301047e-03 5.00855803e-03]
 [4.03521738e-07 7.45526203e-04 2.93333096e-03 4.21081682e-03
  4.51033440e-03 4.42503722e-03 4.20741873e-03 3.95172546e-03
  3.69431714e-03 3.44927593e-03]
 [2.03894295e-07 4.76726444e-04 2.05563452e-03 3.02879271e-03
  3.26928250e-03 3.21005325e-03 3.04632786e-03 2.85262411e-03
  2.65783282e-03 2.47305996e-03]
 [1.09703145e-07 3.24678009e-04 1.49431737e-03 2.24762191e-03
  2.44421673e-03 2.40452254e-03 2.28089952e-03 2.13282379e-03
  1.98355951e-03 1.84206772e-03]
 [6.25083941e-08 2.32016234e-04 1.12235615e-03 1.71756617e-03
  1.88105542e-03 1.85502307e-03 1.76034315e-03 1.64520350e-03
  1.52864766e-03 1.41805787e-03]
 [3.76210559e-08 1.72122288e-04 8.67141473e-04 1.34711662e-03
  1.48511069e-03 1.46838770e-03 1.39457326e-03 1.30333093e-03
  1.21049644e-03 1.12225919e-03]]

GLT vs LPD
X [ 5.70584 11.41168 17.11752 22.82336 28.5292  34.23504 39.94088 45.64672
 51.35256 57.0584 ]
Y [0.00684413 0.01368826 0.02053239 0.02737652 0.03422065 0.04106478
 0.04790891 0.05475304 0.06159717 0.0684413 ]
[[6.23697667e-04 3.41565559e-04 2.31336202e-04 1.74211548e-04
  1.39525294e-04 1.16291443e-04 9.96626218e-05 8.71808760e-05
  7.74704159e-05 6.97022551e-05]
 [1.48790290e-03 8.07626803e-04 5.30226245e-04 3.90098923e-04
  3.07344444e-04 2.53141958e-04 2.15021640e-04 1.86800403e-04
  1.65086828e-04 1.47872829e-04]
 [2.50003649e-03 1.40199707e-03 9.05458946e-04 6.53289066e-04
  5.06841400e-04 4.12642334e-04 3.47417264e-04 2.99745654e-04
  2.63451114e-04 2.34927260e-04]
 [3.56847441e-03 2.10502390e-03 1.35982616e-03 9.67985396e-04
  7.41012604e-04 5.96756407e-04 4.98136627e-04 4.26874453e-04
  3.73145020e-04 3.31265409e-04]
 [4.63836343e-03 2.88312093e-03 1.88816342e-03 1.33589520e-03
  1.01206426e-03 8.07163345e-04 6.68346229e-04 5.68983611e-04
  4.94714074e-04 4.37262463e-04]
 [5.68130604e-03 3.70257433e-03 2.47830762e-03 1.75549589e-03
  1.32100763e-03 1.04508161e-03 8.59014042e-04 7.26773075e-04
  6.28649372e-04 5.53259394e-04]
 [6.68297209e-03 4.53669374e-03 3.11432117e-03 2.22200172e-03
  1.66735820e-03 1.31109846e-03 1.07082708e-03 9.00804325e-04
  7.75367181e-04 6.79552292e-04]
 [7.63629311e-03 5.36661474e-03 3.77990778e-03 2.72806956e-03
  2.04903639e-03 1.60503634e-03 1.30411333e-03 1.09146138e-03
  9.35187863e-04 8.16381169e-04]
 [8.53810463e-03 6.17968963e-03 4.46059555e-03 3.26492448e-03
  2.46250927e-03 1.92588747e-03 1.55877929e-03 1.29891220e-03
  1.10831542e-03 9.63918672e-04]
 [9.38745018e-03 6.96767653e-03 5.14457553e-03 3.82348590e-03
  2.90313383e-03 2.27183121e-03 1.83427229e-03 1.52307808e-03
  1.29481823e-03 1.12225919e-03]]

GLT vs ATP_MAINTENANCE
X [ 5.70584 11.41168 17.11752 22.82336 28.5292  34.23504 39.94088 45.64672
 51.35256 57.0584 ]
Y [0.130166 0.260332 0.390498 0.520664 0.65083  0.780996 0.911162 1.041328
 1.171494 1.30166 ]
[[1.37076037e-13 1.61899117e-03 6.36726235e-04 1.98033950e-04
  1.42276193e-04 1.12905828e-04 9.54922563e-05 8.39780967e-05
  7.57990780e-05 6.97022551e-05]
 [2.76045529e-13 2.83193883e-03 1.36802495e-03 4.17439999e-04
  2.99927338e-04 2.38321298e-04 2.01884795e-04 1.77804270e-04
  1.60670575e-04 1.47872829e-04]
 [4.16943777e-13 9.69553673e-10 2.16200335e-03 6.58735407e-04
  4.73166871e-04 3.76523271e-04 3.19498460e-04 2.81844130e-04
  2.55011559e-04 2.34927260e-04]
 [5.59806664e-13 1.47557327e-09 2.99043768e-03 9.22402050e-04
  6.62096521e-04 5.27720525e-04 4.48605065e-04 3.96427369e-04
  3.59194446e-04 3.31265409e-04]
 [7.04670127e-13 3.62241050e-03 3.83063471e-03 1.20888167e-03
  8.66692617e-04 6.92043226e-04 5.89418257e-04 5.21839264e-04
  4.73557529e-04 4.37262463e-04]
 [8.51572013e-13 5.94035691e-03 4.66552608e-03 1.51855261e-03
  1.08680229e-03 8.69532845e-04 7.42084677e-04 6.58309361e-04
  5.98396676e-04 5.53259394e-04]
 [1.00055332e-12 8.18152698e-03 5.48283078e-03 1.85167416e-03
  1.32213042e-03 1.06013286e-03 9.06675029e-04 8.06005830e-04
  7.33953512e-04 6.79552292e-04]
 [1.15165310e-12 1.04917209e-02 6.27425915e-03 2.20828352e-03
  1.57224026e-03 1.26368324e-03 1.08317567e-03 9.65022164e-04
  8.80405889e-04 8.16381169e-04]
 [1.30490901e-12 1.29606111e-02 7.03450837e-03 2.58803262e-03
  1.83655063e-03 1.47991013e-03 1.27148155e-03 1.13537054e-03
  1.03785745e-03 9.63918672e-04]
 [1.46036038e-12 1.57103017e-02 7.76043772e-03 2.98999488e-03
  2.11433907e-03 1.70842768e-03 1.47139062e-03 1.31697376e-03
  1.20632796e-03 1.12225919e-03]]

GLT vs GDH
X [ 5.70584 11.41168 17.11752 22.82336 28.5292  34.23504 39.94088 45.64672
 51.35256 57.0584 ]
Y [0.866573 1.733146 2.599719 3.466292 4.332865 5.199438 6.066011 6.932584
 7.799157 8.66573 ]
[[1.76725853e-09 6.62486695e-06 4.09322852e-05 7.34709443e-05
  8.66414612e-05 8.84244581e-05 8.53300525e-05 8.04172928e-05
  7.50183481e-05 6.97022551e-05]
 [3.82401725e-09 1.48903574e-05 9.00896205e-05 1.58918467e-04
  1.85721007e-04 1.88663059e-04 1.81590649e-04 1.70873139e-04
  1.59248819e-04 1.47872829e-04]
 [6.21473168e-09 2.50319656e-05 1.48244748e-04 2.57090693e-04
  2.97869247e-04 3.01271751e-04 2.89289226e-04 2.71839022e-04
  2.53133172e-04 2.34927260e-04]
 [8.99040195e-09 3.73039088e-05 2.16165781e-04 3.68682159e-04
  4.23658820e-04 4.26757511e-04 4.08895021e-04 3.83757338e-04
  3.57091536e-04 3.31265409e-04]
 [1.22092331e-08 5.19788775e-05 2.94601827e-04 4.94314304e-04
  5.63586855e-04 5.65563531e-04 5.40825908e-04 5.07030054e-04
  4.71512304e-04 4.37262463e-04]
 [1.59376927e-08 6.93474275e-05 3.84266091e-04 6.34514788e-04
  7.18056504e-04 7.18052743e-04 6.85434248e-04 6.42006326e-04
  5.96741210e-04 5.53259394e-04]
 [2.02514531e-08 8.97169223e-05 4.85817265e-04 7.89696489e-04
  8.87358286e-04 8.84491545e-04 8.42992116e-04 7.88968938e-04
  7.33070374e-04 6.79552292e-04]
 [2.52362540e-08 1.13410099e-04 5.99839653e-04 9.60136727e-04
  1.07165221e-03 1.06503335e-03 1.01367634e-03 9.48121084e-04
  8.80723781e-04 8.16381169e-04]
 [3.09895752e-08 1.40763052e-04 7.26822854e-04 1.14595872e-03
  1.27095157e-03 1.25970355e-03 1.19755464e-03 1.11957328e-03
  1.03984739e-03 9.63918672e-04]
 [3.76210559e-08 1.72122288e-04 8.67141473e-04 1.34711662e-03
  1.48511069e-03 1.46838770e-03 1.39457326e-03 1.30333093e-03
  1.21049644e-03 1.12225919e-03]]

LPD vs ATP_MAINTENANCE
X [0.00684413 0.01368826 0.02053239 0.02737652 0.03422065 0.04106478
 0.04790891 0.05475304 0.06159717 0.0684413 ]
Y [0.130166 0.260332 0.390498 0.520664 0.65083  0.780996 0.911162 1.041328
 1.171494 1.30166 ]
[[1.11409145e-11 5.55967335e-09 1.52632376e-02 1.32479821e-02
  1.20381326e-02 1.12516969e-02 1.06526351e-02 1.01578406e-02
  9.74114850e-03 9.38745018e-03]
 [6.41692246e-12 4.56035534e-02 1.31677812e-02 1.05716156e-02
  9.32012806e-03 8.55552073e-03 8.02393084e-03 7.60485539e-03
  7.25861361e-03 6.96767653e-03]
 [4.50559516e-12 3.08231817e-10 1.18891071e-02 8.46646904e-03
  7.22224037e-03 6.49067587e-03 6.01683506e-03 5.66331834e-03
  5.37943446e-03 5.14457553e-03]
 [3.47147861e-12 3.33589703e-02 1.09643068e-02 6.88166755e-03
  5.67250894e-03 4.98405323e-03 4.55651704e-03 4.25225652e-03
  4.01551035e-03 3.82348590e-03]
 [2.82343970e-12 1.12848859e-10 1.02064653e-02 5.71452655e-03
  4.55691800e-03 3.91979006e-03 3.53281636e-03 3.26611605e-03
  3.06400152e-03 2.90313383e-03]
 [2.37927786e-12 2.29675857e-02 9.56553280e-03 4.85213642e-03
  3.75369906e-03 3.17068047e-03 2.82107135e-03 2.58497572e-03
  2.40944859e-03 2.27183121e-03]
 [2.05587269e-12 3.92422354e-09 9.01663993e-03 4.20315606e-03
  3.16517926e-03 2.63409278e-03 2.31842609e-03 2.10810545e-03
  1.95385197e-03 1.83427229e-03]
 [1.80986418e-12 1.90018308e-09 8.54186971e-03 3.70305576e-03
  2.72324949e-03 2.23932714e-03 1.95368401e-03 1.76518339e-03
  1.62829772e-03 1.52307808e-03]
 [1.61643917e-12 2.32156246e-02 8.12690948e-03 3.30837143e-03
  2.38283744e-03 1.94057002e-03 1.68102231e-03 1.51097675e-03
  1.38841610e-03 1.29481823e-03]
 [1.46036038e-12 1.57103017e-02 7.76043772e-03 2.98999488e-03
  2.11433907e-03 1.70842768e-03 1.47139062e-03 1.31697376e-03
  1.20632796e-03 1.12225919e-03]]

LPD vs GDH
X [0.00684413 0.01368826 0.02053239 0.02737652 0.03422065 0.04106478
 0.04790891 0.05475304 0.06159717 0.0684413 ]
Y [0.866573 1.733146 2.599719 3.466292 4.332865 5.199438 6.066011 6.932584
 7.799157 8.66573 ]
[[4.92237677e-07 1.70684518e-03 6.72759783e-03 9.56895567e-03
  1.05592275e-02 1.07298302e-02 1.05466437e-02 1.02093992e-02
  9.80859054e-03 9.38745018e-03]
 [2.39527703e-07 1.13970098e-03 4.99149096e-03 7.31658089e-03
  8.10350213e-03 8.20109515e-03 8.00775424e-03 7.69385515e-03
  7.33538421e-03 6.96767653e-03]
 [1.48356318e-07 7.86539187e-04 3.70633624e-03 5.56150831e-03
  6.17129155e-03 6.21808583e-03 6.03307471e-03 5.75705352e-03
  5.45162764e-03 5.14457553e-03]
 [1.05609192e-07 5.66072095e-04 2.78464905e-03 4.24585802e-03
  4.71246375e-03 4.72719209e-03 4.56043927e-03 4.32623069e-03
  4.07346034e-03 3.82348590e-03]
 [8.15128327e-08 4.26633480e-04 2.14261273e-03 3.29801223e-03
  3.65719832e-03 3.65401244e-03 3.50855209e-03 3.31282400e-03
  3.10554366e-03 2.90313383e-03]
 [6.62129237e-08 3.35573532e-04 1.69842324e-03 2.62742721e-03
  2.90963917e-03 2.89758805e-03 2.77217103e-03 2.60839820e-03
  2.43733398e-03 2.27183121e-03]
 [5.56864089e-08 2.73557121e-04 1.38655297e-03 2.15025633e-03
  2.37792521e-03 2.36203601e-03 2.25371647e-03 2.11520460e-03
  1.97194841e-03 1.83427229e-03]
 [4.80192824e-08 2.29488213e-04 1.16171633e-03 1.80362977e-03
  1.99214852e-03 1.97497476e-03 1.88064969e-03 1.76181710e-03
  1.63978897e-03 1.52307808e-03]
 [4.21936598e-08 1.96950016e-04 9.94736504e-04 1.54511453e-03
  1.70484836e-03 1.68761866e-03 1.60461681e-03 1.50117913e-03
  1.39551734e-03 1.29481823e-03]
 [3.76210559e-08 1.72122288e-04 8.67141473e-04 1.34711662e-03
  1.48511069e-03 1.46838770e-03 1.39457326e-03 1.30333093e-03
  1.21049644e-03 1.12225919e-03]]

ATP_MAINTENANCE vs GDH
X [0.130166 0.260332 0.390498 0.520664 0.65083  0.780996 0.911162 1.041328
 1.171494 1.30166 ]
Y [0.866573 1.733146 2.599719 3.466292 4.332865 5.199438 6.066011 6.932584
 7.799157 8.66573 ]
[[1.86826715e-11 8.60299535e-12 5.36328621e-12 3.85121177e-12
  3.00193489e-12 2.46482543e-12 2.09595136e-12 1.82700542e-12
  1.62201939e-12 1.46036038e-12]
 [1.69736630e-02 3.53588015e-02 1.05331322e-08 1.32094186e-07
  6.54101793e-09 1.17608961e-02 1.56807515e-02 1.63690566e-02
  1.62077953e-02 1.57103017e-02]
 [9.98723775e-03 8.99292687e-03 8.65107603e-03 8.55159673e-03
  8.45734107e-03 8.34211876e-03 8.20902637e-03 8.06443220e-03
  7.91368900e-03 7.76043772e-03]
 [2.97578695e-03 3.26966108e-03 4.30835739e-03 4.45510393e-03
  4.22543710e-03 3.93342123e-03 3.65484938e-03 3.40508860e-03
  3.18452958e-03 2.98999488e-03]
 [3.79187122e-06 1.55894910e-03 3.01175091e-03 3.36042740e-03
  3.22415605e-03 2.97974523e-03 2.73002904e-03 2.50050482e-03
  2.29570303e-03 2.11433907e-03]
 [4.41162638e-07 8.47968551e-04 2.19260852e-03 2.63772358e-03
  2.59372480e-03 2.41703375e-03 2.21863306e-03 2.03028065e-03
  1.85998725e-03 1.70842768e-03]
 [1.73738396e-07 5.08323404e-04 1.65157784e-03 2.13830845e-03
  2.16611896e-03 2.04826342e-03 1.89496697e-03 1.74174110e-03
  1.59965580e-03 1.47139062e-03]
 [9.31549880e-08 3.31609574e-04 1.28970282e-03 1.78736060e-03
  1.86674580e-03 1.79355235e-03 1.67492652e-03 1.54862628e-03
  1.42789159e-03 1.31697376e-03]
 [5.71470886e-08 2.32167282e-04 1.04193076e-03 1.53450715e-03
  1.64898639e-03 1.60845474e-03 1.51549045e-03 1.40919437e-03
  1.30434865e-03 1.20632796e-03]
 [3.76210559e-08 1.72122288e-04 8.67141473e-04 1.34711662e-03
  1.48511069e-03 1.46838770e-03 1.39457326e-03 1.30333093e-03
  1.21049644e-03 1.12225919e-03]]

