time0 0
timef 7200
Vmax 0.1to1.0

ACEA
[0.152595, 0.22487684210526315, 0.2971586842105263, 0.3694405263157895, 0.4417223684210526, 0.5140042105263158, 0.586286052631579, 0.6585678947368422, 0.7308497368421053, 0.8031315789473684, 0.8754134210526316, 0.9476952631578948, 1.0199771052631579, 1.092258947368421, 1.1645407894736843, 1.2368226315789475, 1.3091044736842106, 1.3813863157894737, 1.4536681578947368, 1.52595]
[0.002270451427607305, 0.002130746062602025, 0.002011688826368437, 0.0019085581832926752, 0.001818039621472583, 0.0017377236834613375, 0.0016658080323288219, 0.0016009124166385773, 0.0015419583365413089, 0.0014880880942445634, 0.0014386097542601875, 0.0013929577847610437, 0.0013506645575776105, 0.0013113393172462587, 0.001274652551534236, 0.0012403243931562288, 0.0012081142939236334, 0.001177815845779674, 0.0011492499056855914, 0.0011222591862327961]
ACEB
[0.0352769, 0.05198701052631579, 0.06869712105263158, 0.08540723157894736, 0.10211734210526316, 0.11882745263157896, 0.13553756315789472, 0.15224767368421052, 0.16895778421052632, 0.18566789473684212, 0.2023780052631579, 0.21908811578947368, 0.23579822631578948, 0.2525083368421053, 0.26921844736842104, 0.28592855789473687, 0.30263866842105264, 0.3193487789473684, 0.33605888947368423, 0.352769]
[0.001491416472850507, 0.0013807075608043944, 0.001315951813519468, 0.0012734143081892793, 0.0012433148819400006, 0.0012208849561879376, 0.001203519715378087, 0.0011896755092738697, 0.0011783786602013386, 0.0011689843841166596, 0.0011610489602762262, 0.0011542567603071278, 0.0011483771079869361, 0.0011432375410151121, 0.0011387064972102636, 0.001134681879347754, 0.0011310831722670155, 0.0011278462812328795, 0.001124919084964018, 0.0011222591862327961]
ACK
[0.7230000000000001, 1.0654736842105264, 1.4079473684210528, 1.750421052631579, 2.0928947368421054, 2.4353684210526314, 2.777842105263158, 3.1203157894736844, 3.462789473684211, 3.8052631578947373, 4.147736842105263, 4.490210526315789, 4.832684210526316, 5.175157894736842, 5.517631578947368, 5.8601052631578945, 6.202578947368421, 6.5450526315789475, 6.887526315789474, 7.23]
[0.001122662280965737, 0.0011226392654284608, 0.0011226164299029558, 0.0011225940547400328, 0.001122571740663139, 0.0011225494458629625, 0.0011225276122557011, 0.001122505860777529, 0.0011224847482427162, 0.0011224629406467674, 0.001122441760612719, 0.0011224207735146682, 0.0011223999326797766, 0.001122379321853324, 0.0011223588397944672, 0.001122338583561629, 0.001122318482484121, 0.0011222985490033954, 0.0011222787847931363, 0.0011222591862327961]
ACN_1
[0.9724130000000001, 1.4330296842105263, 1.8936463684210527, 2.354263052631579, 2.8148797368421055, 3.275496421052632, 3.736113105263158, 4.196729789473685, 4.657346473684211, 5.117963157894738, 5.578579842105264, 6.0391965263157905, 6.499813210526317, 6.960429894736843, 7.42104657894737, 7.881663263157896, 8.342279947368421, 8.802896631578948, 9.263513315789474, 9.72413]
[0.0011212486742909517, 0.0011216176830251988, 0.0011218039798433907, 0.0011219156086537216, 0.0011219908087858547, 0.0011220440404160646, 0.0011220843224451784, 0.0011221156504251368, 0.001122140728824364, 0.0011221612571376916, 0.0011221784072098576, 0.001122192865841672, 0.0011222052932617866, 0.00112221606454809, 0.0011222255132173388, 0.001122234362098189, 0.0011222410520830926, 0.0011222478393685827, 0.0011222537068885697, 0.0011222591862327961]
ACN_2
[0.9865710000000001, 1.453894105263158, 1.9212172105263159, 2.3885403157894736, 2.8558634210526317, 3.3231865263157894, 3.7905096315789475, 4.257832736842106, 4.725155842105263, 5.192478947368421, 5.659802052631578, 6.127125157894737, 6.594448263157895, 7.061771368421052, 7.529094473684211, 7.996417578947369, 8.463740684210526, 8.931063789473685, 9.398386894736841, 9.86571]
[0.001121401457113918, 0.0011217208975302343, 0.0011218790887799436, 0.0011219733198506816, 0.0011220363153239957, 0.0011220811161288809, 0.00112211465265697, 0.0011221405612592307, 0.001122161396496942, 0.0011221783716613336, 0.0011221925349708735, 0.0011222045006617043, 0.0011222147772043081, 0.0011222236689659925, 0.001122231445433701, 0.0011222382984936692, 0.0011222443907971662, 0.0011222498446959903, 0.001122254751290472, 0.0011222591862327961]
ACS
[0.73, 1.0757894736842104, 1.421578947368421, 1.7673684210526317, 2.113157894736842, 2.4589473684210525, 2.8047368421052634, 3.150526315789474, 3.4963157894736843, 3.8421052631578947, 4.187894736842106, 4.5336842105263155, 4.879473684210527, 5.225263157894737, 5.571052631578947, 5.916842105263157, 6.262631578947369, 6.608421052631579, 6.954210526315789, 7.3]
[0.001122239683284588, 0.0011222466682391209, 0.0011222502235919397, 0.001122252420602133, 0.0011222539101774316, 0.0011222549362914873, 0.0011222557254858669, 0.0011222563499033921, 0.001122256871237299, 0.0011222572442913983, 0.001122257586200564, 0.0011222578599624842, 0.0011222581192136029, 0.0011222583723896487, 0.0011222585154375955, 0.0011222586875759787, 0.0011222588293229882, 0.0011222589605536283, 0.0011222590889145084, 0.0011222591862327961]
ATP_MAINTENANCE
[0.130166, 0.19182357894736843, 0.25348115789473685, 0.31513873684210525, 0.3767963157894737, 0.43845389473684215, 0.5001114736842105, 0.561769052631579, 0.6234266315789474, 0.6850842105263159, 0.7467417894736843, 0.8083993684210526, 0.8700569473684211, 0.9317145263157895, 0.9933721052631579, 1.0550296842105262, 1.1166872631578948, 1.1783448421052631, 1.2400024210526317, 1.30166]
[1.460360382187281e-12, 1.3792955254604912e-10, 7.195199215814974e-10, 0.021471147683366044, 0.008430939982252703, 0.0055164812208840985, 0.0033322181567250683, 0.0025947289552969766, 0.0022358659488873273, 0.001983539981895665, 0.0017938073535149666, 0.0016483440620529153, 0.0015344575880956118, 0.0014429180177830782, 0.0013673922456784308, 0.0013036745409910793, 0.0012489633746647956, 0.0012013404849520995, 0.001159441710502862, 0.0011222591862327961]
ATP_syn
[10.8733, 16.023810526315792, 21.17432105263158, 26.324831578947368, 31.47534210526316, 36.62585263157895, 41.776363157894735, 46.92687368421053, 52.07738421052632, 57.22789473684211, 62.3784052631579, 67.52891578947369, 72.67942631578947, 77.82993684210527, 82.98044736842105, 88.13095789473685, 93.28146842105264, 98.43197894736842, 103.58248947368422, 108.733]
[0.004728317132617578, 0.0021544730975106537, 0.0022850854154165207, 0.002283981055290903, 0.002155897114052872, 0.0020067581826975086, 0.0018725017941300963, 0.0017562345749312196, 0.0016558640283413912, 0.001569120332329411, 0.0014940266326992186, 0.0014288608183461197, 0.0013721146573302278, 0.001322478088203976, 0.0012788300912436278, 0.0012402233599777001, 0.001205865787122636, 0.0011750995404208515, 0.001147380536953456, 0.0011222591862327961]
CITRA_SYN
[0.4, 0.5894736842105264, 0.7789473684210526, 0.968421052631579, 1.1578947368421053, 1.3473684210526318, 1.5368421052631578, 1.7263157894736842, 1.9157894736842107, 2.1052631578947367, 2.294736842105263, 2.4842105263157896, 2.6736842105263157, 2.863157894736842, 3.0526315789473686, 3.2421052631578946, 3.431578947368421, 3.6210526315789475, 3.8105263157894735, 4.0]
[0.01581027637828905, 0.016576343818610745, 0.015560545375430885, 0.01372869079642223, 0.011672560323526067, 0.00971818996674691, 0.008012190456559964, 0.0065929250440241545, 0.005443119154832382, 0.004523391534015904, 0.0037904354441543144, 0.003205141465100732, 0.0027351757101539954, 0.0023549729201046234, 0.002044767894221416, 0.001789426763675226, 0.001577388424939406, 0.0013998004080832088, 0.001249849929337634, 0.0011222591862327961]
CYTBO
[0.854045, 1.2585926315789475, 1.6631402631578949, 2.0676878947368422, 2.4722355263157896, 2.876783157894737, 3.2813307894736843, 3.6858784210526316, 4.090426052631579, 4.494973684210526, 4.899521315789474, 5.304068947368421, 5.708616578947368, 6.113164210526316, 6.517711842105263, 6.9222594736842105, 7.326807105263158, 7.731354736842105, 8.135902368421052, 8.54045]
[1.012503287625064e-14, 2.1057815056213434e-13, 2.7785788069862873e-12, 9.116435754085717e-08, 0.0005952262997682407, 0.0009469199776597728, 0.0010637994692274109, 0.0011082167311116037, 0.0011262908628594565, 0.0011335821941255884, 0.0011360668642590498, 0.001136267490127907, 0.0011353325093968504, 0.0011338192246686698, 0.001132016035251116, 0.0011300771714488759, 0.0011280906077365737, 0.0011261074144648464, 0.0011241576668375509, 0.0011222591862327961]
EDA
[0.00775241, 0.011424604210526317, 0.015096798421052632, 0.018768992631578947, 0.022441186842105262, 0.02611338105263158, 0.029785575263157896, 0.03345776947368421, 0.037129963684210524, 0.040802157894736846, 0.04447435210526316, 0.048146546315789476, 0.05181874052631579, 0.05549093473684211, 0.05916312894736842, 0.06283532315789474, 0.06650751736842105, 0.07017971157894737, 0.07385190578947369, 0.0775241]
[0.0011223076136940668, 0.0011224909055159874, 0.0011225153843048947, 0.001122489724916719, 0.0011224528122125133, 0.0011224178902794187, 0.0011223889039306146, 0.0011223651443195792, 0.0011223458862161181, 0.0011223301607716017, 0.0011223169259423952, 0.0011223063299710075, 0.0011222971580789243, 0.0011222893351801827, 0.001122282555100624, 0.001122276661749188, 0.0011222718853077488, 0.0011222669120518147, 0.0011222629383915985, 0.0011222591862327961]
EDD
[0.0111359, 0.0164108, 0.021685700000000002, 0.0269606, 0.0322355, 0.0375104, 0.0427853, 0.0480602, 0.053335099999999996, 0.058609999999999995, 0.0638849, 0.0691598, 0.0744347, 0.0797096, 0.0849845, 0.0902594, 0.0955343, 0.1008092, 0.1060841, 0.111359]
[0.0011231370369679504, 0.001123103742703392, 0.001123067103098468, 0.001123027325369896, 0.0011229858113805426, 0.0011229421260052109, 0.0011228968812735678, 0.001122850334684873, 0.0011228027699797208, 0.00112275440825927, 0.0011227054888505268, 0.0011226561148328592, 0.0011226064592197613, 0.001122556661371964, 0.0011225067435314156, 0.0011224568537835445, 0.0011224071425997768, 0.0011223576117031808, 0.0011223082384218498, 0.0011222591862327961]
ENO
[1.17189, 1.7269957894736843, 2.2821015789473686, 2.837207368421053, 3.392313157894737, 3.947418947368422, 4.502524736842106, 5.05763052631579, 5.6127363157894745, 6.1678421052631585, 6.722947894736843, 7.278053684210527, 7.833159473684211, 8.388265263157896, 8.94337105263158, 9.498476842105264, 10.053582631578948, 10.608688421052632, 11.163794210526316, 11.7189]
[0.0014400660548642779, 0.0013203553999704147, 0.0012631469031392083, 0.001229066653191362, 0.0012062665733447667, 0.0011898709865724437, 0.0011774824854182953, 0.0011677767336296533, 0.001159959389804461, 0.0011535236421176707, 0.0011481302967039024, 0.0011435434225941206, 0.0011395936171088494, 0.0011361561009207938, 0.0011331368268707252, 0.0011304634866665627, 0.0011280796464525611, 0.0011259404343953957, 0.001124010004521843, 0.0011222591862327961]
FBA
[2.1697800000000003, 3.19757052631579, 4.2253610526315795, 5.253151578947369, 6.280942105263159, 7.308732631578948, 8.336523157894739, 9.364313684210527, 10.392104210526316, 11.419894736842107, 12.447685263157897, 13.475475789473684, 14.503266315789475, 15.531056842105265, 16.558847368421056, 17.586637894736842, 18.614428421052633, 19.642218947368423, 20.670009473684214, 21.6978]
[0.0010851457652417853, 0.001099004386804878, 0.0011058529414455357, 0.0011099357156923355, 0.0011126469424020443, 0.0011145782342410447, 0.0011160246406789506, 0.001117146406036449, 0.0011180434179913939, 0.0011187766138702421, 0.0011193871245983942, 0.0011199033534799146, 0.001120345583072853, 0.0011207289214123107, 0.0011210637091564055, 0.001121359190636383, 0.0011216218093543977, 0.0011218566909003119, 0.0011220680251335863, 0.0011222591862327961]
FBP
[0.021558300000000002, 0.031770126315789474, 0.041981952631578945, 0.05219377894736842, 0.062405605263157894, 0.07261743157894737, 0.08282925789473684, 0.09304108421052631, 0.10325291052631579, 0.11346473684210526, 0.12367656315789473, 0.1338883894736842, 0.14410021578947368, 0.15431204210526314, 0.16452386842105263, 0.17473569473684208, 0.18494752105263157, 0.19515934736842105, 0.2053711736842105, 0.215583]
[0.001122297829025873, 0.0011222958247210676, 0.0011222937999578596, 0.0011222917985792703, 0.0011222897470776773, 0.0011222877092913184, 0.0011222856391790107, 0.0011222836351719974, 0.0011222815991038105, 0.0011222795612698365, 0.0011222775382729515, 0.0011222754906323646, 0.0011222735186114396, 0.0011222714087282255, 0.0011222693872259479, 0.0011222673718829235, 0.0011222652981588976, 0.0011222632412625532, 0.0011222612476635638, 0.0011222591862327961]
FUMA
[5.3341400000000005, 7.860837894736843, 10.387535789473684, 12.914233684210528, 15.440931578947371, 17.967629473684212, 20.494327368421054, 23.0210252631579, 25.54772315789474, 28.074421052631582, 30.601118947368423, 33.12781684210527, 35.65451473684211, 38.18121263157895, 40.70791052631579, 43.234608421052634, 45.761306315789476, 48.28800421052632, 50.81470210526316, 53.3414]
[0.0011221643307705845, 0.0011221983618098523, 0.0011222157565630242, 0.001122226352572534, 0.0011222336049267598, 0.0011222385288585835, 0.0011222423814950568, 0.0011222453530549898, 0.0011222477284725998, 0.0011222497421961655, 0.0011222514051542995, 0.0011222528093242882, 0.0011222539901358144, 0.0011222550235391406, 0.0011222559360751874, 0.001122256738557941, 0.001122257451863299, 0.0011222582173132138, 0.0011222586656068827, 0.0011222591862327961]
GDH
[0.866573, 1.2770549473684212, 1.687536894736842, 2.0980188421052635, 2.5085007894736844, 2.9189827368421053, 3.329464684210526, 3.739946631578948, 4.150428578947369, 4.56091052631579, 4.971392473684211, 5.381874421052632, 5.792356368421053, 6.2028383157894735, 6.613320263157895, 7.023802210526316, 7.434284157894737, 7.844766105263158, 8.255248052631579, 8.66573]
[3.762105593558808e-08, 1.7189023766144307e-05, 0.00014743106808392557, 0.0004350649258167004, 0.0007921522755427332, 0.0010952012643430328, 0.0012994608312571316, 0.001417347760286559, 0.00147391345202287, 0.0014901880508798968, 0.0014808810822555588, 0.0014557058825300064, 0.001420966471506858, 0.0013807417567962047, 0.0013376740464615114, 0.0012934752000199625, 0.001249250769016909, 0.0012057074915936916, 0.0011632880500694815, 0.0011222591862327961]
GLT
[5.70584, 8.408606315789473, 11.111372631578948, 13.814138947368422, 16.516905263157895, 19.21967157894737, 21.922437894736845, 24.625204210526313, 27.327970526315788, 30.030736842105263, 32.73350315789474, 35.43626947368421, 38.13903578947369, 40.84180210526316, 43.54456842105263, 46.247334736842106, 48.95010105263158, 51.652867368421056, 54.35563368421053, 57.0584]
[6.970225506045882e-05, 0.00010564907774987955, 0.00014354065072593177, 0.00018342096610976324, 0.00022533328510207528, 0.0002693196259117131, 0.00031542124780729414, 0.00036367774460494446, 0.00041412710606170936, 0.0004668054896226911, 0.0005217468526755148, 0.0005789827871947793, 0.0006385422216210482, 0.0007004511177607666, 0.0007647321982415838, 0.0008314048556809763, 0.0009004844492716713, 0.0009719825862312489, 0.0010459065603799713, 0.0011222591862327961]
GND
[0.40810500000000005, 0.6014178947368422, 0.7947307894736844, 0.9880436842105265, 1.1813565789473686, 1.3746694736842107, 1.567982368421053, 1.761295263157895, 1.9546081578947372, 2.1479210526315793, 2.3412339473684214, 2.5345468421052635, 2.7278597368421056, 2.9211726315789477, 3.11448552631579, 3.307798421052632, 3.501111315789474, 3.694424210526316, 3.887737105263158, 4.08105]
[0.0010989409335655158, 0.0011043382428974017, 0.0011078958538245204, 0.0011104580375609927, 0.0011124111134083899, 0.0011139593783380673, 0.0011152228950015654, 0.0011162773028882262, 0.001117172954229603, 0.0011179447153699753, 0.0011186177584414803, 0.00111921067142311, 0.0011197375132513973, 0.0011202092178076142, 0.0011206342359034247, 0.0011210194886781494, 0.0011213704307959068, 0.0011216916417426657, 0.0011219868515323366, 0.0011222591862327961]
GPM
[1.09934, 1.62008, 2.1408199999999997, 2.6615599999999997, 3.1822999999999997, 3.7030399999999997, 4.22378, 4.74452, 5.26526, 5.786, 6.30674, 6.8274799999999995, 7.3482199999999995, 7.8689599999999995, 8.3897, 8.91044, 9.43118, 9.95192, 10.47266, 10.9934]
[0.001259114884676985, 0.001201330258985907, 0.0011761826347786676, 0.0011620183751303748, 0.0011529116597752368, 0.00114655781486665, 0.0011418702098357667, 0.001138268897120599, 0.0011354138774016373, 0.0011330955224440405, 0.001131175235334607, 0.0011295585056306824, 0.0011281786041048123, 0.001126986886335259, 0.0011259474547227093, 0.0011250326422023327, 0.0011242215423547981, 0.0011234973623186063, 0.0011228467960911139, 0.0011222591862327961]
GROWTH
[0.974137, 1.4355703157894737, 1.8970036315789474, 2.3584369473684212, 2.8198702631578945, 3.2813035789473686, 3.742736894736842, 4.204170210526316, 4.665603526315789, 5.127036842105263, 5.5884701578947364, 6.04990347368421, 6.511336789473684, 6.972770105263158, 7.434203421052631, 7.895636736842104, 8.35707005263158, 8.818503368421053, 9.279936684210528, 9.74137]
[0.00011987920756423256, 0.00017601970026834862, 0.00023175408798150148, 0.00028708817665060296, 0.00034202754363182007, 0.0003965778019188814, 0.00045074433861604205, 0.00050453245072383, 0.0005579473315837738, 0.0006109940802281677, 0.0006636775542917508, 0.0007160028635292964, 0.0007679745240201625, 0.000819597465523527, 0.0008708760435605688, 0.0009218148769417614, 0.0009724183135650377, 0.0010226907245477262, 0.0010726362434984094, 0.0011222591862327961]
LPD
[0.00684413, 0.010086086315789474, 0.013328042631578947, 0.016569998947368422, 0.019811955263157894, 0.02305391157894737, 0.02629586789473684, 0.029537824210526312, 0.03277978052631579, 0.03602173684210526, 0.03926369315789474, 0.04250564947368421, 0.04574760578947368, 0.04898956210526316, 0.05223151842105263, 0.055473474736842096, 0.05871543105263158, 0.061957387368421046, 0.06519934368421053, 0.0684413]
[0.009387450176723601, 0.008158916131786847, 0.007079181380238078, 0.006133273261491193, 0.005311294348211012, 0.004604328208840844, 0.004002579702396876, 0.0034949018518501867, 0.0030692148925080672, 0.0027133328515170493, 0.002415770874631083, 0.002166293367422674, 0.0019561533022027307, 0.00177809259256626, 0.0016262024168993809, 0.0014957254813145117, 0.0013828516516815725, 0.0012845320571122701, 0.0011983234488977465, 0.0011222591862327961]
MAD
[0.664269, 0.9789227368421052, 1.2935764736842104, 1.6082302105263158, 1.922883947368421, 2.237537684210526, 2.5521914210526315, 2.8668451578947365, 3.181498894736842, 3.4961526315789473, 3.8108063684210522, 4.125460105263158, 4.440113842105263, 4.7547675789473685, 5.069421315789473, 5.384075052631578, 5.698728789473684, 6.013382526315789, 6.328036263157895, 6.64269]
[0.0012334766634277967, 0.001227788371477599, 0.0012220824694790116, 0.0012163588491016627, 0.0012106172493829464, 0.0012048578990994658, 0.001199080346903117, 0.0011932843917943385, 0.0011874701538927767, 0.0011816372978384379, 0.001175785841828711, 0.0011699155724874323, 0.0011640262009193947, 0.0011581178733966486, 0.0011521902713968702, 0.0011462433084408958, 0.00114027688052849, 0.0011342907950958282, 0.0011282849725381392, 0.0011222591862327961]
MDH
[0.611492, 0.901146105263158, 1.1908002105263158, 1.4804543157894736, 1.7701084210526314, 2.0597625263157893, 2.3494166315789475, 2.6390707368421054, 2.928724842105263, 3.218378947368421, 3.508033052631579, 3.7976871578947367, 4.087341263157895, 4.376995368421053, 4.666649473684211, 4.956303578947368, 5.245957684210526, 5.535611789473684, 5.825265894736842, 6.11492]
[0.0012796596187966856, 0.0012731614203253365, 0.001266687387344022, 0.0012601690744221386, 0.0012535435855440375, 0.001246753611553483, 0.0012397479346139952, 0.00123248209768695, 0.0012249192921040184, 0.0012170317942837615, 0.0012088004515220404, 0.0012002189983067707, 0.0011912924170306618, 0.0011820387196576727, 0.0011724893913676216, 0.0011626890597797761, 0.0011526946328206515, 0.0011425735471557543, 0.001132401512673601, 0.0011222591862327961]
MQO
[0.46228300000000005, 0.6812591578947369, 0.9002353157894738, 1.1192114736842105, 1.3381876315789474, 1.5571637894736843, 1.776139947368421, 1.9951161052631579, 2.214092263157895, 2.433068421052632, 2.652044578947369, 2.8710207368421057, 3.089996894736842, 3.308973052631579, 3.527949210526316, 3.746925368421053, 3.9659015263157897, 4.184877684210527, 4.4038538421052635, 4.62283]
[0.0010293116691198901, 0.0010066299151454915, 0.000994909541592431, 0.0009883030746904722, 0.0009847505904098236, 0.0009834867275286352, 0.0009843211994719086, 0.0009873305561855273, 0.0009926455538893666, 0.0010002828447179177, 0.0010100542480585006, 0.0010215733142758157, 0.0010343303206580344, 0.0010477858408171135, 0.001061446929030345, 0.0010749092632089323, 0.001087876744939013, 0.0011001539808845402, 0.0011116299571253456, 0.0011222591862327961]
NADH_req
[2.30735, 3.400305263157895, 4.493260526315789, 5.586215789473684, 6.679171052631579, 7.772126315789473, 8.865081578947368, 9.958036842105264, 11.050992105263157, 12.143947368421053, 13.236902631578946, 14.329857894736842, 15.422813157894737, 16.51576842105263, 17.608723684210528, 18.70167894736842, 19.794634210526315, 20.88758947368421, 21.980544736842106, 23.0735]
[0.0008956685286449774, 0.000913937483366388, 0.000931051406591127, 0.0009471412436273094, 0.0009623174760807176, 0.0009766739492953233, 0.0009902910255810613, 0.0010032378161728027, 0.001015574184754827, 0.0010273521641687095, 0.0010386174598639504, 0.0010494099205329793, 0.0010597649873396306, 0.001069714004669105, 0.0010792848779301082, 0.0010885025983215601, 0.0010973903428061307, 0.001105966097210913, 0.0011142504162396797, 0.0011222591862327961]
NDHII
[3.08306, 4.543456842105263, 6.003853684210526, 7.464250526315789, 8.924647368421052, 10.385044210526315, 11.845441052631578, 13.305837894736841, 14.766234736842105, 16.22663157894737, 17.68702842105263, 19.147425263157896, 20.607822105263157, 22.06821894736842, 23.528615789473683, 24.989012631578948, 26.44940947368421, 27.90980631578947, 29.370203157894736, 30.8306]
[0.0014833776280770465, 0.001445109946223314, 0.001411130285304041, 0.0013806911412733286, 0.0013532196508708261, 0.001328268287703952, 0.0013054810628066935, 0.0012845710656149594, 0.0012653029146232268, 0.001247481575232305, 0.0012309437050550267, 0.0012155506320099796, 0.0012011840674781048, 0.0011877421050123795, 0.0011751365251656844, 0.001163290516608869, 0.0011521356622924165, 0.0011416131488108181, 0.001131669980544575, 0.0011222591862327961]
PCK
[0.8087770000000001, 1.1918818947368421, 1.5749867894736842, 1.9580916842105265, 2.3411965789473683, 2.7243014736842106, 3.107406368421053, 3.4905112631578947, 3.873616157894737, 4.25672105263158, 4.639825947368421, 5.022930842105263, 5.406035736842106, 5.789140631578948, 6.172245526315789, 6.555350421052632, 6.938455315789474, 7.321560210526316, 7.7046651052631585, 8.08777]
[0.0013968807734142641, 0.0013432459822120273, 0.0013042152353629694, 0.001274312754179433, 0.0012505714302292587, 0.001231214898389264, 0.001215103673458656, 0.0012014687589499949, 0.0011897701912622328, 0.0011796165925724007, 0.0011707167728601353, 0.0011628491258364815, 0.0011558420545757899, 0.0011495602430908805, 0.0011438956657784205, 0.0011387606888786051, 0.0011340841569278577, 0.001129806571993762, 0.001125878738995706, 0.0011222591862327961]
PDH
[96.17060000000001, 141.7250947368421, 187.2795894736842, 232.8340842105263, 278.3885789473684, 323.9430736842105, 369.4975684210526, 415.05206315789474, 460.60655789473685, 506.16105263157897, 551.7155473684211, 597.2700421052631, 642.8245368421052, 688.3790315789473, 733.9335263157894, 779.4880210526316, 825.0425157894737, 870.5970105263158, 916.1515052631579, 961.706]
[0.0015458425794922161, 0.001302586981694841, 0.0012391081365246694, 0.0012093200503328811, 0.001191582251143937, 0.0011795135473186046, 0.0011705649502965908, 0.0011635200107158897, 0.0011577239357160273, 0.0011527923843366024, 0.001148484566828784, 0.0011446424224291873, 0.0011411572507969902, 0.0011379521559757833, 0.0011349710918858306, 0.0011321722198543611, 0.0011295240066072814, 0.0011270011013905783, 0.0011245847075386473, 0.0011222591862327961]
PFK
[0.0185253, 0.02730044210526316, 0.03607558421052632, 0.04485072631578948, 0.05362586842105264, 0.062401010526315796, 0.07117615263157895, 0.07995129473684212, 0.08872643684210527, 0.09750157894736844, 0.10627672105263158, 0.11505186315789476, 0.1238270052631579, 0.13260214736842107, 0.14137728947368422, 0.1501524315789474, 0.15892757368421054, 0.16770271578947368, 0.17647785789473686, 0.185253]
[5.23595214604509e-09, 9.736965244565492e-08, 6.42995490083699e-07, 2.56830659499905e-06, 0.00016941061239957774, 0.0008982129016006109, 0.0010413185541300507, 0.0010830682878979281, 0.0011020809453947322, 0.0011123127946299418, 0.0011182325836237854, 0.0011217277971966354, 0.0011237369676353243, 0.00112477938189684, 0.0011251651627924289, 0.0011250911635422398, 0.0011246871915674517, 0.001124041410119009, 0.0011232168018405922, 0.0011222591862327961]
PGI
[0.232456, 0.34256673684210526, 0.4526774736842105, 0.5627882105263158, 0.672898947368421, 0.7830096842105263, 0.8931204210526316, 1.0032311578947368, 1.113341894736842, 1.2234526315789473, 1.3335633684210526, 1.4436741052631579, 1.5537848421052631, 1.6638955789473684, 1.7740063157894737, 1.884117052631579, 1.9942277894736842, 2.1043385263157894, 2.2144492631578947, 2.32456]
[0.0003737649026679086, 0.0006213566930462817, 0.000765183975099769, 0.0008547240000332858, 0.0009147998989813875, 0.0009575468187381027, 0.0009893688714242932, 0.0010139084063027588, 0.001033371253871938, 0.0010491641020059692, 0.0010622230055965006, 0.0010731936117265263, 0.0010825347656129164, 0.001090581075399543, 0.0010975820504101335, 0.0011037274204022524, 0.0011091638235691131, 0.001114006491784454, 0.0011183470084234178, 0.0011222591862327961]
PGK
[1.61089, 2.373943157894737, 3.1369963157894736, 3.9000494736842106, 4.663102631578948, 5.426155789473684, 6.189208947368421, 6.9522621052631575, 7.715315263157894, 8.47836842105263, 9.241421578947367, 10.004474736842104, 10.767527894736842, 11.530581052631579, 12.293634210526315, 13.056687368421052, 13.819740526315789, 14.582793684210525, 15.345846842105262, 16.1089]
[0.0011223702562876197, 0.0011223193025625103, 0.0011222989251921168, 0.0011222879569023267, 0.0011222810845828582, 0.001122276421609175, 0.0011222730498259366, 0.0011222704080389597, 0.0011222683697646458, 0.0011222667365662837, 0.0011222655878865015, 0.001122264240648726, 0.0011222632714772364, 0.0011222624481518862, 0.0011222617262547777, 0.001122261914779656, 0.001122260536150812, 0.0011222600322567348, 0.0011222595883062035, 0.0011222591862327961]
PGL
[1.15967, 1.7089873684210526, 2.2583047368421054, 2.8076221052631576, 3.3569394736842106, 3.906256842105263, 4.455574210526316, 5.004891578947368, 5.554208947368421, 6.103526315789473, 6.652843684210526, 7.202161052631579, 7.7514784210526315, 8.300795789473684, 8.850113157894736, 9.39943052631579, 9.948747894736842, 10.498065263157894, 11.047382631578946, 11.5967]
[0.0011215175213813012, 0.0011217907042943265, 0.0011219273127782553, 0.001122009334842617, 0.0011220639711100012, 0.0011221024124407563, 0.0011221321724062283, 0.0011221551841449017, 0.001122173290643239, 0.0011221882383533354, 0.0011222006240935993, 0.0011222111191523615, 0.0011222201424629734, 0.0011222280727215253, 0.0011222347843818697, 0.001122240806982278, 0.0011222461721374683, 0.0011222509668262148, 0.0011222552795267231, 0.0011222591862327961]
PIT
[0.7146, 1.0530947368421053, 1.3915894736842105, 1.7300842105263157, 2.068578947368421, 2.407073684210526, 2.7455684210526314, 3.0840631578947364, 3.422557894736842, 3.761052631578947, 4.099547368421052, 4.438042105263158, 4.776536842105263, 5.115031578947368, 5.453526315789473, 5.792021052631578, 6.130515789473684, 6.469010526315789, 6.8075052631578945, 7.146]
[0.0010976087195339018, 0.0011061985229375664, 0.001110699147587259, 0.0011134706336834038, 0.0011153480237809331, 0.001116704991617492, 0.001117729737589941, 0.0011185324066883585, 0.0011191776968925095, 0.0011197074778232384, 0.0011201511604206314, 0.0011205272856589024, 0.001120850453935129, 0.0011211311137697992, 0.0011213771335834184, 0.0011215945646393312, 0.0011217880929782834, 0.001121961477500049, 0.001122117699941562, 0.0011222591862327961]
PPC
[2.1439, 3.1594315789473684, 4.174963157894737, 5.190494736842105, 6.206026315789474, 7.221557894736842, 8.237089473684211, 9.252621052631579, 10.268152631578948, 11.283684210526316, 12.299215789473685, 13.314747368421054, 14.330278947368422, 15.34581052631579, 16.36134210526316, 17.376873684210526, 18.392405263157894, 19.40793684210526, 20.42346842105263, 21.439]
[0.001021999559174254, 0.0010295104871939425, 0.001036683366498458, 0.0010435397927119738, 0.0010500993464270234, 0.0010563799395010764, 0.0010623979755919296, 0.0010681684946518646, 0.0010737053680218347, 0.0010790213902838576, 0.001084128266580704, 0.001089037194780123, 0.001093758193113785, 0.001098300559675622, 0.0011026732573773564, 0.0011068843577558222, 0.0011109415745661183, 0.0011148520518107436, 0.0011186224971145866, 0.0011222591862327961]
PPS
[0.0016377200000000003, 0.002413482105263158, 0.003189244210526316, 0.0039650063157894745, 0.004740768421052632, 0.00551653052631579, 0.0062922926315789485, 0.007068054736842106, 0.007843816842105264, 0.00861957894736842, 0.00939534105263158, 0.010171103157894738, 0.010946865263157897, 0.011722627368421053, 0.012498389473684212, 0.013274151578947369, 0.014049913684210527, 0.014825675789473686, 0.015601437894736843, 0.0163772]
[0.0011222381046193267, 0.001122239227981376, 0.0011222403580465204, 0.0011222414449553297, 0.0011222425488347403, 0.001122243645090659, 0.0011222447709839352, 0.0011222458816422549, 0.0011222470559820387, 0.0011222481421359948, 0.001122249207146844, 0.0011222502898008842, 0.0011222514932586506, 0.0011222527097038463, 0.0011222536441211454, 0.001122254664350813, 0.0011222558552698892, 0.0011222569682339506, 0.0011222580778482336, 0.0011222591862327961]
PTA
[0.27, 0.3978947368421053, 0.5257894736842106, 0.6536842105263159, 0.7815789473684212, 0.9094736842105264, 1.0373684210526317, 1.165263157894737, 1.2931578947368423, 1.4210526315789476, 1.5489473684210529, 1.6768421052631581, 1.8047368421052634, 1.9326315789473687, 2.060526315789474, 2.188421052631579, 2.3163157894736845, 2.4442105263157896, 2.572105263157895, 2.7]
[0.0011224630908390318, 0.001122415324484158, 0.0011223828030326355, 0.0011223593664737095, 0.0011223416417522076, 0.0011223277623431346, 0.0011223166191123492, 0.0011223074596836116, 0.0011222996894484694, 0.0011222933094532542, 0.0011222877325989691, 0.0011222828887848784, 0.001122278664102826, 0.0011222748854514014, 0.0011222715515068174, 0.0011222686047609373, 0.0011222658759275082, 0.0011222634310245378, 0.0011222612152314792, 0.0011222591862327961]
PYK
[0.074716, 0.11010778947368421, 0.14549957894736842, 0.18089136842105263, 0.21628315789473684, 0.25167494736842105, 0.28706673684210526, 0.3224585263157895, 0.3578503157894737, 0.3932421052631579, 0.4286338947368421, 0.4640256842105263, 0.4994174736842105, 0.5348092631578947, 0.5702010526315789, 0.6055928421052632, 0.6409846315789474, 0.6763764210526315, 0.7117682105263158, 0.74716]
[0.013468843505766102, 0.007828071928151152, 0.003760976379765898, 0.0026673751200657868, 0.0022388907646643773, 0.0019927186775505366, 0.0018257674792883831, 0.0017019012343418571, 0.0016046973443361646, 0.0015254360010105712, 0.0014589810588439749, 0.0014020735719135723, 0.0013525272428323019, 0.0013088095476742408, 0.0012698084184706298, 0.0012346931181303773, 0.0012028282115852877, 0.0011737176054208462, 0.0011469672288819599, 0.0011222591862327961]
RPE
[0.600103, 0.8843623157894738, 1.1686216315789475, 1.4528809473684212, 1.737140263157895, 2.021399578947369, 2.305658894736842, 2.5899182105263163, 2.8741775263157896, 3.1584368421052638, 3.442696157894737, 3.726955473684211, 4.0112147894736845, 4.295474105263159, 4.579733421052632, 4.863992736842106, 5.148252052631579, 5.432511368421053, 5.716770684210527, 6.00103]
[0.001191016150924932, 0.0011668353566814344, 0.0011542570949790694, 0.001146546808400812, 0.0011413368005185616, 0.0011375806027872546, 0.0011347442219636842, 0.0011325265754607457, 0.0011307450392252162, 0.001129282990050414, 0.001128061036991541, 0.0011270247046357772, 0.0011261347321553231, 0.0011253620232381533, 0.001124684956805421, 0.0011240867551715742, 0.0011235544178792363, 0.0011230776246732234, 0.001122648110846633, 0.0011222591862327961]
RPI
[0.8, 1.1789473684210527, 1.5578947368421052, 1.936842105263158, 2.3157894736842106, 2.6947368421052635, 3.0736842105263156, 3.4526315789473685, 3.8315789473684214, 4.2105263157894735, 4.589473684210526, 4.968421052631579, 5.347368421052631, 5.726315789473684, 6.105263157894737, 6.484210526315789, 6.863157894736842, 7.242105263157895, 7.621052631578947, 8.0]
[0.0010275714301435012, 0.0010614044258140628, 0.001078782806010482, 0.00108935699991978, 0.0010964675879571108, 0.0011015764064398388, 0.0011054242799933304, 0.0011084267342376236, 0.0011108347546793032, 0.0011128089838654044, 0.0011144568713534917, 0.001115853196204117, 0.0011170515145593376, 0.0011180910594872752, 0.001119001517937833, 0.0011198055612174124, 0.0011205205869936992, 0.0011211607843427396, 0.0011217373109627426, 0.0011222591862327961]
SDH
[0.156184, 0.2301658947368421, 0.3041477894736842, 0.3781296842105263, 0.4521115789473684, 0.5260934736842106, 0.6000753684210527, 0.6740572631578947, 0.7480391578947369, 0.822021052631579, 0.8960029473684211, 0.9699848421052631, 1.0439667368421053, 1.1179486315789475, 1.1919305263157893, 1.2659124210526316, 1.3398943157894738, 1.4138762105263156, 1.4878581052631579, 1.56184]
[0.0012922551412817744, 0.0012236448756819058, 0.0011921189662225894, 0.001174011924172047, 0.0011622604759391052, 0.001154018380213248, 0.0011479179686779484, 0.0011432204830977306, 0.0011394919346064752, 0.0011364609570913044, 0.0011339476744587134, 0.0011318304831785216, 0.0011300225377880349, 0.001128460647590568, 0.0011270978001544354, 0.0011258982120692762, 0.0011248342124342246, 0.0011238840380436463, 0.0011230303615383064, 0.0011222591862327961]
SK
[7.68163, 11.320296842105263, 14.958963684210527, 18.59763052631579, 22.236297368421052, 25.874964210526315, 29.51363105263158, 33.15229789473684, 36.790964736842106, 40.429631578947365, 44.06829842105263, 47.70696526315789, 51.34563210526316, 54.984298947368416, 58.62296578947368, 62.26163263157894, 65.90029947368421, 69.53896631578948, 73.17763315789473, 76.8163]
[0.0011222744846235797, 0.0011222691238656985, 0.0011222662802768692, 0.0011222645611063888, 0.0011222633961742478, 0.0011222625666659405, 0.0011222619236918572, 0.001122261445537283, 0.0011222610526213613, 0.0011222607319171837, 0.0011222604533532334, 0.0011222602384729106, 0.0011222600331846834, 0.001122259876195779, 0.0011222597592658082, 0.0011222595874534362, 0.001122259470641698, 0.0011222593638174853, 0.001122259264547757, 0.0011222591862327961]
SQR
[0.34161700000000006, 0.5034355789473685, 0.6652541578947369, 0.8270727368421054, 0.9888913157894738, 1.1507098947368422, 1.3125284736842107, 1.474347052631579, 1.6361656315789475, 1.797984210526316, 1.9598027894736842, 2.121621368421053, 2.2834399473684215, 2.44525852631579, 2.6070771052631576, 2.768895684210526, 2.9307142631578946, 3.092532842105263, 3.2543514210526316, 3.41617]
[0.0011244395082174214, 0.0011235120706763635, 0.00112310829624648, 0.0011228823312744295, 0.001122737952838096, 0.0011226376808431454, 0.001122564025296607, 0.0011225075949748177, 0.0011224630769433859, 0.00112242691423287, 0.0011223970565587946, 0.0011223720015232884, 0.0011223505760591733, 0.0011223321307992798, 0.0011223160088473865, 0.0011223019323017061, 0.0011222893816122187, 0.0011222782527960898, 0.0011222682313952587, 0.0011222591862327961]
TPI
[2.4184300000000003, 3.564002105263158, 4.709574210526316, 5.855146315789474, 7.000718421052632, 8.14629052631579, 9.291862631578947, 10.437434736842105, 11.583006842105263, 12.72857894736842, 13.874151052631579, 15.019723157894736, 16.165295263157894, 17.31086736842105, 18.45643947368421, 19.60201157894737, 20.747583684210525, 21.89315578947368, 23.03872789473684, 24.1843]
[0.0011149382942083582, 0.0011176780855475484, 0.0011190289257548536, 0.0011198339629180998, 0.0011203679215865867, 0.0011207481265693275, 0.0011210326908061307, 0.0011212535623523763, 0.0011214300514305207, 0.0011215743009247716, 0.0011216943840721351, 0.0011217959224597044, 0.0011218828970786898, 0.0011219582344778561, 0.0011220241332942625, 0.0011220822321087263, 0.0011221338653503333, 0.0011221801181455168, 0.0011222215394441327, 0.0011222591862327961]
XCH_ACE1
[10.0, 14.736842105263158, 19.473684210526315, 24.210526315789473, 28.94736842105263, 33.68421052631579, 38.421052631578945, 43.1578947368421, 47.89473684210526, 52.63157894736842, 57.368421052631575, 62.10526315789473, 66.84210526315789, 71.57894736842104, 76.3157894736842, 81.05263157894737, 85.78947368421052, 90.52631578947367, 95.26315789473684, 100.0]
[0.0011222593285829135, 0.0011222593314612964, 0.0011222593090953331, 0.0011222592991964658, 0.0011222593202415913, 0.0011222592573600148, 0.001122259257208728, 0.0011222592595064626, 0.001122259250736031, 0.0011222592545638496, 0.001122259236789486, 0.0011222592278167375, 0.0011222592216241709, 0.001122259348380461, 0.0011222592188744995, 0.0011222592054820802, 0.001122259193407817, 0.0011222591954967657, 0.0011222591880637558, 0.0011222591862327961]
XCH_ACE2
[10.0, 14.736842105263158, 19.473684210526315, 24.210526315789473, 28.94736842105263, 33.68421052631579, 38.421052631578945, 43.1578947368421, 47.89473684210526, 52.63157894736842, 57.368421052631575, 62.10526315789473, 66.84210526315789, 71.57894736842104, 76.3157894736842, 81.05263157894737, 85.78947368421052, 90.52631578947367, 95.26315789473684, 100.0]
[0.0011222593111022893, 0.0011222592817490434, 0.0011222592954056817, 0.001122259718087107, 0.0011222592908507547, 0.0011222592766398473, 0.0011222592632622807, 0.001122259294479647, 0.0011222592505331238, 0.0011222592139576851, 0.0011222592300745811, 0.0011222592235212692, 0.0011222592550075303, 0.0011222592398301525, 0.0011222592099737502, 0.0011222592018383004, 0.0011222592001889626, 0.0011222592121160942, 0.0011222591912618026, 0.0011222591862327961]
XCH_GLC
[10.0, 14.736842105263158, 19.473684210526315, 24.210526315789473, 28.94736842105263, 33.68421052631579, 38.421052631578945, 43.1578947368421, 47.89473684210526, 52.63157894736842, 57.368421052631575, 62.10526315789473, 66.84210526315789, 71.57894736842104, 76.3157894736842, 81.05263157894737, 85.78947368421052, 90.52631578947367, 95.26315789473684, 100.0]
[0.0011077813126237441, 0.0011130377181795678, 0.001115706744438646, 0.0011173204133559265, 0.0011184003875873926, 0.001119173602835417, 0.0011197540328488594, 0.0011202055922048782, 0.0011205666971553106, 0.0011208620564638742, 0.001121107828746012, 0.0011213155912956016, 0.0011214934106501396, 0.0011216473056206145, 0.0011217816469366057, 0.0011219000354653688, 0.0011220050819592332, 0.0011220988288691291, 0.001122183060850194, 0.0011222591862327961]
XCH_P
[10.0, 14.736842105263158, 19.473684210526315, 24.210526315789473, 28.94736842105263, 33.68421052631579, 38.421052631578945, 43.1578947368421, 47.89473684210526, 52.63157894736842, 57.368421052631575, 62.10526315789473, 66.84210526315789, 71.57894736842104, 76.3157894736842, 81.05263157894737, 85.78947368421052, 90.52631578947367, 95.26315789473684, 100.0]
[0.0011222585675308787, 0.0011222587889106574, 0.0011222589027921224, 0.0011222589718778654, 0.0011222586783176934, 0.0011222590559959872, 0.0011222590768364565, 0.0011222591077125474, 0.0011222591120180125, 0.0011222591332269807, 0.00112225906726852, 0.0011222597381305805, 0.0011222591526630738, 0.0011222591553270444, 0.001122259157990931, 0.0011222591887315458, 0.0011222591732459946, 0.0011222591809142849, 0.0011222592093541625, 0.0011222591862327961]
ZWF
[0.02658, 0.039170526315789475, 0.051761052631578944, 0.06435157894736843, 0.0769421052631579, 0.08953263157894736, 0.10212315789473683, 0.11471368421052633, 0.1273042105263158, 0.13989473684210527, 0.15248526315789473, 0.1650757894736842, 0.17766631578947367, 0.19025684210526314, 0.20284736842105264, 0.2154378947368421, 0.22802842105263157, 0.24061894736842104, 0.25320947368421054, 0.2658]
[0.001378976618349193, 0.0013627595207779172, 0.00134685935760763, 0.0013312789256109186, 0.0013160185033957155, 0.001301076334411912, 0.0012864491645589512, 0.0012721322474163156, 0.001258121237594296, 0.0012444092409056408, 0.001230990179360767, 0.0012178573195901759, 0.0012050035596393447, 0.0011924224858526288, 0.0011801063442432628, 0.0011680483892018744, 0.0011562415580086472, 0.001144678846450707, 0.0011333536333452323, 0.0011222591862327961]
