CITRA_SYN vs GLT
X [ 0.4         2.48421053  4.56842105  6.65263158  8.73684211 10.82105263
 12.90526316 14.98947368 17.07368421 19.15789474 21.24210526 23.32631579
 25.41052632 27.49473684 29.57894737 31.66315789 33.74736842 35.83157895
 37.91578947 40.        ]
Y [  5.70584     35.43626947  65.16669895  94.89712842 124.62755789
 154.35798737 184.08841684 213.81884632 243.54927579 273.27970526
 303.01013474 332.74056421 362.47099368 392.20142316 421.93185263
 451.66228211 481.39271158 511.12314105 540.85357053 570.584     ]
[[5.51904080e-03 1.70376633e-02 1.51934784e-02 1.30633462e-02
  1.13455285e-02 9.99596844e-03 8.92279517e-03 8.05380581e-03
  7.33762381e-03 6.73798398e-03 6.22894221e-03 5.79158610e-03
  5.41186034e-03 5.07912666e-03 4.78519687e-03 4.52367198e-03
  4.28948210e-03 4.07855977e-03 3.88760521e-03 3.71391367e-03]
 [1.66219498e-04 1.59374500e-03 3.89638290e-03 6.53622580e-03
  8.91023380e-03 1.07557116e-02 1.20689460e-02 1.29423821e-02
  1.34811810e-02 1.37751546e-02 1.38936868e-02 1.38881148e-02
  1.37956946e-02 1.36432434e-02 1.34500157e-02 1.32298363e-02
  1.29926390e-02 1.27455667e-02 1.24937531e-02 1.22408782e-02]
 [5.46044643e-05 4.38769354e-04 1.01386459e-03 1.79677106e-03
  2.77114342e-03 3.88354781e-03 5.05870021e-03 6.22229944e-03
  7.31675869e-03 8.30586896e-03 9.17225396e-03 9.91226009e-03
  1.05309631e-02 1.10382837e-02 1.14463101e-02 1.17676090e-02
  1.20142444e-02 1.21972755e-02 1.23265392e-02 1.24106201e-02]
 [2.72032959e-05 2.02504915e-04 4.41487960e-04 7.53792801e-04
  1.14685344e-03 1.62357786e-03 2.18039461e-03 2.80663376e-03
  3.48566339e-03 4.19732953e-03 4.92075778e-03 5.63668712e-03
  6.32896117e-03 6.98517197e-03 7.59666910e-03 8.15817005e-03
  8.66718781e-03 9.12341054e-03 9.52812195e-03 9.88370339e-03]
 [1.63081715e-05 1.16480406e-04 2.44993784e-04 4.05911536e-04
  6.03290838e-04 8.40784087e-04 1.12112273e-03 1.44556703e-03
  1.81345292e-03 2.22196484e-03 2.66620800e-03 3.13956126e-03
  3.63423074e-03 4.14186858e-03 4.65416495e-03 5.16333198e-03
  5.66245007e-03 6.14567829e-03 6.60832517e-03 7.04687358e-03]
 [1.08724389e-05 7.56784406e-05 1.55478719e-04 2.52193965e-04
  3.67865646e-04 5.04579333e-04 6.64349440e-04 8.48965156e-04
  1.05981541e-03 1.29770466e-03 1.56269787e-03 1.85401646e-03
  2.17000741e-03 2.50819098e-03 2.86537276e-03 3.23781963e-03
  3.62144751e-03 4.01202348e-03 4.40535214e-03 4.79743386e-03]
 [7.76875891e-06 5.31320040e-05 1.07378717e-04 1.71523914e-04
  2.46667920e-04 3.33980856e-04 4.34675174e-04 5.49965213e-04
  6.81012651e-04 8.28860267e-04 9.94357756e-04 1.17808634e-03
  1.38029049e-03 1.60082481e-03 1.83912249e-03 2.09419007e-03
  2.36462802e-03 2.64867635e-03 2.94427132e-03 3.24913411e-03]
 [5.82935442e-06 3.93626238e-05 7.85942980e-05 1.24110169e-04
  1.76549026e-04 2.36600107e-04 3.04996829e-04 3.82505839e-04
  4.69910908e-04 5.67990701e-04 6.77491166e-04 7.99092947e-04
  9.33375506e-04 1.08078063e-03 1.24157737e-03 1.41583285e-03
  1.60338942e-03 1.80385280e-03 2.01659002e-03 2.24073810e-03]
 [4.53633117e-06 3.03366252e-05 6.00135370e-05 9.39291853e-05
  1.32478684e-04 1.76090414e-04 2.25225091e-04 2.80373137e-04
  3.42050018e-04 4.10789106e-04 4.87131874e-04 5.71615321e-04
  6.64756647e-04 7.67035418e-04 8.78874637e-04 1.00062035e-03
  1.13252229e-03 1.27471596e-03 1.42720767e-03 1.58986375e-03]
 [3.63103385e-06 2.40989681e-05 4.73261235e-05 7.35488767e-05
  1.03024691e-04 1.36032889e-04 1.72875086e-04 2.13874817e-04
  2.59376490e-04 3.09743270e-04 3.65353815e-04 4.26597577e-04
  4.93868712e-04 5.67558493e-04 6.48046092e-04 7.35688221e-04
  8.30808109e-04 9.33683160e-04 1.04453340e-03 1.16350994e-03]
 [2.97246032e-06 1.96079249e-05 3.82789558e-05 5.91467609e-05
  8.23864534e-05 1.08187823e-04 1.36755897e-04 1.68311271e-04
  2.03090128e-04 2.41343793e-04 2.83337807e-04 3.29350337e-04
  3.79669879e-04 4.34592146e-04 4.94416090e-04 5.59439014e-04
  6.29950929e-04 7.06227956e-04 7.88525302e-04 8.77069735e-04]
 [2.47838238e-06 1.62667998e-05 3.16012663e-05 4.85957458e-05
  6.73736711e-05 8.80685363e-05 1.10824425e-04 1.35796436e-04
  1.63151000e-04 1.93065964e-04 2.25730492e-04 2.61344677e-04
  3.00118720e-04 3.42271830e-04 3.88030557e-04 4.37626649e-04
  4.91294406e-04 5.49267381e-04 6.11774686e-04 6.79036461e-04]
 [2.09820289e-06 1.37137156e-05 2.65321214e-05 4.06364342e-05
  5.61162987e-05 7.30684236e-05 9.15970206e-05 1.11814176e-04
  1.33840194e-04 1.57803856e-04 1.83842600e-04 2.12102432e-04
  2.42737916e-04 2.75911740e-04 3.11794122e-04 3.50562020e-04
  3.92397830e-04 4.37487955e-04 4.86020978e-04 5.38185243e-04]
 [1.79939505e-06 1.17187993e-05 2.25932795e-05 3.44848560e-05
  4.74603010e-05 6.15914764e-05 7.69556448e-05 9.36357994e-05
  1.11720952e-04 1.31306399e-04 1.52493938e-04 1.75392024e-04
  2.00115838e-04 2.26787290e-04 2.55534842e-04 2.86493234e-04
  3.19803043e-04 3.55609947e-04 3.94063993e-04 4.35318389e-04]
 [1.56027239e-06 1.01303191e-05 1.94719125e-05 2.96324003e-05
  4.06626169e-05 5.26171265e-05 6.55544733e-05 7.95374267e-05
  9.46332253e-05 1.10913802e-04 1.28455997e-04 1.47341749e-04
  1.67658223e-04 1.89497939e-04 2.12958764e-04 2.38143935e-04
  2.65161858e-04 2.94125928e-04 3.25154164e-04 3.58368656e-04]
 [1.36592375e-06 8.84483431e-06 1.69564054e-05 2.57374654e-05
  3.52274489e-05 4.54685811e-05 5.65060640e-05 6.83882799e-05
  8.11669536e-05 9.48973762e-05 1.09638556e-04 1.25453406e-04
  1.42408946e-04 1.60576301e-04 1.80030950e-04 2.00852704e-04
  2.23125755e-04 2.46938608e-04 2.72384016e-04 2.99558729e-04]
 [1.20582202e-06 7.78985153e-06 1.48994533e-05 2.25637428e-05
  3.08138194e-05 3.96829062e-05 4.92064901e-05 5.94224645e-05
  7.03713230e-05 8.20962237e-05 9.46432226e-05 1.08061354e-04
  1.22402848e-04 1.37723225e-04 1.54081332e-04 1.71539615e-04
  1.90164000e-04 2.10024108e-04 2.31193044e-04 2.53747678e-04]
 [1.07236298e-06 6.91334119e-06 1.31959552e-05 1.99435559e-05
  2.71810272e-05 3.49348930e-05 4.32334233e-05 5.21067582e-05
  6.15870366e-05 7.17084163e-05 8.25074023e-05 9.40227651e-05
  1.06295760e-04 1.19370224e-04 1.33292670e-04 1.48112441e-04
  1.63881740e-04 1.80655717e-04 1.98492556e-04 2.17453480e-04]
 [9.59942492e-07 6.17717269e-06 1.17692933e-05 1.77552627e-05
  2.41552549e-05 3.09907261e-05 3.82844831e-05 4.60608187e-05
  5.43455548e-05 6.31661700e-05 7.25518838e-05 8.25337574e-05
  9.31448005e-05 1.04420055e-04 1.16396708e-04 1.29114183e-04
  1.42614221e-04 1.56940952e-04 1.72141007e-04 1.88263523e-04]
 [8.64356791e-07 5.55288578e-06 1.05625361e-05 1.59088882e-05
  2.16084732e-05 2.76788461e-05 3.41386403e-05 4.10076469e-05
  4.83068836e-05 5.60586766e-05 6.42867269e-05 7.30162019e-05
  8.22738104e-05 9.20878890e-05 1.02488485e-04 1.13507585e-04
  1.25178433e-04 1.37537156e-04 1.50621259e-04 1.64470534e-04]]

