ATP_syn vs ACK
X [  43.4932      159.47506667  275.45693333  391.4388      507.42066667
  623.40253333  739.3844      855.36626667  971.34813333 1087.33      ]
Y [ 2.892 10.604 18.316 26.028 33.74  41.452 49.164 56.876 64.588 72.3  ]
[[ 0.00183209  0.00183164  0.00183124  0.00183088  0.00183056  0.00183027
   0.00183     0.00182975 -0.0001      0.00182932]
 [ 0.00095817  0.00095772  0.00095736 -0.0001      0.00095681  0.0009566
   0.00095641  0.00095626  0.00095612  0.00095599]
 [ 0.00078729  0.00078687  0.00078655  0.00078629  0.00078609  0.00078592
   0.00078577  0.00078565  0.00078555  0.00078545]
 [ 0.00069942  0.00069903  0.00069873  0.0006985   0.00069832  0.00069817
   0.00069804  0.00069794  0.00069785  0.00069777]
 [ 0.00064223  0.00064185  0.00064156  0.00064134  0.00064117  0.00064104
   0.00064092  0.00064083  0.00064075  0.00064068]
 [ 0.00060074  0.00060035  0.00060008  0.00059987  0.0005997   0.00059957
   0.00059947  0.00059938  0.0005993   0.00059924]
 [ 0.00056862  0.00056824  0.00056796  0.00056776  0.0005676   0.00056748
   0.00056738  0.00056729  0.00056722  0.00056716]
 [ 0.00054267  0.00054229  0.00054202  0.00054182  0.00054166 -0.0001
   0.00054144  0.00054136  0.00054129  0.00054123]
 [ 0.00052104  0.00052066  0.00052039  0.00052019  0.00052004  0.00051992
   0.00051983  0.00051975  0.00051968  0.00051962]
 [ 0.0005026   0.00050221  0.00050195  0.00050175  0.0005016   0.00050148
   0.00050139  0.00050131  0.00050124  0.00050119]]

