MQO vs EDD
X [ 1.849132    6.78015067 11.71116933 16.642188   21.57320667 26.50422533
 31.435244   36.36626267 41.29728133 46.2283    ]
Y [0.0445436  0.16332653 0.28210947 0.4008924  0.51967533 0.63845827
 0.7572412  0.87602413 0.99480707 1.11359   ]
[[0.00097999 0.00098751 0.00099083 0.00099268 0.00099387 0.0009947
  0.00099531 0.00099577 0.00099614 0.00099644]
 [0.00119226 0.00118784 0.00118528 0.00118359 0.00118236 0.00118143
  0.00118068 0.00118007 0.00117955 0.00117912]
 [0.00124303 0.00123749 0.0012344  0.00123238 0.00123094 0.00122984
  0.00122898 0.00122828 0.00122769 0.00122719]
 [0.00126028 0.00125486 0.00125184 0.00124988 0.00124848 0.00124742
  0.00124659 0.0012459  0.00124534 0.00124486]
 [0.00126919 0.00126394 0.00126103 0.00125913 0.00125779 0.00125677
  0.00125596 0.00125531 0.00125476 0.0012543 ]
 [0.00127471 0.00126961 0.00126678 0.00126494 0.00126364 0.00126265
  0.00126187 0.00126123 0.0012607  0.00126025]
 [0.0012785  0.00127351 0.00127075 0.00126896 0.00126768 0.00126672
  0.00126596 0.00126534 0.00126482 0.00126438]
 [0.00128127 0.00127638 0.00127367 0.00127191 0.00127065 0.00126971
  0.00126896 0.00126836 0.00126785 0.00126742]
 [0.00128339 0.00127857 0.0012759  0.00127417 0.00127294 0.00127201
  0.00127127 0.00127067 0.00127018 0.00126975]
 [0.00128507 0.0012803  0.00127767 0.00127596 0.00127474 0.00127383
  0.0012731  0.00127251 0.00127202 0.00127161]]

