MQO vs ACEA
X [ 1.849132    6.78015067 11.71116933 16.642188   21.57320667 26.50422533
 31.435244   36.36626267 41.29728133 46.2283    ]
Y [ 0.61038  2.23806  3.86574  5.49342  7.1211   8.74878 10.37646 12.00414
 13.63182 15.2595 ]
[[0.00141973 0.00081106 0.00058989 0.00046918 0.00039171 0.00033728
  0.00029675 0.0002653  0.00024013 0.00021951]
 [0.00174961 0.00097089 0.00069796 0.00055138 0.00045822 0.00039323
  0.00034506 0.00030783 0.00027814 0.00025386]
 [0.00182885 0.00101053 0.00072545 0.00057271 0.00047577 0.00040819
  0.00035814 0.00031947 0.00028863 0.00026343]
 [0.00185611 0.00102431 0.00073506 0.0005802  0.00048196 0.00041348
  0.00036278 0.0003236  0.00029236 0.00026684]
 [0.00187018 0.00103151 0.00074011 0.00058416 0.00048523 0.00041629
  0.00036524 0.0003258  0.00029435 0.00026865]
 [0.00187888 0.00103601 0.00074328 0.00058664 0.00048729 0.00041805
  0.00036679 0.00032718 0.0002956  0.0002698 ]
 [0.00188484 0.00103911 0.00074547 0.00058836 0.00048872 0.00041928
  0.00036787 0.00032815 0.00029647 0.00027059]
 [0.00188918 0.00104138 0.00074708 0.00058962 0.00048977 0.00042018
  0.00036866 0.00032886 0.00029712 0.00027118]
 [0.0018925  0.00104312 0.00074831 0.0005906  0.00049058 0.00042088
  0.00036927 0.0003294  0.00029761 0.00027163]
 [0.00189512 0.0010445  0.00074929 0.00059137 0.00049122 0.00042143
  0.00036975 0.00032983 0.000298   0.00027199]]

