GLT vs ACK
X [ 22.82336     83.68565333 144.54794667 205.41024    266.27253333
 327.13482667 387.99712    448.85941333 509.72170667 570.584     ]
Y [ 2.892 10.604 18.316 26.028 33.74  41.452 49.164 56.876 64.588 72.3  ]
[[ 0.00033136  0.0003312   0.00033107  0.00033096  0.00033087  0.00033079
   0.00033072  0.00033066  0.00033061  0.00033057]
 [ 0.00200195  0.00200125  0.00200066  0.00200016  0.00199973  0.00199935
   0.00199902  0.00199872  0.00199846  0.00199822]
 [ 0.00465926  0.00465798  0.00465687  0.00465592  0.00465508  0.00465434
   0.00465368  0.00465309  0.00465256  0.00465208]
 [ 0.00743747  0.00743578  0.00743432  0.00743304  0.00743192  0.00743092
   0.00743003  0.00742923  0.0074285   0.00742785]
 [ 0.00965057  0.00964878  0.00964722 -0.0001      0.00964466  0.00964359
   0.00964263  0.00964177  0.00964099  0.00964028]
 [ 0.01115763  0.01115595  0.01115449  0.01115321  0.01115207  0.01115107
   0.01115017  0.01114935  0.01114862  0.01114795]
 [ 0.01207593  0.01207445  0.01207317  0.01207204  0.01207104  0.01207016
   0.01206936  0.01206865  0.012068    0.01206741]
 [ 0.01256828  0.01256702  0.01256593  0.01256497  0.01256412  0.01256336
   0.01256269  0.01256208  0.01256152  0.01256102]
 [ 0.01277106  0.01277     0.01276908  0.01276827  0.01276756  0.01276692
   0.01276635  0.01276584  0.01276537  0.01276494]
 [ 0.01278308  0.01278219  0.01278142  0.01278075  0.01278015  0.01277961
   0.01277913  0.0127787   0.0127783   0.01277795]]

