MDH vs GDH
X [ 2.445968    8.96854933 15.49113067 22.013712   28.53629333 35.05887467
 41.581456   48.10403733 54.62661867 61.1492    ]
Y [ 3.466292   12.70973733 21.95318267 31.196628   40.44007333 49.68351867
 58.926964   68.17040933 77.41385467 86.6573    ]
[[ 1.40099064e-03  8.90808881e-04  4.84459804e-04  3.02424500e-04
  -1.00000000e-04  1.46862428e-04  1.09427830e-04  8.40107390e-05
   6.60332741e-05  5.29009177e-05]
 [ 1.23691143e-03  7.40128686e-04  3.95918737e-04  2.44140567e-04
   1.63843556e-04  1.16307326e-04  8.59591882e-05  6.54990936e-05
   5.11219458e-05  4.06836521e-05]
 [ 1.11836321e-03  7.02304650e-04  3.74328948e-04  2.29905695e-04
   1.53720333e-04  1.08747779e-04  8.01145772e-05  6.08605133e-05
   4.73641551e-05  3.75884941e-05]
 [ 1.10445591e-03  7.02586013e-04  3.74089205e-04  2.29482106e-04
   1.53257114e-04  1.08297353e-04  7.96952787e-05  6.04773512e-05
   4.70167910e-05  3.72745160e-05]
 [ 1.10619734e-03  7.06972256e-04  3.76241421e-04  2.30667837e-04
   1.53961046e-04  1.08735190e-04  7.99754024e-05  6.06591426e-05
   4.71349223e-05  3.73502548e-05]
 [ 1.11096359e-03  7.12109596e-04  3.78847245e-04  2.32167285e-04
   1.54897651e-04  1.09353506e-04  8.04000613e-05  6.09594858e-05
   4.73521412e-05  3.75100719e-05]
 [ 1.11658431e-03  7.17407325e-04  3.81561852e-04  2.33748233e-04
   1.55898064e-04  1.10023324e-04  8.08672043e-05  6.12955050e-05
   4.75997495e-05  3.76960862e-05]
 [ 1.12247952e-03  7.22694549e-04  3.84285093e-04  2.35343292e-04
   1.56913283e-04  1.10707167e-04  8.13471885e-05  6.16431170e-05
   4.78577667e-05  3.78914472e-05]
 [ 1.12844038e-03  7.27907341e-04  3.86979376e-04  2.36926735e-04
   1.57924553e-04  1.11390707e-04  8.18286669e-05  6.19930854e-05
   4.81185374e-05  3.80896873e-05]
 [ 1.13437597e-03  7.33019128e-04  3.89628181e-04  2.38487200e-04
   1.58923599e-04  1.12067541e-04  8.23065033e-05  6.23412290e-05
   4.83785762e-05  3.82878743e-05]]

