GLT vs ATP_syn
X [ 22.82336     83.68565333 144.54794667 205.41024    266.27253333
 327.13482667 387.99712    448.85941333 509.72170667 570.584     ]
Y [  43.4932      159.47506667  275.45693333  391.4388      507.42066667
  623.40253333  739.3844      855.36626667  971.34813333 1087.33      ]
[[ 0.00056943  0.00027654  0.00021986  0.00019139  0.00017316  0.00016006
   0.00014998  0.00014187  0.00013513  0.00012938]
 [ 0.00311479 -0.0001      0.00146784  0.00132432  0.00122925  0.00115946
   0.00110503  0.00106079  0.00102378  0.00099212]
 [ 0.00650847  0.00421047  0.00372957  0.00346003  0.00327378  0.00313329
   0.00302163  0.00292967  0.00285195  0.00278494]
 [ 0.0095811   0.00689878  0.00628851  0.00592649  0.00566922  0.00547192
   0.00531339  0.00518182  0.00506998  0.00497314]
 [ 0.01178519  0.00908808  0.0084086   0.00799116  0.00769112  0.00745968
   0.00727305  0.00711778  0.00698555  0.0068709 ]
 [ 0.01316364  0.0105951   0.00987915  0.00943249  0.00911089  0.00886278
   0.00866271  0.00849628  0.00835456  0.00823171]
 [-0.0001      0.01151933  0.01078607  0.01032698  0.00999723  0.00974333
   0.00953888  0.00936899  0.00922445  0.00909924]
 [-0.0001      0.01201943  0.01128177  0.01082096  0.0104912   0.01023794
   0.01003436  0.00986541  0.00972183  0.00959755]
 [ 0.01436119 -0.0001      0.01149836  0.01104254  0.01071762  0.01046869
   0.01026894  0.01010337  0.00996281  0.00984125]
 [ 0.014268    0.01225386  0.01153167  0.01108489  0.01076758  0.01052502
   0.01033068  0.01016978  0.01003331  0.00991537]]

