ZWF vs ACK
X [0.10632 0.38984 0.67336 0.95688 1.2404  1.52392 1.80744 2.09096 2.37448
 2.658  ]
Y [ 2.892 10.604 18.316 26.028 33.74  41.452 49.164 56.876 64.588 72.3  ]
[[ 0.00128193  0.00128144  0.00128104  0.0012807   0.00128041  0.00128016
   0.00127995  0.00127976  0.00127959  0.00127944]
 [ 0.00102425  0.00102383  0.00102348  0.00102318  0.00102293  0.00102271
   0.00102251  0.00102234  0.00102219  0.00102206]
 [ 0.0008557   0.00085533  0.00085502  0.00085476  0.00085454  0.00085434
   0.00085416  0.00085401  0.00085387  0.00085375]
 [ 0.00073674  0.00073641  0.00073613  0.0007359   0.00073569  0.00073551
   0.00073536  0.00073522  0.00073509  0.00073498]
 [ 0.00064799 -0.0001      0.00064744  0.00064722 -0.0001      0.00064687
   0.00064673  0.0006466   0.00064648  0.00064638]
 [ 0.00057909  0.00057882  0.00057859  0.00057839  0.00057822  0.00057807
   0.00057793  0.00057781  0.0005777   0.00057761]
 [ 0.00052401  0.00052376  0.00052355  0.00052336  0.0005232   0.00052306
   0.00052293  0.00052282  0.00052272  0.00052263]
 [ 0.00047897  0.00047874  0.00047854  0.00047836 -0.0001      0.00047807
   0.00047796  0.00047785  0.00047775  0.00047767]
 [ 0.00044146  0.00044124  0.00044105  0.00044089  0.00044074  0.00044062
   0.0004405   0.0004404   0.00044031  0.00044023]
 [ 0.00040977  0.00040956  0.00040938 -0.0001      0.00040909  0.00040897
   0.00040886  0.00040876  0.00040867  0.00040859]]

