MDH vs GLT
X [ 2.445968    8.96854933 15.49113067 22.013712   28.53629333 35.05887467
 41.581456   48.10403733 54.62661867 61.1492    ]
Y [ 22.82336     83.68565333 144.54794667 205.41024    266.27253333
 327.13482667 387.99712    448.85941333 509.72170667 570.584     ]
[[ 0.00035969  0.00222456  0.00516313  0.00807378  0.01025364  0.01165627
   0.01246119  0.01285475 -0.0001      0.01292768]
 [ 0.00030992  0.00184511  0.00432903  0.00704902  0.0093123   0.01090277
   0.01189664  0.01244661  0.01269078  0.01273215]
 [ 0.00029431  0.00175255  0.00416713  0.00690759  0.00924642  0.01090605
   0.01194298  0.01251414  0.01276612  0.0128083 ]
 [ 0.00029367  0.00175732  0.0042044   0.00700169  0.00938843  0.01106932
   0.01210558  0.01266452  0.01290032  0.01292635]
 [ 0.00029469  0.00177249  0.00426315  0.00712008  0.0095486   0.01124203
   0.01227042  0.01281244  0.01302943  0.01303811]
 [ 0.00029603  0.00178949  0.00432535  0.00724083  0.00970705  0.01140845
   0.0124258   0.01294945  0.01314747  0.01313931]
 [ 0.00029744  0.00180681  0.00438769  0.00735976  0.00986001  0.01156589
   0.01257019  0.01307498  0.01325448  0.01323038]
 [ 0.00029887  0.00182402  0.00444921  0.00747571  0.01000658  0.01171403
   0.01270394  0.01318982  0.0133515   0.01331245]
 [ 0.00030028  0.00184096  0.00450956  0.00758831  0.01014665  0.01185326
   0.01282782  0.01329502  0.01343968  0.01338668]
 [ 0.00030166  0.00185756  0.00456863  0.00769745  0.01028041  0.0119841
   0.0129427   0.01339162  0.01352012  0.0134541 ]]

