ZWF vs GLT
X [0.10632 0.38984 0.67336 0.95688 1.2404  1.52392 1.80744 2.09096 2.37448
 2.658  ]
Y [ 22.82336     83.68565333 144.54794667 205.41024    266.27253333
 327.13482667 387.99712    448.85941333 509.72170667 570.584     ]
[[ 0.00036476  0.00233189  0.00547955  0.00856893  0.01085028  0.01229791
   0.013116    0.01350686  0.01362019  0.01355711]
 [ 0.00030819  0.00180659  0.00417893  0.00674874  0.00889287  0.01041916
   0.01139232  0.01194678  0.01220726  0.01226921]
 [ 0.00026525  0.00148393  0.00339395  0.00558133  0.00755774  0.00908039
   0.01013048 -0.0001      0.0111508   0.01130486]
 [ 0.00023274  0.00126369  0.00286574  0.00476725  0.00658597  0.00807278
   0.00915917  0.00988347  0.01032038  0.01054445]
 [ 0.0002074   0.00110297  0.00248517  0.00416724  0.0058467   0.00728536
   0.00838545 -0.0001      0.00964575  0.00992431]
 [ 0.0001871   0.00098023 -0.0001      0.00370737  0.00526626  0.00665339
   0.00775421  0.00855247  0.00908533  0.0094071 ]
 [ 0.00017049  0.00088334  0.00197341  0.00334454  0.00479966  0.00613608
   0.00723018  0.00804805  0.00861246  0.00896897]
 [ 0.00015666  0.00080492 -0.0001      0.00305179  0.00441769  0.00570623
   0.00678947  0.00762014  0.00820896  0.00859372]
 [ 0.00014496  0.00074019  0.00164637  0.0028114  -0.0001      0.00534486
  -0.0001      0.00725394 -0.0001      0.00826979]
 [ 0.00013494  0.00068591  0.00152407  0.00261116  0.00383403  0.00503826
  -0.0001      0.00693851  0.00756147  0.00798861]]

