MDH vs ACEA
X [ 2.445968    8.96854933 15.49113067 22.013712   28.53629333 35.05887467
 41.581456   48.10403733 54.62661867 61.1492    ]
Y [ 0.61038  2.23806  3.86574  5.49342  7.1211   8.74878 10.37646 12.00414
 13.63182 15.2595 ]
[[0.00182595 0.00100876 0.00072411 0.00057161 0.00047484 0.00040737
  0.00035741 0.00031881 0.00028803 0.00026287]
 [0.0015105  0.00085176 0.00061598 0.00048821 0.00040657 0.00034941
  0.00030694 0.00027405 0.00024778 0.00022628]
 [0.00141924 0.000811   0.00058988 0.00046918 0.00039171 0.00033729
  0.00029675 0.0002653  0.00024013 0.00021951]
 [0.00141318 0.00081311 0.00059352 0.00047324 0.00039585 0.00034138
  0.00030075 0.00026919 0.00024391 0.00022317]
 [0.00141644 0.00081976 0.00060028 0.00047972 0.00040199 0.0003472
  0.00030628 0.00027446 0.00024894 0.00022799]
 [0.00142148 0.00082722 0.00060758 0.00048662 0.00040849 0.00035334
  0.00031209 0.00027998 0.00025422 0.00023305]
 [0.00142699 0.00083482 0.00061496 0.00049358 0.00041504 0.00035951
  0.00031795 0.00028556 0.00025955 0.00023816]
 [0.00143262 0.00084237 0.00062227 0.00050048 0.00042154 0.00036566
  0.00032378 0.00029112 0.00026487 0.00024328]
 [0.00143821 0.00084979 0.00062947 0.00050728 0.00042796 0.00037174
  0.00032956 0.00029664 0.00027016 0.00024837]
 [0.00144371 0.00085707 0.00063653 0.00051396 0.00043428 0.00037773
  0.00033528 0.00030211 0.00027541 0.00025342]]

