GLT vs EDD
X [ 22.82336     83.68565333 144.54794667 205.41024    266.27253333
 327.13482667 387.99712    448.85941333 509.72170667 570.584     ]
Y [0.0445436  0.16332653 0.28210947 0.4008924  0.51967533 0.63845827
 0.7572412  0.87602413 0.99480707 1.11359   ]
[[0.00033579 0.00032876 0.00032481 0.00032223 0.00032039 0.00031899
  0.00031789 0.00031699 0.00031624 0.0003156 ]
 [0.0019853  0.00201025 0.00202355 0.002032   0.00203793 0.00204237
  0.00204584 0.00204864 0.00205096 0.00205292]
 [0.00456675 0.00470804 0.00478408 0.0048327  0.00486699 0.00489275
  0.00491296 0.00492932 0.00494291 0.00495441]
 [0.00727449 0.00752286 0.00765414 0.00773723 0.00779546 0.007839
  0.00787304 0.00790055 0.00792335 0.0079426 ]
 [0.00945614 0.00975149 0.0099049  0.01000109 0.01006808 0.01011795
  0.01015682 0.01018815 0.01021405 0.0102359 ]
 [0.01096131 0.01125874 0.01141118 0.01150605 0.01157181 0.01162059
  0.01165852 0.01168902 0.0117142  0.01173541]
 [0.01189179 0.01217025 0.0123116  0.01239911 0.01245956 0.01250429
  0.012539   0.01256688 0.01258986 0.0126092 ]
 [0.01240065 0.01265385 0.01278157 0.01286036 0.01291467 0.01295479
  0.01298589 0.01301084 0.0130314  0.01304868]
 [0.01261968 0.01284819 0.01296301 0.0130337  0.01308237 0.01311829
  0.01314612 0.01316843 0.0131868  0.01320225]
 [0.01264604 0.01285287 0.01295659 0.01302039 0.01306428 0.01309667
  0.01312175 0.01314186 0.01315842 0.01317234]]

