CYTBO vs MQO
X [ 3.41618    12.52599333 21.63580667 30.74562    39.85543333 48.96524667
 58.07506    67.18487333 76.29468667 85.4045    ]
Y [ 1.849132    6.78015067 11.71116933 16.642188   21.57320667 26.50422533
 31.435244   36.36626267 41.29728133 46.2283    ]
[[ 0.00106194  0.00114137  0.00123419  0.0012732   0.00129264 -0.0001
   0.00131171  0.00131709  0.00132111  0.00132423]
 [ 0.00094779  0.00116235  0.00120225  0.00121655  0.00122417  0.00122897
   0.0012323   0.00123475  0.00123663  0.00123813]
 [-0.0001      0.00113322  0.00116551  0.00117755  0.00118409  0.00118825
   0.00119115  0.00119329  0.00119494  0.00119625]
 [ 0.00090534  0.00112044  0.00115002  0.00116125  0.00116739  0.00117131
   0.00117405  0.00117607  0.00117763  0.00117887]
 [ 0.00089977  0.00111332  0.00114153  0.00115234  0.00115827  0.00116207
   0.00116472  0.00116668  0.0011682   0.0011694 ]
 [ 0.00089648  0.00110879  0.00113618  0.00114673  0.00115254  0.00115625
   0.00115885  0.00116078  0.00116226 -0.0001    ]
 [ 0.00089433  0.00110567  0.00113249  0.00114287  0.00114859  0.00115226
   0.00115482  0.00115672  0.00115818  0.00115934]
 [ 0.00089282  0.00110337  0.0011298   0.00114006  0.00114572  0.00114935
   0.00115188  0.00115376  0.00115521  0.00115636]
 [ 0.0008917   0.00110162  0.00112775  0.00113792  0.00114353  0.00114713
   0.00114965  0.00115151  0.00115295  0.00115409]
 [ 0.00089085  0.00110024  0.00112614  0.00113623  0.0011418   0.00114538
   0.00114788  0.00114974  0.00115116  0.0011523 ]]

