MDH vs ACK
X [ 2.445968    8.96854933 15.49113067 22.013712   28.53629333 35.05887467
 41.581456   48.10403733 54.62661867 61.1492    ]
Y [ 2.892 10.604 18.316 26.028 33.74  41.452 49.164 56.876 64.588 72.3  ]
[[ 0.00123747  0.00123728  0.00123712  0.00123699  0.00123689  0.00123679
   0.00123671  0.00123664  0.00123658  0.00123652]
 [ 0.00103903  0.00103839  0.00103785  0.00103739  0.00103699  0.00103665
  -0.0001      0.00103609  0.00103585  0.00103564]
 [ 0.00098544  0.00098457  0.00098384  0.00098321  0.00098268  0.00098221
   0.0009818   0.00098144  0.00098112  0.00098083]
 [ 0.0009858   0.00098486  0.00098407  0.0009834   0.00098282  0.00098232
   0.00098188  0.00098148  0.00098113  0.00098082]
 [ 0.00099193  0.00099096  0.00099013  0.00098943  0.00098883  0.00098831
   0.00098785  0.00098744  0.00098707  0.00098675]
 [ 0.0009991   0.0009981   0.00099725  0.00099653  0.0009959   0.00099536
   0.00099489  0.00099446  0.00099409  0.00099375]
 [ 0.00100649  0.00100545  0.00100458  0.00100384  0.0010032   0.00100264
   0.00100216  0.00100172  0.00100134  0.00100099]
 [ 0.00101385  0.00101279  0.0010119   0.00101114  0.00101048  0.00100991
   0.00100941  0.00100897  0.00100857  0.00100822]
 [ 0.00102111  0.00102002  0.00101911  0.00101833  0.00101766  0.00101708
   0.00101656  0.00101611  0.00101571  0.00101534]
 [ 0.00102822  0.00102711  0.00102618  0.00102538  0.0010247   0.0010241
   0.00102358  0.00102311  0.0010227   0.00102233]]

