ACK vs EDD
X [ 2.892 10.604 18.316 26.028 33.74  41.452 49.164 56.876 64.588 72.3  ]
Y [0.0445436  0.16332653 0.28210947 0.4008924  0.51967533 0.63845827
 0.7572412  0.87602413 0.99480707 1.11359   ]
[[0.00112313 0.00112206 0.00112119 0.00112053 0.00112    0.00111958
  0.00111923 0.00111894 0.00111868 0.00111846]
 [0.0011227  0.00112161 0.00112072 0.00112004 0.00111951 0.00111909
  0.00111873 0.00111843 0.00111817 0.00111795]
 [0.00112235 0.00112123 0.00112033 0.00111965 0.00111911 0.00111868
  0.00111832 0.00111802 0.00111776 0.00111753]
 [0.00112205 0.00112091 0.00112    0.00111931 0.00111877 0.00111833
  0.00111797 0.00111767 0.00111741 0.00111718]
 [0.00112179 0.00112064 0.00111972 0.00111902 0.00111848 0.00111804
  0.00111768 0.00111737 0.00111711 0.00111688]
 [0.00112156 0.0011204  0.00111948 0.00111878 0.00111823 0.00111779
  0.00111742 0.00111711 0.00111685 0.00111662]
 [0.00112136 0.00112019 0.00111927 0.00111856 0.00111801 0.00111757
  0.0011172  0.00111689 0.00111663 0.0011164 ]
 [0.00112119 0.00112001 0.00111908 0.00111837 0.00111782 0.00111738
  0.00111701 0.0011167  0.00111643 0.0011162 ]
 [0.00112104 0.00111985 0.00111892 0.00111821 0.00111765 0.00111721
  0.00111684 0.00111653 0.00111626 0.00111603]
 [0.0011209  0.00111971 0.00111877 0.00111806 0.0011175  0.00111705
  0.00111669 0.00111637 0.00111611 0.00111587]]

