ATP_syn vs ACEA
X [  43.4932      159.47506667  275.45693333  391.4388      507.42066667
  623.40253333  739.3844      855.36626667  971.34813333 1087.33      ]
Y [ 0.61038  2.23806  3.86574  5.49342  7.1211   8.74878 10.37646 12.00414
 13.63182 15.2595 ]
[[ 0.00270904  0.00148902  0.00106208  0.00083408  0.00068997  0.00058992
   0.00051609  0.00045924 -0.0001      0.00037721]
 [ 0.00139871  0.00078478  0.00056733  0.00044981  0.0003748   0.00032228
  -0.0001      0.00025303  0.00022887  0.0002091 ]
 [ 0.00114637  0.00064601  0.00046866  0.00037259  0.00031112  0.000268
   0.0002359   0.00021099  0.00019105  0.00017471]
 [ 0.00101697  0.00057451  0.00041761  0.00033251  0.00027799  0.0002397
   0.00021116  0.000189    0.00017124  0.00015668]
 [ 0.00093271  0.00052794  0.00038431  0.00030633  0.00025632  0.00022116
   0.00019495  0.00017457  0.00015824  0.00014484]
 [ 0.00087153  0.00049414  0.00036012  0.00028729  0.00024055  0.00020767
   0.00018314  0.00016406  0.00014876  0.0001362 ]
 [ 0.00082415  0.00046798  0.00034139  0.00027253  0.00022832  0.00019719
   0.00017396  0.00015589  0.00014139  0.00012948]
 [ 0.00078585  0.00044683  0.00032624  0.00026059  0.00021841  0.00018871
   0.00016653  0.00014927  0.00013542  0.00012404]
 [ 0.00075392  0.00042921  0.0003136   0.00025063  0.00021015  0.00018163
   0.00016032  0.00014373  0.00013042  0.00011948]
 [ 0.00072667  0.00041418  0.00030282  0.00024213  0.00020309  0.00017558
   0.00015502  0.00013901  0.00012615  0.00011559]]

