ZWF vs EDD
X [0.10632 0.38984 0.67336 0.95688 1.2404  1.52392 1.80744 2.09096 2.37448
 2.658  ]
Y [0.0445436  0.16332653 0.28210947 0.4008924  0.51967533 0.63845827
 0.7572412  0.87602413 0.99480707 1.11359   ]
[[ 0.00128127  0.00128181  0.00128202  0.00128212  0.00128217  0.00128221
   0.00128223  0.00128224  0.00128225  0.00128226]
 [ 0.001026   -0.0001      0.00102049  0.00101892  0.00101775  0.00101683
   0.00101609  0.00101548  0.00101497  0.00101452]
 [ 0.0008608   0.00085233  0.00084739  0.00084434  0.00084231  0.00084087
   0.0008398   0.00083897  0.00083831  0.00083777]
 [ 0.00074469  0.00073201  0.0007256   0.00072217  0.00072011  0.00071876
   0.00071781  0.00071709  0.00071653  0.00071608]
 [ 0.00065824  0.00064238  0.00063548  0.00063223  0.00063041  0.00062926
   0.00062845  0.00062785  0.00062738  0.000627  ]
 [ 0.00059123  0.00057297  0.00056614  0.00056322  0.00056166  0.00056068
   0.00056     0.00055949  0.00055908  0.00055874]
 [ 0.00053775  0.00051763  0.00051113  0.00050856  0.00050721  0.00050637
   0.00050577  0.00050532  0.00050496  0.00050466]
 [ 0.00049409  0.00047249  0.00046643  0.00046416  0.00046299  0.00046225
   0.00046172  0.00046131  0.00046098  0.0004607 ]
 [ 0.00045783  0.000435    0.0004294   0.00042739  0.00042635  0.00042569
   0.00042521 -0.0001      0.00042452  0.00042426]
 [ 0.00042728  0.0004034   0.00039824  0.00039645  0.00039551  0.00039491
   0.00039447  0.00039412  0.00039382  0.00039356]]

