CYTBO vs ACEA
X [ 3.41618    12.52599333 21.63580667 30.74562    39.85543333 48.96524667
 58.07506    67.18487333 76.29468667 85.4045    ]
Y [ 0.61038  2.23806  3.86574  5.49342  7.1211   8.74878 10.37646 12.00414
 13.63182 15.2595 ]
[[ 0.0017404   0.00085142  0.00058062  0.00044426  0.00036117  0.00030498
   0.00026434  0.00023354  0.00020937  0.00018988]
 [ 0.00160364  0.0009095   0.0006596   0.00052383  0.00043692  0.00037596
   0.00033061  0.00029545  0.00026732  0.00024428]
 [ 0.00156367  0.00089784  0.00065452  0.00052149  0.00043598  0.00037583
   0.00033097 -0.0001      0.00026818  0.00024527]
 [ 0.00154623  0.00089197  0.00065152  0.00051973  0.00043489  0.00037514
   0.00033054  0.00029585  0.00026805  0.00024523]
 [ 0.00153648  0.00088853  0.00064967  0.00051859  0.00043414  0.00037462
   0.00033017  0.0002956   0.00026787  0.0002451 ]
 [ 0.00153027  0.00088628  0.00064843  0.00051781  0.00043361  0.00037424
   0.0003299   0.0002954   0.00026772  0.00024499]
 [ 0.00152597  0.0008847   0.00064756  0.00051724  0.00043322  0.00037397
   0.00032969  0.00029524  0.0002676   0.0002449 ]
 [ 0.00152281  0.00088353  0.0006469   0.00051682  0.00043292  0.00037375
   0.00032953  0.00029512  0.00026751  0.00024482]
 [ 0.00152039  0.00088263  0.00064639  0.00051649  0.00043269  0.00037358
   0.00032941  0.00029502  0.00026743  0.00024476]
 [ 0.00151849  0.00088191  0.00064598  0.00051622  0.0004325   0.00037344
   0.0003293   0.00029494  0.00026736  0.00024471]]

