GLT vs ACEA
X [ 22.82336     83.68565333 144.54794667 205.41024    266.27253333
 327.13482667 387.99712    448.85941333 509.72170667 570.584     ]
Y [ 0.61038  2.23806  3.86574  5.49342  7.1211   8.74878 10.37646 12.00414
 13.63182 15.2595 ]
[[ 4.33878476e-04  2.81774332e-04  2.11886548e-04  1.70683462e-04
   1.43252424e-04  1.23589042e-04  1.08767030e-04  9.71775609e-05
   8.78585505e-05  8.01976169e-05]
 [ 3.17732167e-03  1.59404815e-03 -1.00000000e-04  8.72959799e-04
   7.21707256e-04  6.17687626e-04  5.41318748e-04  4.82655117e-04
   4.36066578e-04  3.98109047e-04]
 [ 7.80683483e-03  3.60908691e-03  2.44524811e-03  1.88199080e-03
   1.54394845e-03 -1.00000000e-04  1.15153383e-03  1.02624030e-03
   9.27464318e-04  8.47424144e-04]
 [ 1.15349816e-02  5.84379330e-03  3.99254956e-03  3.07898715e-03
   2.52940287e-03  2.15977100e-03  1.89277470e-03 -1.00000000e-04
  -1.00000000e-04  1.40149007e-03]
 [ 1.36145512e-02  7.82305057e-03  5.52348052e-03  4.32474765e-03
   3.58582052e-03  3.08230095e-03  2.71570716e-03  2.43599376e-03
   2.21499511e-03  2.03561871e-03]
 [ 1.45734949e-02  9.34416515e-03  6.87347335e-03  5.50266276e-03
   4.62900024e-03  4.02119271e-03  3.57240072e-03 -1.00000000e-04
   2.95105327e-03  2.72614621e-03]
 [ 1.49005583e-02  1.04068112e-02  7.97119210e-03  6.53967612e-03
   5.59575533e-03  4.92383918e-03  4.41941320e-03  4.02568099e-03
  -1.00000000e-04  3.44845904e-03]
 [ 1.48845543e-02  1.10904133e-02  8.81130705e-03  7.40471349e-03
  -1.00000000e-04  5.75244485e-03  5.22139626e-03  4.80148721e-03
   4.46028261e-03  4.17697003e-03]
 [ 1.46833201e-02  1.14866227e-02  9.42146973e-03  8.09605151e-03
   7.17104854e-03  6.48507268e-03  5.95370555e-03  5.52848702e-03
   5.17954086e-03  4.88738699e-03]
 [ 1.43833952e-02  1.16745176e-02  9.84030749e-03  8.62804333e-03
   7.76415197e-03  7.11320990e-03  6.60255047e-03  6.18965020e-03
   5.84786777e-03 -1.00000000e-04]]

