GDH vs ACK
X [ 3.466292   12.70973733 21.95318267 31.196628   40.44007333 49.68351867
 58.926964   68.17040933 77.41385467 86.6573    ]
Y [ 2.892 10.604 18.316 26.028 33.74  41.452 49.164 56.876 64.588 72.3  ]
[[ 1.34741987e-03  1.34690449e-03  1.34648334e-03  1.34613286e-03
   1.34583681e-03  1.34558345e-03  1.34536416e-03  1.34517267e-03
   1.34500383e-03  1.34485399e-03]
 [ 8.01046206e-04  8.00712841e-04  8.00434317e-04  8.00198282e-04
   7.99995595e-04  7.99819887e-04  7.99665964e-04  7.99530335e-04
   7.99409640e-04  7.99301660e-04]
 [ 4.30513611e-04  4.30318739e-04  4.30155512e-04  4.30016868e-04
   4.29897670e-04  4.29794364e-04  4.29703396e-04  4.29623199e-04
   4.29551838e-04  4.29487923e-04]
 [ 2.66524384e-04  2.66395199e-04  2.66286889e-04  2.66194855e-04
   2.66115695e-04  2.66046900e-04  2.65986584e-04  2.65933265e-04
   2.65885797e-04  2.65843282e-04]
 [ 1.79463117e-04  1.79370759e-04  1.79293334e-04  1.79227521e-04
   1.79170898e-04  1.79121704e-04  1.79078552e-04  1.79040405e-04
   1.79006449e-04  1.78976024e-04]
 [ 1.27768298e-04  1.27698897e-04  1.27640714e-04  1.27591256e-04
   1.27548716e-04  1.27511736e-04  1.27479309e-04  1.27450646e-04
   1.27425123e-04  1.27402259e-04]
 [ 9.46788003e-05  9.46247470e-05  9.45794350e-05  9.45409182e-05
   9.45077890e-05  9.44789986e-05  9.44537459e-05  9.44314254e-05
   9.44115567e-05  9.43937547e-05]
 [ 7.23179858e-05  7.22747457e-05  7.22384853e-05  7.22076695e-05
   7.21811661e-05 -1.00000000e-04  7.21379430e-05  7.21200789e-05
   7.21041912e-05  7.20899543e-05]
 [ 5.65712860e-05  5.65359313e-05  5.65063003e-05  5.64811193e-05
   5.64594634e-05  5.64406462e-05  5.64241449e-05  5.64095604e-05
   5.63965787e-05  5.63849490e-05]
 [ 4.51156594e-05  4.50862625e-05  4.50616288e-05  4.50406969e-05
   4.50226975e-05  4.50070577e-05  4.49933459e-05  4.49812266e-05
   4.49704396e-05  4.49607774e-05]]

