MDH vs EDD
X [ 2.445968    8.96854933 15.49113067 22.013712   28.53629333 35.05887467
 41.581456   48.10403733 54.62661867 61.1492    ]
Y [0.0445436  0.16332653 0.28210947 0.4008924  0.51967533 0.63845827
 0.7572412  0.87602413 0.99480707 1.11359   ]
[[ 0.00124093  0.00123538  0.00123228  0.00123026  0.00122882  0.00122772
   0.00122686  0.00122615  0.00122556  0.00122506]
 [ 0.00103618  0.00103978  0.00104125  0.00104201  0.00104246  0.00104275
   0.00104295  0.0010431   0.0010432   0.00104329]
 [ 0.00097983  0.00098737  0.0009907   0.00099256  0.00099376  0.00099459
   0.0009952   0.00099566  0.00099603  0.00099633]
 [ 0.00097949  0.00098801  0.0009918   0.00099394  0.00099531  0.00099627
   0.00099698  0.00099753  0.00099796  0.00099831]
 [ 0.00098528  0.00099429  0.00099832  0.00100061  0.00100208  0.00100312
   0.00100388  0.00100447  0.00100494  0.00100532]
 [ 0.00099217  0.00100158  0.00100581  0.00100821  0.00100977  0.00101086
   0.00101168  0.0010123   0.0010128   0.00101321]
 [ 0.00099932  0.00100907  0.00101347  0.00101599  0.00101762  0.00101877
   0.00101962  0.00102028  0.00102081  0.00102124]
 [ 0.00100646  0.00101652  0.00102109  0.0010237   0.00102541  0.0010266
   0.0010275   0.00102819  0.00102875  0.0010292 ]
 [ 0.0010135   0.00102387  0.00102858  0.00103129  0.00103305  0.0010343
   0.00103523  0.00103595 -0.0001      0.001037  ]
 [ 0.00102041  0.00103106  0.00103591  0.00103871  0.00104053  0.00104182
   0.00104279  0.00104353  0.00104413  0.00104463]]

