ATP_syn vs EDD
X [  43.4932      159.47506667  275.45693333  391.4388      507.42066667
  623.40253333  739.3844      855.36626667  971.34813333 1087.33      ]
Y [0.0445436  0.16332653 0.28210947 0.4008924  0.51967533 0.63845827
 0.7572412  0.87602413 0.99480707 1.11359   ]
[[ 0.00183926 -0.0001      0.00182095  0.00181656  0.00181342  0.00181103
   0.00180914 -0.0001      0.00180631  0.00180521]
 [ 0.00095787  0.0009578   0.00095747  0.00095715  0.00095687  0.00095663
   0.00095642  0.00095625  0.00095609  0.00095595]
 [ 0.00078755  0.00078666  0.00078595  0.0007854   0.00078497  0.00078462
   0.00078433  0.00078409  0.00078388  0.0007837 ]
 [ 0.00070018  0.00069856  0.00069747  0.00069669  0.00069609  0.00069562
  -0.0001      0.00069493  0.00069466  0.00069443]
 [ 0.00064334  0.00064119  0.00063981  0.00063884  0.00063812  0.00063755
   0.0006371   0.00063672  0.0006364   0.00063613]
 [ 0.00060211  0.00059954  0.00059793  0.00059681  0.00059598  0.00059533
   0.00059481  0.00059438  0.00059402  0.00059372]
 [ 0.00057023  0.0005673   0.00056548  0.00056423  0.0005633   0.00056258
   0.00056201  0.00056154  0.00056114  0.0005608 ]
 [ 0.00054448  0.00054123  0.00053924  0.00053787  0.00053686  0.00053607
   0.00053545  0.00053494  0.00053451  0.00053414]
 [ 0.00052303  0.00051951  0.00051735  0.00051587  0.00051478  0.00051394
   0.00051327  0.00051272  0.00051226  0.00051187]
 [ 0.00050475  0.00050097  0.00049866  0.00049708  0.00049592  0.00049503
   0.00049432  0.00049373  0.00049324  0.00049283]]

