ACEA vs EDD
X [ 0.61038  2.23806  3.86574  5.49342  7.1211   8.74878 10.37646 12.00414
 13.63182 15.2595 ]
Y [0.0445436  0.16332653 0.28210947 0.4008924  0.51967533 0.63845827
 0.7572412  0.87602413 0.99480707 1.11359   ]
[[ 0.00164974  0.00163994  0.00163437 -0.0001      0.00162805  0.00162604
   0.00162444  0.00162313  0.00162204  0.0016211 ]
 [ 0.00091667  0.00091811  0.00091861  0.00091883  0.00091893  0.00091898
   0.00091901  0.00091901  0.00091901  0.000919  ]
 [ 0.00065871  0.0006624   0.00066416  0.0006652   0.0006659   0.0006664
   0.00066678  0.00066707  0.00066731  0.00066751]
 [ 0.00052005  0.0005244   0.00052655  0.00052787  0.00052876  0.00052941
   0.00052991  0.00053031  0.00053064  0.00053091]
 [ 0.00043191  0.00043642  0.0004387   0.0004401   0.00044106  0.00044177
   0.00044231  0.00044275  0.00044311  0.0004434 ]
 [ 0.00037043  0.00037491  0.0003772   0.00037861  0.00037958  0.0003803
   0.00038086  0.0003813   0.00038167  0.00038198]
 [ 0.0003249   0.00032926  0.0003315   0.00033289  0.00033385  0.00033456
   0.00033512  0.00033556  0.00033592  0.00033623]
 [ 0.00028971  0.00029392  0.0002961   0.00029745  0.00029839  0.00029909
   0.00029963  0.00030006  0.00030042  0.00030072]
 [ 0.00026165  0.0002657   0.00026781  0.00026912  0.00027003  0.00027071
   0.00027123  0.00027166  0.00027201  0.0002723 ]
 [ 0.00023873  0.00024262  0.00024465  0.00024592  0.0002468   0.00024745
   0.00024796  0.00024837  0.00024871  0.000249  ]]

