MQO vs MDH
X [ 1.849132    6.78015067 11.71116933 16.642188   21.57320667 26.50422533
 31.435244   36.36626267 41.29728133 46.2283    ]
Y [ 2.445968    8.96854933 15.49113067 22.013712   28.53629333 35.05887467
 41.581456   48.10403733 54.62661867 61.1492    ]
[[ 0.00111901  0.00098565  0.00100286  0.00102119  0.00103864  0.00105505
   0.00107046 -0.0001      0.00109858  0.00111144]
 [ 0.0012566   0.00112295  0.001012    0.00098571  0.00098376  0.00098678
   0.00099114  0.00099595  0.00100094  0.00100597]
 [ 0.00127318  0.00120921  0.00112358  0.00104567  0.00100427  0.00098865
   0.00098403  0.00098361  0.0009849   0.00098697]
 [ 0.00127997  0.00123778  0.00118609  0.00112384  0.00106546  0.00102461
   0.00100166  0.00099042  0.00098547  0.0009837 ]
 [ 0.00128371  0.00125172  0.00121593  0.00117261  0.00112398  0.00107766
   0.00104089  0.00101578  0.00100036  0.00099156]
 [ 0.00128609  0.00126011  0.00123266  0.00120081  0.00116388  0.00112406
   0.00108579  0.00105326  0.00102846  0.00101106]
 [ 0.00128774  0.00126577  0.00124334  0.00121838  0.00118979  0.00115779
   0.00112412  0.00109155  0.00106272  0.00103918]
 [ 0.00128895  0.00126987  0.0012508   0.00123026  0.00120726  0.00118145
   0.00115332  0.00112417  0.00109584  0.00107009]
 [ 0.00128988  0.00127299  0.00125633  0.00123882  0.00121965  0.00119837
   0.00117494  0.00114989  0.0011242   0.00109915]
 [ 0.00129061  0.00127546  0.00126062  0.00124531  0.00122887  0.00121087
   0.00119112  0.00116974  0.00114719  0.00112423]]

