MDH vs ZWF
X [ 2.445968    8.96854933 15.49113067 22.013712   28.53629333 35.05887467
 41.581456   48.10403733 54.62661867 61.1492    ]
Y [0.10632 0.38984 0.67336 0.95688 1.2404  1.52392 1.80744 2.09096 2.37448
 2.658  ]
[[0.0014021  0.00113536 0.00095921 0.00083367 0.00073916 0.00066518
  0.00060559 0.00055651 0.00051537 0.0004804 ]
 [0.00119175 0.00094455 0.00078392 0.00067127 0.0005877  0.00052315
  0.00047177 0.00042992 0.0003952  0.00036596]
 [0.00113243 0.00089411 0.00073905 0.00063045 0.00055002 0.00048803
  0.0004388  0.00039877 0.00036563 0.00033777]
 [0.00113297 0.0008942  0.00073864 0.00062963 0.00054889 0.00048667
  0.00043724 0.00039708 0.00036383 0.00033589]
 [0.0011398  0.00089979 0.00074323 0.00063346 0.00055215 0.00048946
  0.00043967 0.0003992  0.0003657  0.00033755]
 [0.00114775 0.00090638 0.00074877 0.0006382  0.00055626 0.00049309
  0.0004429  0.0004021  0.00036833 0.00033995]
 [0.00115591 0.00091319 0.00075452 0.00064316 0.0005606  0.00049694
  0.00044635 0.00040523 0.00037119 0.00034257]
 [0.00116403 0.00091999 0.00076029 0.00064814 0.00056498 0.00050083
  0.00044986 0.00040842 0.0003741  0.00034526]
 [0.00117203 0.0009267  0.000766   0.00065308 0.00056933 0.00050471
  0.00045336 0.0004116  0.00037702 0.00034795]
 [0.00117985 0.00093328 0.0007716  0.00065795 0.00057362 0.00050854
  0.00045681 0.00041474 0.0003799  0.00035062]]

