CYTBO vs ZWF
X [ 3.41618    12.52599333 21.63580667 30.74562    39.85543333 48.96524667
 58.07506    67.18487333 76.29468667 85.4045    ]
Y [0.10632 0.38984 0.67336 0.95688 1.2404  1.52392 1.80744 2.09096 2.37448
 2.658  ]
[[ 0.00121445  0.00100084  0.00085498  0.00074802  0.00066579  0.0006004
   0.00054706  0.00050266  0.00046513  0.00043297]
 [ 0.00125978  0.00101155  0.00084669  0.00072995  0.00064275  0.00057501
   0.00052081  0.00047647  0.00043953  0.0004083 ]
 [ 0.00123242  0.00099705  0.00083705  0.00072311  0.00063776  0.00057134
   0.00051814  0.00047455  0.0004382   0.00040745]
 [ 0.00121934  0.00099022  0.00083253  0.00071989  0.0006354   0.00056959
  -0.0001      0.00047359  0.0004375   0.00040696]
 [ 0.00121179  0.0009863   0.00082992  0.00071803  0.00063402  0.00056855
   0.00051604  0.00047299 -0.0001      0.00040663]
 [ 0.0012069   0.00098376  0.00082823  0.00071681  0.00063312  0.00056786
   0.00051552  0.00047259  0.00043675  0.0004064 ]
 [ 0.00120347  0.00098198  0.00082705  0.00071596  0.00063248  0.00056738
   0.00051515  0.0004723   0.00043653  0.00040623]
 [ 0.00120095  0.00098067  0.00082618  0.00071533  0.00063201  0.00056702
   0.00051487  0.00047209  0.00043636  0.0004061 ]
 [ 0.001199    0.00097966  0.00082551  0.00071484  0.00063165  0.00056674
   0.00051465  0.00047192  0.00043623  0.000406  ]
 [ 0.00119746  0.00097887  0.00082497  0.00071446  0.00063136  0.00056652
   0.00051448  0.00047178  0.00043613  0.00040592]]

