ZWF vs ACEA
X [0.10632 0.38984 0.67336 0.95688 1.2404  1.52392 1.80744 2.09096 2.37448
 2.658  ]
Y [ 0.61038  2.23806  3.86574  5.49342  7.1211   8.74878 10.37646 12.00414
 13.63182 15.2595 ]
[[ 1.83391683e-03  1.05867282e-03  7.73907453e-04  6.17768801e-04
   5.17209819e-04  4.46356899e-04  3.93450754e-04  3.52298489e-04
   3.19300056e-04  2.92208041e-04]
 [ 1.52148887e-03  8.32049441e-04  5.94073536e-04  4.67181618e-04
   3.86944684e-04  3.31179994e-04  2.89991919e-04  2.58241543e-04
   2.32975468e-04  2.12367593e-04]
 [-1.00000000e-04  6.87239173e-04  4.82804498e-04  3.75869854e-04
   3.09102419e-04  2.63132548e-04  2.29428697e-04  2.03603739e-04
   1.83156210e-04  1.66549885e-04]
 [ 1.14656683e-03  5.86546917e-04  4.07043046e-04  3.14515368e-04
   2.57295592e-04 -1.00000000e-04  1.89652310e-04  1.67892963e-04
   1.50727592e-04  1.36829953e-04]
 [ 1.02525356e-03  5.12255283e-04  3.52016436e-04  2.70389992e-04
   2.20298192e-04  1.86243058e-04  1.61518392e-04  1.42722298e-04
   1.27936494e-04  1.15993799e-04]
 [ 9.29095109e-04  4.55096603e-04  3.10207596e-04  2.37124876e-04
   1.92560413e-04  1.62401625e-04  1.40582377e-04  1.24041108e-04
   1.11058551e-04  1.00592176e-04]
 [ 8.50868733e-04  4.09736923e-04  2.77373207e-04  2.11167950e-04
   1.71013897e-04  1.43944139e-04  1.24416850e-04  1.09647167e-04
   9.80766973e-05  8.87631881e-05]
 [ 7.85929475e-04  3.72875183e-04  2.50926491e-04  1.90374259e-04
  -1.00000000e-04  1.29255249e-04  1.11579906e-04  9.82369227e-05
   8.78005051e-05  7.94106936e-05]
 [ 7.31142493e-04  3.42350919e-04  2.29195531e-04  1.73368370e-04
   1.39800706e-04  1.17309345e-04  1.01159290e-04  8.89879997e-05
  -1.00000000e-04  7.18463160e-05]
 [ 6.84307733e-04  3.16686950e-04  2.11049076e-04  1.59225764e-04
   1.28175806e-04  1.07422963e-04  9.25488423e-05  8.13552268e-05
   7.26217791e-05  6.56153340e-05]]

