MQO vs ACK
X [ 1.849132    6.78015067 11.71116933 16.642188   21.57320667 26.50422533
 31.435244   36.36626267 41.29728133 46.2283    ]
Y [ 2.892 10.604 18.316 26.028 33.74  41.452 49.164 56.876 64.588 72.3  ]
[[ 0.00098558  0.00098472  0.00098399  0.00098337  0.00098283  0.00098237
   0.00098196  0.0009816   0.00098128  0.00098099]
 [ 0.00118961  0.00118931  0.00118906  0.00118884  0.00118866  0.00118851
   0.00118837  0.00118825  0.00118815  0.00118806]
 [-0.0001      0.00123939  0.00123923  0.0012391   0.001239    0.0012389
   0.00123883  0.00123876  0.00123869  0.00123864]
 [ 0.00125687  0.00125673  0.00125662  0.00125653  0.00125645  0.00125638
   0.00125633  0.00125628  0.00125624  0.0012562 ]
 [ 0.00126587  0.00126576  0.00126567  0.0012656   0.00126554  0.00126549
   0.00126545  0.00126541  0.00126538  0.00126535]
 [ 0.00127147  0.00127139  0.00127132  0.00127126  0.00127121  0.00127117
   0.00127114  0.00127111  0.00127108  0.00127106]
 [-0.0001      0.00127525  0.0012752   0.00127515  0.00127511  0.00127508
   0.00127505  0.00127503  0.00127501  0.00127499]
 [ 0.00127815  0.00127809  0.00127804  0.001278    0.00127797  0.00127794
   0.00127792  0.0012779   0.00127788  0.00127787]
 [ 0.00128031  0.00128026  0.00128022  0.00128018  0.00128016  0.00128013
   0.00128011  0.0012801   0.00128008  0.00128007]
 [ 0.00128202  0.00128198  0.00128194  0.00128191  0.00128189  0.00128187
   0.00128185  0.00128184  0.00128182  0.00128181]]

