GDH vs EDD
X [ 3.466292   12.70973733 21.95318267 31.196628   40.44007333 49.68351867
 58.926964   68.17040933 77.41385467 86.6573    ]
Y [0.0445436  0.16332653 0.28210947 0.4008924  0.51967533 0.63845827
 0.7572412  0.87602413 0.99480707 1.11359   ]
[[ 1.36364034e-03  1.34000742e-03  1.33096477e-03  1.32610043e-03
   1.32301537e-03  1.32086540e-03  1.31927303e-03  1.31804209e-03
   1.31705984e-03  1.31625650e-03]
 [ 7.96917922e-04  8.03113910e-04  8.06800626e-04  8.09297526e-04
   8.11123336e-04  8.12528394e-04  8.13649819e-04  8.14569745e-04
   8.15340723e-04  8.15997964e-04]
 [ 4.24654287e-04  4.33951169e-04  4.40156796e-04  4.44675578e-04
   4.48151368e-04  4.50928969e-04  4.53210785e-04  4.55127352e-04
   4.56764767e-04  4.58183521e-04]
 [ 2.61073707e-04  2.69848081e-04  2.75928633e-04  2.80468792e-04
   2.84024980e-04  2.86905805e-04  2.89298978e-04  2.91326330e-04
   2.93070962e-04  2.94591814e-04]
 [ 1.74686691e-04  1.82433704e-04  1.87917186e-04  1.92072074e-04
   1.95361991e-04  1.98049562e-04  2.00297137e-04  2.02211524e-04
   2.03866373e-04  2.05314442e-04]
 [ 1.23634263e-04  1.30372696e-04  1.35213807e-04  1.38920910e-04
   1.41879705e-04  1.44311858e-04  1.46355998e-04  1.48104281e-04
   1.49620743e-04  1.50951483e-04]
 [ 9.11003477e-05  9.69548379e-05  1.01210495e-04  1.04496975e-04
   1.07137000e-04  1.09318244e-04  1.11159077e-04  1.12738826e-04
   1.14113003e-04  1.15321854e-04]
 [ 6.92075610e-05  7.43115742e-05  7.80584887e-05  8.09729972e-05
   8.33272447e-05  8.52809358e-05  8.69356790e-05  8.83599733e-05
   8.96020393e-05  9.06970112e-05]
 [ 5.38529403e-05  5.83248663e-05  6.16363015e-05  6.42285176e-05
   6.63327838e-05  6.80859273e-05  6.95756218e-05  7.08613115e-05
   7.19850619e-05  7.29776614e-05]
 [ 4.27264819e-05 -1.00000000e-04  4.96054337e-05  5.19200626e-05
   5.38074384e-05  5.53855745e-05  5.67305485e-05  5.78942227e-05
   5.89134726e-05  5.98153931e-05]]

