CYTBO vs EDD
X [ 3.41618    12.52599333 21.63580667 30.74562    39.85543333 48.96524667
 58.07506    67.18487333 76.29468667 85.4045    ]
Y [0.0445436  0.16332653 0.28210947 0.4008924  0.51967533 0.63845827
 0.7572412  0.87602413 0.99480707 1.11359   ]
[[ 0.0010659   0.00109179  0.00110376  0.00111079  0.00111546  0.0011188
   0.00112132  0.00112329  0.00112488  0.00112618]
 [ 0.00111148  0.00110461  0.00110068  0.00109808  0.00109621  0.00109478
   0.00109364  0.0010927   0.00109192  0.00109125]
 [ 0.00109644 -0.0001      0.00107815  0.0010739   0.00107086  0.00106856
   0.00106675  0.00106527  0.00106403  0.00106298]
 [ 0.00108903  0.00107542  0.00106788  0.00106299  0.00105952  0.00105689
   0.00105481  0.00105312  0.00105171  0.00105052]
 [ 0.0010847   0.00107013  0.00106206  0.00105684  0.00105313  0.00105033
   0.00104812  0.00104632  0.00104482  0.00104354]
 [ 0.00108188  0.00106671  0.00105833  0.0010529   0.00104904  0.00104613
   0.00104384  0.00104197  0.00104042  0.0010391 ]
 [ 0.0010799   0.00106433  0.00105572  0.00105016  0.00104621  0.00104322
   0.00104087  0.00103896  0.00103737  0.00103602]
 [ 0.00107844  0.00106257  0.00105381  0.00104814  0.00104412  0.00104109
   0.0010387   0.00103675  0.00103513  0.00103376]
 [ 0.00107731  0.00106122  0.00105234  0.0010466   0.00104252  0.00103945
   0.00103703  0.00103506  0.00103342  0.00103203]
 [ 0.00107641  0.00106016  0.00105118  0.00104538  0.00104126  0.00103816
   0.00103571  0.00103373  0.00103207  0.00103067]]

