CITRA_SYN vs ZWF
X [0.4 0.8 1.2 1.6 2.  2.4 2.8 3.2 3.6 4. ]
Y [0.02658 0.05316 0.07974 0.10632 0.1329  0.15948 0.18606 0.21264 0.23922
 0.2658 ]
[[0.01695309 0.01680516 0.01666328 0.0165271  0.01639626 0.01627039
  0.01614915 0.01603225 0.01591938 0.01581028]
 [0.01735179 0.01709628 0.01685137 0.01661644 0.01639088 0.01617408
  0.01596547 0.01576453 0.01557075 0.01538371]
 [0.01338343 0.01309383 0.01281892 0.01255757 0.01230875 0.01207149
  0.01184494 0.01162831 0.01142089 0.01122204]
 [0.00931966 0.00906981 0.00883469 0.00861301 0.00840357 0.00820535
  0.00801741 0.00783891 0.00766911 0.00750735]
 [0.00633393 0.00614858 0.00597491 0.00581183 0.00565839 0.0055137
  0.00537702 0.00524766 0.00512502 0.00500856]
 [0.00437406 0.00424474 0.00412353 0.00400969 0.00390258 0.0038016
  0.00370623 0.00361599 0.00353046 0.00344928]
 [0.00311938 0.00302988 0.00294567 0.00286635 0.00279151 0.00272081
  0.00265389 0.00259048 0.00253028 0.00247306]
 [0.00230394 0.00224091 0.00218129 0.00212486 0.00207142 0.00202076
  0.00197267 0.00192697 0.00188349 0.00184207]
 [0.00175759 0.00171203 0.00166865 0.00162739 0.00158814 0.00155078
  0.00151521 0.0014813  0.00144895 0.00141806]
 [0.00137898 0.00134511 0.00131267 0.00128164 0.00125199 0.00122366
  0.00119659 0.00117071 0.00114595 0.00112226]]

