ATP_MAINTENANCE vs ZWF
X [0.130166 0.260332 0.390498 0.520664 0.65083  0.780996 0.911162 1.041328
 1.171494 1.30166 ]
Y [0.02658 0.05316 0.07974 0.10632 0.1329  0.15948 0.18606 0.21264 0.23922
 0.2658 ]
[[3.54557341e-11 2.28573645e-11 1.51369569e-11 1.02673099e-11
  7.11448545e-12 5.02465189e-12 3.60987625e-12 2.63376857e-12
  1.94869924e-12 1.46036038e-12]
 [1.36142886e-02 1.35295176e-02 1.34375726e-02 1.33273369e-02
  1.31718387e-02 1.30441205e-02 1.79579299e-02 4.50388587e-09
  1.68649944e-02 1.57103017e-02]
 [7.61434789e-03 7.58958028e-03 7.58100150e-03 7.58488565e-03
  7.59847809e-03 7.61981647e-03 7.64749441e-03 7.68058062e-03
  7.71841505e-03 7.76043772e-03]
 [3.72204988e-03 3.62961100e-03 3.53824944e-03 3.44917536e-03
  3.36316365e-03 3.28069184e-03 3.20203680e-03 3.12734041e-03
  3.05665946e-03 2.98999488e-03]
 [2.67356348e-03 2.60375740e-03 2.53496472e-03 2.46788721e-03
  2.40293625e-03 2.34033357e-03 2.28017774e-03 2.22248729e-03
  2.16722942e-03 2.11433907e-03]
 [2.14807034e-03 2.09176961e-03 2.03695662e-03 1.98396903e-03
  1.93297751e-03 1.88404791e-03 1.83717988e-03 1.79233303e-03
  1.74944198e-03 1.70842768e-03]
 [1.83905553e-03 1.79131103e-03 1.74516186e-03 1.70077126e-03
  1.65819172e-03 1.61742245e-03 1.57842397e-03 1.54113538e-03
  1.50548367e-03 1.47139062e-03]
 [1.63527260e-03 1.59361748e-03 1.55352874e-03 1.51507310e-03
  1.47825456e-03 1.44303959e-03 1.40937311e-03 1.37718823e-03
  1.34641323e-03 1.31697376e-03]
 [1.48923611e-03 1.45203406e-03 1.41632916e-03 1.38213993e-03
  1.34944268e-03 1.31818966e-03 1.28831976e-03 1.25976572e-03
  1.23245813e-03 1.20632796e-03]
 [1.37897662e-03 1.34511239e-03 1.31267061e-03 1.28164270e-03
  1.25199044e-03 1.22365925e-03 1.19658641e-03 1.17070596e-03
  1.14595174e-03 1.12225919e-03]]

