GLT vs LPD
X [ 5.70584 11.41168 17.11752 22.82336 28.5292  34.23504 39.94088 45.64672
 51.35256 57.0584 ]
Y [0.00684413 0.01368826 0.02053239 0.02737652 0.03422065 0.04106478
 0.04790891 0.05475304 0.06159717 0.0684413 ]
[[6.23697667e-04 3.41565559e-04 2.31336202e-04 1.74211548e-04
  1.39525294e-04 1.16291443e-04 9.96626218e-05 8.71808760e-05
  7.74704159e-05 6.97022551e-05]
 [1.48790290e-03 8.07626803e-04 5.30226245e-04 3.90098923e-04
  3.07344444e-04 2.53141958e-04 2.15021640e-04 1.86800403e-04
  1.65086828e-04 1.47872829e-04]
 [2.50003649e-03 1.40199707e-03 9.05458946e-04 6.53289066e-04
  5.06841400e-04 4.12642334e-04 3.47417264e-04 2.99745654e-04
  2.63451114e-04 2.34927260e-04]
 [3.56847441e-03 2.10502390e-03 1.35982616e-03 9.67985396e-04
  7.41012604e-04 5.96756407e-04 4.98136627e-04 4.26874453e-04
  3.73145020e-04 3.31265409e-04]
 [4.63836343e-03 2.88312093e-03 1.88816342e-03 1.33589520e-03
  1.01206426e-03 8.07163345e-04 6.68346229e-04 5.68983611e-04
  4.94714074e-04 4.37262463e-04]
 [5.68130604e-03 3.70257433e-03 2.47830762e-03 1.75549589e-03
  1.32100763e-03 1.04508161e-03 8.59014042e-04 7.26773075e-04
  6.28649372e-04 5.53259394e-04]
 [6.68297209e-03 4.53669374e-03 3.11432117e-03 2.22200172e-03
  1.66735820e-03 1.31109846e-03 1.07082708e-03 9.00804325e-04
  7.75367181e-04 6.79552292e-04]
 [7.63629311e-03 5.36661474e-03 3.77990778e-03 2.72806956e-03
  2.04903639e-03 1.60503634e-03 1.30411333e-03 1.09146138e-03
  9.35187863e-04 8.16381169e-04]
 [8.53810463e-03 6.17968963e-03 4.46059555e-03 3.26492448e-03
  2.46250927e-03 1.92588747e-03 1.55877929e-03 1.29891220e-03
  1.10831542e-03 9.63918672e-04]
 [9.38745018e-03 6.96767653e-03 5.14457553e-03 3.82348590e-03
  2.90313383e-03 2.27183121e-03 1.83427229e-03 1.52307808e-03
  1.29481823e-03 1.12225919e-03]]

GLT vs LPD
X [ 5.70584 11.41168 17.11752 22.82336 28.5292  34.23504 39.94088 45.64672
 51.35256 57.0584 ]
Y [0.00684413 0.01368826 0.02053239 0.02737652 0.03422065 0.04106478
 0.04790891 0.05475304 0.06159717 0.0684413 ]
[[6.23697667e-04 3.41565559e-04 2.31336202e-04 1.74211548e-04
  1.39525294e-04 1.16291443e-04 9.96626218e-05 8.71808760e-05
  7.74704159e-05 6.97022551e-05]
 [1.48790290e-03 8.07626803e-04 5.30226245e-04 3.90098923e-04
  3.07344444e-04 2.53141958e-04 2.15021640e-04 1.86800403e-04
  1.65086828e-04 1.47872829e-04]
 [2.50003649e-03 1.40199707e-03 9.05458946e-04 6.53289066e-04
  5.06841400e-04 4.12642334e-04 3.47417264e-04 2.99745654e-04
  2.63451114e-04 2.34927260e-04]
 [3.56847441e-03 2.10502390e-03 1.35982616e-03 9.67985396e-04
  7.41012604e-04 5.96756407e-04 4.98136627e-04 4.26874453e-04
  3.73145020e-04 3.31265409e-04]
 [4.63836343e-03 2.88312093e-03 1.88816342e-03 1.33589520e-03
  1.01206426e-03 8.07163345e-04 6.68346229e-04 5.68983611e-04
  4.94714074e-04 4.37262463e-04]
 [5.68130604e-03 3.70257433e-03 2.47830762e-03 1.75549589e-03
  1.32100763e-03 1.04508161e-03 8.59014042e-04 7.26773075e-04
  6.28649372e-04 5.53259394e-04]
 [6.68297209e-03 4.53669374e-03 3.11432117e-03 2.22200172e-03
  1.66735820e-03 1.31109846e-03 1.07082708e-03 9.00804325e-04
  7.75367181e-04 6.79552292e-04]
 [7.63629311e-03 5.36661474e-03 3.77990778e-03 2.72806956e-03
  2.04903639e-03 1.60503634e-03 1.30411333e-03 1.09146138e-03
  9.35187863e-04 8.16381169e-04]
 [8.53810463e-03 6.17968963e-03 4.46059555e-03 3.26492448e-03
  2.46250927e-03 1.92588747e-03 1.55877929e-03 1.29891220e-03
  1.10831542e-03 9.63918672e-04]
 [9.38745018e-03 6.96767653e-03 5.14457553e-03 3.82348590e-03
  2.90313383e-03 2.27183121e-03 1.83427229e-03 1.52307808e-03
  1.29481823e-03 1.12225919e-03]]

