ATP_MAINTENANCE vs GDH
X [0.130166 0.260332 0.390498 0.520664 0.65083  0.780996 0.911162 1.041328
 1.171494 1.30166 ]
Y [0.866573 1.733146 2.599719 3.466292 4.332865 5.199438 6.066011 6.932584
 7.799157 8.66573 ]
[[1.86826715e-11 8.60299535e-12 5.36328621e-12 3.85121177e-12
  3.00193489e-12 2.46482543e-12 2.09595136e-12 1.82700542e-12
  1.62201939e-12 1.46036038e-12]
 [1.69736630e-02 3.53588015e-02 1.05331322e-08 1.32094186e-07
  6.54101793e-09 1.17608961e-02 1.56807515e-02 1.63690566e-02
  1.62077953e-02 1.57103017e-02]
 [9.98723775e-03 8.99292687e-03 8.65107603e-03 8.55159673e-03
  8.45734107e-03 8.34211876e-03 8.20902637e-03 8.06443220e-03
  7.91368900e-03 7.76043772e-03]
 [2.97578695e-03 3.26966108e-03 4.30835739e-03 4.45510393e-03
  4.22543710e-03 3.93342123e-03 3.65484938e-03 3.40508860e-03
  3.18452958e-03 2.98999488e-03]
 [3.79187122e-06 1.55894910e-03 3.01175091e-03 3.36042740e-03
  3.22415605e-03 2.97974523e-03 2.73002904e-03 2.50050482e-03
  2.29570303e-03 2.11433907e-03]
 [4.41162638e-07 8.47968551e-04 2.19260852e-03 2.63772358e-03
  2.59372480e-03 2.41703375e-03 2.21863306e-03 2.03028065e-03
  1.85998725e-03 1.70842768e-03]
 [1.73738396e-07 5.08323404e-04 1.65157784e-03 2.13830845e-03
  2.16611896e-03 2.04826342e-03 1.89496697e-03 1.74174110e-03
  1.59965580e-03 1.47139062e-03]
 [9.31549880e-08 3.31609574e-04 1.28970282e-03 1.78736060e-03
  1.86674580e-03 1.79355235e-03 1.67492652e-03 1.54862628e-03
  1.42789159e-03 1.31697376e-03]
 [5.71470886e-08 2.32167282e-04 1.04193076e-03 1.53450715e-03
  1.64898639e-03 1.60845474e-03 1.51549045e-03 1.40919437e-03
  1.30434865e-03 1.20632796e-03]
 [3.76210559e-08 1.72122288e-04 8.67141473e-04 1.34711662e-03
  1.48511069e-03 1.46838770e-03 1.39457326e-03 1.30333093e-03
  1.21049644e-03 1.12225919e-03]]

ATP_MAINTENANCE vs GDH
X [0.130166 0.260332 0.390498 0.520664 0.65083  0.780996 0.911162 1.041328
 1.171494 1.30166 ]
Y [0.866573 1.733146 2.599719 3.466292 4.332865 5.199438 6.066011 6.932584
 7.799157 8.66573 ]
[[1.86826715e-11 8.60299535e-12 5.36328621e-12 3.85121177e-12
  3.00193489e-12 2.46482543e-12 2.09595136e-12 1.82700542e-12
  1.62201939e-12 1.46036038e-12]
 [1.69736630e-02 3.53588015e-02 1.05331322e-08 1.32094186e-07
  6.54101793e-09 1.17608961e-02 1.56807515e-02 1.63690566e-02
  1.62077953e-02 1.57103017e-02]
 [9.98723775e-03 8.99292687e-03 8.65107603e-03 8.55159673e-03
  8.45734107e-03 8.34211876e-03 8.20902637e-03 8.06443220e-03
  7.91368900e-03 7.76043772e-03]
 [2.97578695e-03 3.26966108e-03 4.30835739e-03 4.45510393e-03
  4.22543710e-03 3.93342123e-03 3.65484938e-03 3.40508860e-03
  3.18452958e-03 2.98999488e-03]
 [3.79187122e-06 1.55894910e-03 3.01175091e-03 3.36042740e-03
  3.22415605e-03 2.97974523e-03 2.73002904e-03 2.50050482e-03
  2.29570303e-03 2.11433907e-03]
 [4.41162638e-07 8.47968551e-04 2.19260852e-03 2.63772358e-03
  2.59372480e-03 2.41703375e-03 2.21863306e-03 2.03028065e-03
  1.85998725e-03 1.70842768e-03]
 [1.73738396e-07 5.08323404e-04 1.65157784e-03 2.13830845e-03
  2.16611896e-03 2.04826342e-03 1.89496697e-03 1.74174110e-03
  1.59965580e-03 1.47139062e-03]
 [9.31549880e-08 3.31609574e-04 1.28970282e-03 1.78736060e-03
  1.86674580e-03 1.79355235e-03 1.67492652e-03 1.54862628e-03
  1.42789159e-03 1.31697376e-03]
 [5.71470886e-08 2.32167282e-04 1.04193076e-03 1.53450715e-03
  1.64898639e-03 1.60845474e-03 1.51549045e-03 1.40919437e-03
  1.30434865e-03 1.20632796e-03]
 [3.76210559e-08 1.72122288e-04 8.67141473e-04 1.34711662e-03
  1.48511069e-03 1.46838770e-03 1.39457326e-03 1.30333093e-03
  1.21049644e-03 1.12225919e-03]]

