ATP_syn vs ACEA
X [ 10.8733  21.7466  32.6199  43.4932  54.3665  65.2398  76.1131  86.9864
  97.8597 108.733 ]
Y [0.152595 0.30519  0.457785 0.61038  0.762975 0.91557  1.068165 1.22076
 1.373355 1.52595 ]
[[0.00692085 0.00658074 0.00627097 0.00598904 0.00573193 0.00549677
  0.00528093 0.00508217 0.00489852 0.00472832]
 [0.00473671 0.00416385 0.0037386  0.00340641 0.00313758 0.00291427
  0.002725   0.00256202 0.00241984 0.00229445]
 [0.00436502 0.00383906 0.0034486  0.00314355 0.00289667 0.00269158
  0.00251776 0.00236807 0.00223748 0.00212231]
 [0.00376279 0.00330824 0.00297161 0.00270904 0.00249675 0.00232053
  0.00217125 0.00204275 0.00193066 0.00183183]
 [0.00330993 0.0029106  0.00261516 0.00238485 0.00219871 0.00204421
  0.00191334 0.00180068 0.00170241 0.00161575]
 [0.00297454 0.00261665 0.00235199 0.00214571 0.00197899 0.0018406
  0.00172337 0.00162243 0.00153437 0.0014567 ]
 [0.00272458 0.00239768 0.002156   0.00196764 0.0018154  0.00168903
  0.00158195 0.00148974 0.00140929 0.00133831]
 [0.00253506 0.00223161 0.00200733 0.00183255 0.00169128 0.00157399
  0.00147461 0.00138902 0.00131432 0.00124841]
 [0.00238785 0.00210254 0.00189172 0.00172745 0.00159467 0.00148444
  0.00139102 0.00131056 0.00124033 0.00117836]
 [0.00227045 0.00199951 0.00179938 0.00164345 0.00151743 0.00141281
  0.00132414 0.00124776 0.00118109 0.00112226]]

