GDH vs ATP_syn
X [0.866573 1.733146 2.599719 3.466292 4.332865 5.199438 6.066011 6.932584
 7.799157 8.66573 ]
Y [ 10.8733  21.7466  32.6199  43.4932  54.3665  65.2398  76.1131  86.9864
  97.8597 108.733 ]
[[5.37228709e-03 5.61681448e-05 2.08083231e-06 7.12469395e-07
  3.75275264e-07 2.23738577e-07 1.40415725e-07 9.01729674e-08
  5.83472854e-08 3.76210559e-08]
 [7.94208558e-03 2.57135740e-03 1.51229178e-03 9.17337993e-04
  6.07147773e-04 4.33387875e-04 3.27086201e-04 2.56982932e-04
  2.07964711e-04 1.72122288e-04]
 [7.68510964e-03 3.96882494e-03 3.01006913e-03 2.24832565e-03
  1.78754725e-03 1.48426560e-03 1.26659816e-03 1.10145566e-03
  9.71660843e-04 8.67141473e-04]
 [7.18802237e-03 3.98180272e-03 3.30942807e-03 2.69344225e-03
  2.28949991e-03 1.99935232e-03 1.77802352e-03 1.60347929e-03
  1.46270839e-03 1.34711662e-03]
 [6.67306938e-03 3.68636650e-03 3.19775793e-03 2.68678929e-03
  2.33372695e-03 2.07315492e-03 1.87300354e-03 1.71543437e-03
  1.58881516e-03 1.48511069e-03]
 [6.19480230e-03 3.34882852e-03 2.97476216e-03 2.53345031e-03
  2.21940135e-03 1.98624777e-03 1.80820754e-03 1.66929838e-03
  1.55856417e-03 1.46838770e-03]
 [5.76433277e-03 3.03341639e-03 2.73573085e-03 2.34523033e-03
  2.06243808e-03 1.85264485e-03 1.69365252e-03 1.57068249e-03
  1.47338252e-03 1.39457326e-03]
 [5.37989171e-03 2.75344854e-03 2.50995368e-03 2.15928665e-03
  1.90237798e-03 1.71227026e-03 1.56920551e-03 1.45936288e-03
  1.37298101e-03 1.30333093e-03]
 [5.03636942e-03 2.50845469e-03 2.30526117e-03 1.98724652e-03
  1.75227326e-03 1.57887492e-03 1.44916274e-03 1.35017517e-03
  1.27271858e-03 1.21049644e-03]
 [4.72831713e-03 2.29444604e-03 2.12231015e-03 1.83183036e-03
  1.61575348e-03 1.45669904e-03 1.33830657e-03 1.24840979e-03
  1.17835843e-03 1.12225919e-03]]

GDH vs ATP_syn
X [0.866573 1.733146 2.599719 3.466292 4.332865 5.199438 6.066011 6.932584
 7.799157 8.66573 ]
Y [ 10.8733  21.7466  32.6199  43.4932  54.3665  65.2398  76.1131  86.9864
  97.8597 108.733 ]
[[5.37228709e-03 5.61681448e-05 2.08083231e-06 7.12469395e-07
  3.75275264e-07 2.23738577e-07 1.40415725e-07 9.01729674e-08
  5.83472854e-08 3.76210559e-08]
 [7.94208558e-03 2.57135740e-03 1.51229178e-03 9.17337993e-04
  6.07147773e-04 4.33387875e-04 3.27086201e-04 2.56982932e-04
  2.07964711e-04 1.72122288e-04]
 [7.68510964e-03 3.96882494e-03 3.01006913e-03 2.24832565e-03
  1.78754725e-03 1.48426560e-03 1.26659816e-03 1.10145566e-03
  9.71660843e-04 8.67141473e-04]
 [7.18802237e-03 3.98180272e-03 3.30942807e-03 2.69344225e-03
  2.28949991e-03 1.99935232e-03 1.77802352e-03 1.60347929e-03
  1.46270839e-03 1.34711662e-03]
 [6.67306938e-03 3.68636650e-03 3.19775793e-03 2.68678929e-03
  2.33372695e-03 2.07315492e-03 1.87300354e-03 1.71543437e-03
  1.58881516e-03 1.48511069e-03]
 [6.19480230e-03 3.34882852e-03 2.97476216e-03 2.53345031e-03
  2.21940135e-03 1.98624777e-03 1.80820754e-03 1.66929838e-03
  1.55856417e-03 1.46838770e-03]
 [5.76433277e-03 3.03341639e-03 2.73573085e-03 2.34523033e-03
  2.06243808e-03 1.85264485e-03 1.69365252e-03 1.57068249e-03
  1.47338252e-03 1.39457326e-03]
 [5.37989171e-03 2.75344854e-03 2.50995368e-03 2.15928665e-03
  1.90237798e-03 1.71227026e-03 1.56920551e-03 1.45936288e-03
  1.37298101e-03 1.30333093e-03]
 [5.03636942e-03 2.50845469e-03 2.30526117e-03 1.98724652e-03
  1.75227326e-03 1.57887492e-03 1.44916274e-03 1.35017517e-03
  1.27271858e-03 1.21049644e-03]
 [4.72831713e-03 2.29444604e-03 2.12231015e-03 1.83183036e-03
  1.61575348e-03 1.45669904e-03 1.33830657e-03 1.24840979e-03
  1.17835843e-03 1.12225919e-03]]

