CITRA_SYN vs ACEA
X [0.4 0.8 1.2 1.6 2.  2.4 2.8 3.2 3.6 4. ]
Y [0.152595 0.30519  0.457785 0.61038  0.762975 0.91557  1.068165 1.22076
 1.373355 1.52595 ]
[[0.01765054 0.0174678  0.01727494 0.01707356 0.01686584 0.01665421
  0.01644103 0.0162283  0.01601765 0.01581028]
 [0.02059406 0.02001283 0.01938572 0.01874475 0.01811297 0.01750423
  0.01692547 0.01637928 0.01586577 0.01538371]
 [0.0190288  0.01782023 0.01665981 0.01559788 0.01464609 0.01379873
  0.01304434 0.01237068 0.01176649 0.01122204]
 [0.01565043 0.01398561 0.01259612 0.01145175 0.01050356 0.00970859
  0.00903357 0.00845346 0.00794947 0.00750735]
 [0.01179852 0.01013605 0.00889988 0.00795384 0.0072076  0.00660331
  0.00610318 0.00568168 0.00532106 0.00500856]
 [0.00839103 0.0070782  0.00616325 0.00548626 0.00496236 0.00454296
  0.00419834 0.00390923 0.0036626  0.00344928]
 [0.00585195 0.00494736 0.00432569 0.00386667 0.00351077 0.00322492
  0.00298915 0.0027906  0.00262061 0.00247306]
 [0.0041374  0.00354237 0.0031266  0.00281515 0.00257076 0.0023725
  0.00220759 0.00206773 0.00194723 0.00184207]
 [0.00301447 0.00261942 0.00233569 0.00211891 0.00194625 0.00180453
  0.00168551 0.00158376 0.00149552 0.00141806]
 [0.00227045 0.00199951 0.00179938 0.00164345 0.00151743 0.00141281
  0.00132414 0.00124776 0.00118109 0.00112226]]

