GLT vs GDH
X [ 5.70584 11.41168 17.11752 22.82336 28.5292  34.23504 39.94088 45.64672
 51.35256 57.0584 ]
Y [0.866573 1.733146 2.599719 3.466292 4.332865 5.199438 6.066011 6.932584
 7.799157 8.66573 ]
[[1.76725853e-09 6.62486695e-06 4.09322852e-05 7.34709443e-05
  8.66414612e-05 8.84244581e-05 8.53300525e-05 8.04172928e-05
  7.50183481e-05 6.97022551e-05]
 [3.82401725e-09 1.48903574e-05 9.00896205e-05 1.58918467e-04
  1.85721007e-04 1.88663059e-04 1.81590649e-04 1.70873139e-04
  1.59248819e-04 1.47872829e-04]
 [6.21473168e-09 2.50319656e-05 1.48244748e-04 2.57090693e-04
  2.97869247e-04 3.01271751e-04 2.89289226e-04 2.71839022e-04
  2.53133172e-04 2.34927260e-04]
 [8.99040195e-09 3.73039088e-05 2.16165781e-04 3.68682159e-04
  4.23658820e-04 4.26757511e-04 4.08895021e-04 3.83757338e-04
  3.57091536e-04 3.31265409e-04]
 [1.22092331e-08 5.19788775e-05 2.94601827e-04 4.94314304e-04
  5.63586855e-04 5.65563531e-04 5.40825908e-04 5.07030054e-04
  4.71512304e-04 4.37262463e-04]
 [1.59376927e-08 6.93474275e-05 3.84266091e-04 6.34514788e-04
  7.18056504e-04 7.18052743e-04 6.85434248e-04 6.42006326e-04
  5.96741210e-04 5.53259394e-04]
 [2.02514531e-08 8.97169223e-05 4.85817265e-04 7.89696489e-04
  8.87358286e-04 8.84491545e-04 8.42992116e-04 7.88968938e-04
  7.33070374e-04 6.79552292e-04]
 [2.52362540e-08 1.13410099e-04 5.99839653e-04 9.60136727e-04
  1.07165221e-03 1.06503335e-03 1.01367634e-03 9.48121084e-04
  8.80723781e-04 8.16381169e-04]
 [3.09895752e-08 1.40763052e-04 7.26822854e-04 1.14595872e-03
  1.27095157e-03 1.25970355e-03 1.19755464e-03 1.11957328e-03
  1.03984739e-03 9.63918672e-04]
 [3.76210559e-08 1.72122288e-04 8.67141473e-04 1.34711662e-03
  1.48511069e-03 1.46838770e-03 1.39457326e-03 1.30333093e-03
  1.21049644e-03 1.12225919e-03]]

GLT vs GDH
X [ 5.70584 11.41168 17.11752 22.82336 28.5292  34.23504 39.94088 45.64672
 51.35256 57.0584 ]
Y [0.866573 1.733146 2.599719 3.466292 4.332865 5.199438 6.066011 6.932584
 7.799157 8.66573 ]
[[1.76725853e-09 6.62486695e-06 4.09322852e-05 7.34709443e-05
  8.66414612e-05 8.84244581e-05 8.53300525e-05 8.04172928e-05
  7.50183481e-05 6.97022551e-05]
 [3.82401725e-09 1.48903574e-05 9.00896205e-05 1.58918467e-04
  1.85721007e-04 1.88663059e-04 1.81590649e-04 1.70873139e-04
  1.59248819e-04 1.47872829e-04]
 [6.21473168e-09 2.50319656e-05 1.48244748e-04 2.57090693e-04
  2.97869247e-04 3.01271751e-04 2.89289226e-04 2.71839022e-04
  2.53133172e-04 2.34927260e-04]
 [8.99040195e-09 3.73039088e-05 2.16165781e-04 3.68682159e-04
  4.23658820e-04 4.26757511e-04 4.08895021e-04 3.83757338e-04
  3.57091536e-04 3.31265409e-04]
 [1.22092331e-08 5.19788775e-05 2.94601827e-04 4.94314304e-04
  5.63586855e-04 5.65563531e-04 5.40825908e-04 5.07030054e-04
  4.71512304e-04 4.37262463e-04]
 [1.59376927e-08 6.93474275e-05 3.84266091e-04 6.34514788e-04
  7.18056504e-04 7.18052743e-04 6.85434248e-04 6.42006326e-04
  5.96741210e-04 5.53259394e-04]
 [2.02514531e-08 8.97169223e-05 4.85817265e-04 7.89696489e-04
  8.87358286e-04 8.84491545e-04 8.42992116e-04 7.88968938e-04
  7.33070374e-04 6.79552292e-04]
 [2.52362540e-08 1.13410099e-04 5.99839653e-04 9.60136727e-04
  1.07165221e-03 1.06503335e-03 1.01367634e-03 9.48121084e-04
  8.80723781e-04 8.16381169e-04]
 [3.09895752e-08 1.40763052e-04 7.26822854e-04 1.14595872e-03
  1.27095157e-03 1.25970355e-03 1.19755464e-03 1.11957328e-03
  1.03984739e-03 9.63918672e-04]
 [3.76210559e-08 1.72122288e-04 8.67141473e-04 1.34711662e-03
  1.48511069e-03 1.46838770e-03 1.39457326e-03 1.30333093e-03
  1.21049644e-03 1.12225919e-03]]

