GLT vs ZWF
X [ 5.70584 11.41168 17.11752 22.82336 28.5292  34.23504 39.94088 45.64672
 51.35256 57.0584 ]
Y [0.02658 0.05316 0.07974 0.10632 0.1329  0.15948 0.18606 0.21264 0.23922
 0.2658 ]
[[7.73949638e-05 7.67278971e-05 7.59650801e-05 7.51372940e-05
  7.42665807e-05 7.33689290e-05 7.24560672e-05 7.15366595e-05
  7.06171241e-05 6.97022551e-05]
 [1.66316398e-04 1.64537988e-04 1.62601557e-04 1.60564684e-04
  1.58468063e-04 1.56341015e-04 1.54204624e-04 1.52074215e-04
  1.49960924e-04 1.47872829e-04]
 [2.67548046e-04 2.64152998e-04 2.60577976e-04 2.56902257e-04
  2.53181267e-04 2.49454096e-04 2.45748371e-04 2.42083566e-04
  2.38473377e-04 2.34927260e-04]
 [3.81864355e-04 3.76284103e-04 3.70549554e-04 3.64755739e-04
  3.58967754e-04 3.53230313e-04 3.47574010e-04 3.42019514e-04
  3.36580467e-04 3.31265409e-04]
 [5.10010923e-04 5.01612937e-04 4.93142169e-04 4.84701781e-04
  4.76360597e-04 4.68163949e-04 4.60141220e-04 4.52310606e-04
  4.44682665e-04 4.37262463e-04]
 [6.52680558e-04 6.40770736e-04 6.28933163e-04 6.17270758e-04
  6.05848800e-04 5.94707408e-04 5.83869755e-04 5.73347513e-04
  5.63144545e-04 5.53259394e-04]
 [8.10485259e-04 7.94313240e-04 7.78429720e-04 7.62927400e-04
  7.47860030e-04 7.33255462e-04 7.19125427e-04 7.05470212e-04
  6.92282944e-04 6.79552292e-04]
 [9.83926355e-04 9.62694336e-04 9.42045068e-04 9.22049769e-04
  9.02741352e-04 8.84128634e-04 8.66204982e-04 8.48954320e-04
  8.32354657e-04 8.16381169e-04]
 [1.17336200e-03 1.14623820e-03 1.12007427e-03 1.09490778e-03
  1.07074134e-03 1.04755609e-03 1.02532112e-03 1.00399746e-03
  9.83544329e-04 9.63918672e-04]
 [1.37897662e-03 1.34511239e-03 1.31267061e-03 1.28164270e-03
  1.25199044e-03 1.22365925e-03 1.19658641e-03 1.17070596e-03
  1.14595174e-03 1.12225919e-03]]

