ATP_syn vs ZWF
X [ 10.8733  21.7466  32.6199  43.4932  54.3665  65.2398  76.1131  86.9864
  97.8597 108.733 ]
Y [0.02658 0.05316 0.07974 0.10632 0.1329  0.15948 0.18606 0.21264 0.23922
 0.2658 ]
[[0.00918672 0.00880135 0.00834131 0.00782137 0.00726517 0.00669959
  0.00614881 0.00563065 0.00515572 0.00472832]
 [0.00320116 0.00308665 0.0029737  0.00286372 0.00275756 0.00265572
  0.00255847 0.00246587 0.0023779  0.00229445]
 [0.00269347 0.00262083 0.00254997 0.00248134 0.00241516 0.00235154
  0.0022905  0.002232   0.00217597 0.00212231]
 [0.00228892 0.00222979 0.00217255 0.00211741 0.00206447 0.00201374
  0.00196519 0.00191875 0.00187433 0.00183183]
 [0.00200791 0.00195681 0.00190752 0.00186016 0.00181477 0.00177133
  0.00172979 0.00169007 0.00165209 0.00161575]
 [0.00180481 0.00175925 0.0017154  0.00167334 0.00163307 0.00159455
  0.00155773 0.00152254 0.00148889 0.0014567 ]
 [0.00165445 0.00161294 0.00157306 0.00153485 0.0014983  0.00146335
  0.00142995 0.00139803 0.00136751 0.00133831]
 [0.00154017 0.00150178 0.00146495 0.00142968 0.00139596 0.00136373
  0.00133293 0.00130349 0.00127534 0.00124841]
 [0.00145082 0.00141491 0.0013805  0.00134756 0.00131608 0.001286
  0.00125726 0.00122978 0.0012035  0.00117836]
 [0.00137898 0.00134511 0.00131267 0.00128164 0.00125199 0.00122366
  0.00119659 0.00117071 0.00114595 0.00112226]]

