CYTBO vs MQO
X [0.7686405  0.78761928 0.80659806 0.82557683 0.84455561 0.86353439
 0.88251317 0.90149194 0.92047072 0.9394495 ]
Y [16.179905   16.23126978 16.28263456 16.33399933 16.38536411 16.43672889
 16.48809367 16.53945844 16.59082322 16.642188  ]
[[-1.00000000e-04 -1.00000000e-04 -1.00000000e-04 -1.00000000e-04
  -1.00000000e-04 -1.00000000e-04 -1.00000000e-04 -1.00000000e-04
  -1.00000000e-04 -1.00000000e-04]
 [-1.00000000e-04 -1.00000000e-04 -1.00000000e-04 -1.00000000e-04
  -1.00000000e-04 -1.00000000e-04 -1.00000000e-04 -1.00000000e-04
  -1.00000000e-04 -1.00000000e-04]
 [-1.00000000e-04 -1.00000000e-04 -1.00000000e-04 -1.00000000e-04
  -1.00000000e-04 -1.00000000e-04 -1.00000000e-04 -1.00000000e-04
  -1.00000000e-04 -1.00000000e-04]
 [-1.00000000e-04 -1.00000000e-04 -1.00000000e-04 -1.00000000e-04
  -1.00000000e-04 -1.00000000e-04 -1.00000000e-04 -1.00000000e-04
  -1.00000000e-04 -1.00000000e-04]
 [ 8.64997980e-15 -1.00000000e-04 -1.00000000e-04 -1.00000000e-04
  -1.00000000e-04 -1.00000000e-04 -1.00000000e-04 -1.00000000e-04
  -1.00000000e-04 -1.00000000e-04]
 [ 1.03756903e-14  1.03801799e-14  1.03846992e-14  1.03892431e-14
   1.03937903e-14 -1.00000000e-04 -1.00000000e-04 -1.00000000e-04
  -1.00000000e-04 -1.00000000e-04]
 [ 1.24143488e-14  1.24203328e-14  1.24263915e-14  1.24323298e-14
   1.24383436e-14  1.24443715e-14  1.24504349e-14  1.24564564e-14
   1.24625155e-14  1.24685937e-14]
 [ 1.48180777e-14  1.48259126e-14  1.48337989e-14  1.48416050e-14
   1.48494704e-14  1.48573754e-14  1.48652429e-14  1.48731389e-14
   1.48810443e-14  1.48889666e-14]
 [ 1.76469799e-14  1.76571328e-14  1.76672774e-14  1.76774402e-14
   1.76876280e-14  1.76978939e-14  1.77080097e-14  1.77182223e-14
   1.77284180e-14  1.77386858e-14]
 [ 2.09704294e-14  2.09834261e-14  2.09964701e-14  2.10095106e-14
   2.10225447e-14  2.10356402e-14  2.10487073e-14  2.10618032e-14
   2.10749255e-14  2.10880140e-14]]

CYTBO vs MQO
X [0.7686405  0.78761928 0.80659806 0.82557683 0.84455561 0.86353439
 0.88251317 0.90149194 0.92047072 0.9394495 ]
Y [13.86849    14.38213778 14.89578556 15.40943333 15.92308111 16.43672889
 16.95037667 17.46402444 17.97767222 18.49132   ]
[[ 4.03763987e-15  4.04159684e-15  4.04673091e-15 -1.00000000e-04
  -1.00000000e-04 -1.00000000e-04 -1.00000000e-04 -1.00000000e-04
  -1.00000000e-04 -1.00000000e-04]
 [ 4.88694057e-15  4.89453751e-15  4.90344955e-15  4.91352341e-15
  -1.00000000e-04 -1.00000000e-04 -1.00000000e-04 -1.00000000e-04
  -1.00000000e-04 -1.00000000e-04]
 [ 5.89690499e-15  5.90942457e-15  5.92342598e-15  5.93869012e-15
  -1.00000000e-04 -1.00000000e-04 -1.00000000e-04 -1.00000000e-04
  -1.00000000e-04 -1.00000000e-04]
 [ 7.09503318e-15  7.11408047e-15  7.13476801e-15  7.15687538e-15
   7.18022122e-15 -1.00000000e-04 -1.00000000e-04 -1.00000000e-04
  -1.00000000e-04 -1.00000000e-04]
 [ 8.51307072e-15  8.54068685e-15  8.57010330e-15  8.60107486e-15
   8.63339300e-15 -1.00000000e-04 -1.00000000e-04 -1.00000000e-04
  -1.00000000e-04 -1.00000000e-04]
 [ 1.01877545e-14  1.02264501e-14  1.02671172e-14  1.03094752e-14
   1.03532912e-14 -1.00000000e-04 -1.00000000e-04 -1.00000000e-04
  -1.00000000e-04 -1.00000000e-04]
 [ 1.21614298e-14  1.22143115e-14  1.22693720e-14  1.23262244e-14
   1.23846325e-14  1.24443715e-14 -1.00000000e-04 -1.00000000e-04
  -1.00000000e-04 -1.00000000e-04]
 [ 1.44829524e-14  1.45538899e-14  1.46271299e-14  1.47023086e-14
   1.47791362e-14  1.48573754e-14 -1.00000000e-04 -1.00000000e-04
  -1.00000000e-04 -1.00000000e-04]
 [ 1.72085583e-14  1.73022442e-14  1.73983829e-14  1.74965733e-14
   1.75964799e-14  1.76978939e-14  1.78003054e-14 -1.00000000e-04
  -1.00000000e-04 -1.00000000e-04]
 [ 2.04029902e-14  2.05251773e-14  2.06499403e-14  2.07768503e-14
   2.09055346e-14  2.10356402e-14  2.11669004e-14 -1.00000000e-04
  -1.00000000e-04 -1.00000000e-04]]

CYTBO vs MQO
X [8.54045000e-08 1.89787854e-01 3.79575622e-01 5.69363390e-01
 7.59151159e-01 9.48938927e-01 1.13872670e+00 1.32851446e+00
 1.51830223e+00 1.70809000e+00]
Y [ 9.24566    10.78660333 12.32754667 13.86849    15.40943333 16.95037667
 18.49132    20.03226333 21.57320667 23.11415   ]
[[-1.00000000e-04 -1.00000000e-04 -1.00000000e-04 -1.00000000e-04
  -1.00000000e-04 -1.00000000e-04 -1.00000000e-04 -1.00000000e-04
  -1.00000000e-04 -1.00000000e-04]
 [ 1.29153786e-18 -1.00000000e-04 -1.00000000e-04 -1.00000000e-04
  -1.00000000e-04 -1.00000000e-04 -1.00000000e-04 -1.00000000e-04
  -1.00000000e-04 -1.00000000e-04]
 [ 3.59990323e-17  3.28683801e-17 -1.00000000e-04 -1.00000000e-04
  -1.00000000e-04 -1.00000000e-04 -1.00000000e-04 -1.00000000e-04
  -1.00000000e-04 -1.00000000e-04]
 [ 4.74625528e-16  4.55166069e-16  4.41909199e-16 -1.00000000e-04
  -1.00000000e-04 -1.00000000e-04 -1.00000000e-04 -1.00000000e-04
  -1.00000000e-04 -1.00000000e-04]
 [ 3.73086846e-15  3.68476940e-15  3.66646468e-15  3.66569654e-15
  -1.00000000e-04 -1.00000000e-04 -1.00000000e-04 -1.00000000e-04
  -1.00000000e-04 -1.00000000e-04]
 [ 2.12004805e-14  2.14589529e-14  2.18037668e-14  2.21988693e-14
   2.26232432e-14  2.30638287e-14 -1.00000000e-04 -1.00000000e-04
  -1.00000000e-04 -1.00000000e-04]
 [ 9.83530785e-14  1.01954740e-13  1.05728729e-13  1.09574636e-13
   1.13435160e-13  1.17275785e-13  1.21075847e-13  1.24821987e-13
  -1.00000000e-04 -1.00000000e-04]
 [ 4.02949732e-13  4.28295738e-13  4.53837144e-13  4.79356751e-13
   5.04735889e-13  5.29907190e-13  5.54831261e-13  5.79484622e-13
   6.03853370e-13  6.27929253e-13]
 [ 1.53785996e-12  1.67985715e-12  1.82326145e-12  1.96783140e-12
   2.11347156e-12  2.26015587e-12  2.40787869e-12  2.55664752e-12
   2.70646785e-12  2.85734539e-12]
 [ 5.66193167e-12  6.37731469e-12  7.11875935e-12  7.88870247e-12
   8.68967919e-12  9.52426232e-12  1.03950474e-11  1.13046832e-11
   1.22558838e-11  1.32514600e-11]]

CYTBO vs MQO
X [ 2.562135   11.76684222 20.97154944 30.17625667 39.38096389 48.58567111
 57.79037833 66.99508556 76.19979278 85.4045    ]
Y [ 1.386849    6.36923244 11.35161589 16.33399933 21.31638278 26.29876622
 31.28114967 36.26353311 41.24591656 46.2283    ]
[[0.00075059 0.00072416 0.00077265 0.0008078  0.00082884 0.00084199
  0.0008508  0.00085706 0.00086171 0.00086531]
 [0.00094838 0.00115926 0.00120604 0.0012217  0.00122983 0.00123488
  0.00123836 0.0012409  0.00124285 0.00124439]
 [0.00090646 0.00112897 0.00116583 0.00117874 0.00118559 0.00118991
  0.00119289 0.00119508 0.00119677 0.0011981 ]
 [0.00089051 0.00111598 0.00114951 0.00116148 0.00116789 0.00117194
  0.00117474 0.00117681 0.0011784  0.00117965]
 [0.0008822  0.00110885 0.00114072 0.00115222 0.0011584  0.00116231
  0.00116503 0.00116703 0.00116857 0.00116978]
 [0.00087711 0.00110435 0.00113523 0.00114645 0.00115249 0.00115632
  0.00115898 0.00116094 0.00116245 0.00116364]
 [0.00087369 0.00110126 0.00113148 0.00114251 0.00114846 0.00115224
  0.00115486 0.00115679 0.00115828 0.00115945]
 [0.00087122 0.001099   0.00112875 0.00113965 0.00114554 0.00114927
  0.00115187 0.00115378 0.00115525 0.00115641]
 [0.00086937 0.00109728 0.00112669 0.00113748 0.00114332 0.00114702
  0.0011496  0.0011515  0.00115295 0.00115411]
 [0.00086793 0.00109593 0.00112506 0.00113578 0.00114158 0.00114526
  0.00114782 0.0011497  0.00115115 0.0011523 ]]

