MQO vs MDH
X [0.462283 0.924566 1.386849 1.849132 2.311415 2.773698 3.235981 3.698264
 4.160547 4.62283 ]
Y [0.611492 1.222984 1.834476 2.445968 3.05746  3.668952 4.280444 4.891936
 5.503428 6.11492 ]
[[0.00110347 0.00099303 0.0009836  0.00098801 0.00099454 0.00100155
  0.00100863 0.00101565 0.00102255 0.00102931]
 [0.0012128  0.0011137  0.00103    0.00099468 0.00098485 0.00098353
  0.00098502 0.00098761 0.00099068 0.00099398]
 [0.0012423  0.00118634 0.00111723 0.00105468 0.00101494 0.00099527
  0.00098692 0.00098396 0.00098351 0.00098428]
 [0.0012558  0.00121819 0.00117172 0.00111901 0.00106984 0.00103272
  0.00100904 0.00099557 0.00098849 0.00098508]
 [0.00126371 0.00123521 0.00120184 0.00116258 0.00112009 0.00107978
  0.00104654 0.00102223 0.00100596 0.00099576]
 [0.00126897 0.00124583 0.00122    0.00119011 0.00115636 0.00112081
  0.00108673 0.00105715 0.00103365 0.00101627]
 [0.00127275 0.00125314 0.00123203 0.00120825 0.00118135 0.00115187
  0.00112133 0.00109184 0.00106541 0.00104326]
 [0.00127561 0.00125852 0.00124059 0.00122091 0.00119892 0.00117459
  0.00114848 0.00112172 0.00109575 0.00107195]
 [0.00127785 0.00126266 0.00124702 0.00123022 0.00121175 0.00119138
  0.00116923 0.00114583 0.00112202 0.00109883]
 [0.00127966 0.00126597 0.00125205 0.00123736 0.00122146 0.00120408
  0.00118516 0.00116489 0.0011437  0.00112226]]

