CITRA_SYN vs ATP_MAINTENANCE
X [ 0.4  4.8  9.2 13.6 18.  22.4 26.8 31.2 35.6 40. ]
Y [ 0.130166  1.561992  2.993818  4.425644  5.85747   7.289296  8.721122
 10.152948 11.584774 13.0166  ]
[[8.33123084e-10 1.55796857e-02 1.48856341e-02 1.45820873e-02
  1.44124202e-02 1.43040723e-02 1.42288807e-02 1.41736404e-02
  1.41313380e-02 1.40979033e-02]
 [1.00650960e-12 6.67631281e-04 4.89844752e-04 4.33036098e-04
  4.04891530e-04 3.88030612e-04 3.76782971e-04 3.68738878e-04
  3.62697491e-04 3.57992370e-04]
 [2.70041042e-13 1.63923720e-04 1.17903768e-04 1.03330588e-04
  9.61213122e-05 9.18031998e-05 8.89223240e-05 8.68615847e-05
  8.53135895e-05 8.41077596e-05]
 [1.23098297e-13 7.25023800e-05 5.18529761e-05 4.53164735e-05
  4.20805704e-05 4.01411358e-05 3.88465752e-05 3.79201934e-05
  3.72240938e-05 3.66817224e-05]
 [7.01533291e-14 4.07279331e-05 2.90493227e-05 2.53513096e-05
  2.35194917e-05 2.24210859e-05 2.16876551e-05 2.11626779e-05
  2.07681202e-05 2.04606476e-05]
 [4.52578301e-14 2.60612431e-05 1.85583789e-05 1.61817692e-05
  1.50039907e-05 1.42975364e-05 1.38257096e-05 1.34879239e-05
  1.32340186e-05 1.30361328e-05]
 [3.15988443e-14 1.81034575e-05 1.28777094e-05 1.12219091e-05
  1.04010766e-05 9.90861143e-06 9.57964837e-06 9.34411069e-06
  9.16704552e-06 9.02903524e-06]
 [2.33057565e-14 1.33074008e-05 9.45870427e-06 8.23894034e-06
  7.63411755e-06 7.27118692e-06 7.02872162e-06 6.85510014e-06
  6.72457094e-06 6.62282653e-06]
 [1.78961014e-14 1.01949252e-05 7.24208076e-06 6.30606418e-06
  5.84185116e-06 5.56325835e-06 5.37711941e-06 5.24382194e-06
  5.14360296e-06 5.06548112e-06]
 [1.41727892e-14 8.06084610e-06 5.72339113e-06 4.98233688e-06
  4.61476086e-06 4.39414069e-06 4.24672474e-06 4.14115169e-06
  4.06177366e-06 3.99989559e-06]]

