GLT vs LPD
X [  5.70584  68.47008 131.23432 193.99856 256.7628  319.52704 382.29128
 445.05552 507.81976 570.584  ]
Y [0.00684413 0.08212956 0.15741499 0.23270042 0.30798585 0.38327128
 0.45855671 0.53384214 0.60912757 0.684413  ]
[[6.23697667e-04 5.80531861e-05 3.02344287e-05 2.04365246e-05
  1.54341872e-05 1.23990493e-05 1.03614158e-05 8.89895677e-06
  7.79826225e-06 6.93987688e-06]
 [1.09308954e-02 1.14363124e-03 4.99642521e-04 3.17282912e-04
  2.32170675e-04 1.82999516e-04 1.50995160e-04 1.28510368e-04
  1.11850195e-04 9.90119453e-05]
 [1.63238510e-02 3.06426452e-03 1.18172792e-03 7.11762125e-04
  5.07246978e-04 3.93610374e-04 3.21441824e-04 2.71587476e-04
  2.35098771e-04 2.07242291e-04]
 [1.82861934e-02 5.43949237e-03 2.01268683e-03 1.16190668e-03
  8.09912804e-04 6.20292018e-04 5.02234863e-04 4.21788297e-04
  3.63492943e-04 3.19323921e-04]
 [1.86244161e-02 7.66501260e-03 2.92601645e-03 1.63773981e-03
  1.12089985e-03 8.49074801e-04 6.82536191e-04 5.70318554e-04
  4.89663372e-04 4.28932696e-04]
 [1.83120928e-02 9.39390664e-03 3.85702801e-03 2.11860858e-03
  1.42893286e-03 1.07253560e-03 8.56962926e-04 7.13029136e-04
  6.10275074e-04 5.33302531e-04]
 [1.77603200e-02 1.05808162e-02 4.74763632e-03 2.58966758e-03
  1.72732750e-03 1.28684530e-03 1.02303801e-03 8.48192774e-04
  7.24058718e-04 6.31464615e-04]
 [1.71282221e-02 1.13175999e-02 5.55265427e-03 3.03967440e-03
  2.01186178e-03 1.48999619e-03 1.17970502e-03 9.75235498e-04
  8.30711284e-04 7.23278219e-04]
 [1.64810258e-02 1.17211933e-02 6.24408856e-03 3.46002022e-03
  2.27967458e-03 1.68088958e-03 1.32658160e-03 1.09411486e-03
  9.30365970e-04 8.08972328e-04]
 [1.58473214e-02 1.18915925e-02 6.81104627e-03 3.84443515e-03
  2.52876153e-03 1.85890705e-03 1.46361286e-03 1.20503809e-03
  1.02336056e-03 8.88946416e-04]]

