CITRA_SYN vs ACEA
X [ 0.4  4.8  9.2 13.6 18.  22.4 26.8 31.2 35.6 40. ]
Y [ 0.152595  1.83114   3.509685  5.18823   6.866775  8.54532  10.223865
 11.90241  13.580955 15.2595  ]
[[1.76505449e-02 1.54084427e-02 1.35563561e-02 1.21965737e-02
  1.11572942e-02 1.03329636e-02 9.66040764e-03 9.09955752e-03
  8.62362949e-03 8.21395245e-03]
 [1.40527772e-03 6.87717014e-04 4.80331914e-04 3.74148338e-04
  3.08222104e-04 2.62877529e-04 2.29609764e-04 2.04084799e-04
  1.83842961e-04 1.67376927e-04]
 [2.93599173e-04 1.72483670e-04 1.25654296e-04 9.96603194e-05
  8.28856880e-05 7.10878235e-05 6.23078706e-05 5.55055051e-05
  5.00733412e-05 4.56315561e-05]
 [1.23793942e-04 7.68090343e-05 5.68229074e-05 4.53784826e-05
  3.78796881e-05 3.25589192e-05 2.85768534e-05 2.54798287e-05
  2.29998671e-05 2.09679325e-05]
 [6.79803362e-05 4.32923253e-05 3.22842419e-05 2.58763900e-05
  2.16432918e-05 1.86253662e-05 1.63598557e-05 1.45942115e-05
  1.31782563e-05 1.20168284e-05]
 [4.29213425e-05 2.77584371e-05 2.08033800e-05 1.67130145e-05
  1.39968667e-05 1.20545514e-05 1.05936410e-05 9.45354834e-06
  8.53837654e-06 7.78717827e-06]
 [2.95499992e-05 1.93090348e-05 1.45211158e-05 1.16851558e-05
  9.79513970e-06 8.44069639e-06 7.42054257e-06 6.62365777e-06
  5.98354566e-06 5.45785386e-06]
 [2.15812735e-05 1.42079885e-05 1.07126126e-05 8.63124799e-06
  7.24034878e-06 6.24197184e-06 5.48921105e-06 4.90076820e-06
  4.42784038e-06 4.03929419e-06]
 [1.64516788e-05 1.08934526e-05 8.23029471e-06 6.63789792e-06
  5.57146381e-06 4.80499639e-06 4.22660343e-06 3.77419910e-06
  3.41044797e-06 3.11150167e-06]
 [1.29562303e-05 8.61865066e-06 6.52256622e-06 5.26500875e-06
  4.42132620e-06 3.81430619e-06 3.35591164e-06 2.99718966e-06
  2.70865805e-06 2.47146437e-06]]

