time0 0
timef 7200
Vmax 0.1to10

ACEA
3.1570316421132793e-07
2.0903992327815472e-07
1.620966736208439e-07
1.3423649751187883e-07
1.1536893037339075e-07
1.01578587380089e-07
9.098073465292338e-08
8.254037009499634e-08
7.563588649784491e-08
6.986865416496095e-08
6.496991340751199e-08
6.075123418218886e-08
5.707584238947346e-08
5.384241291666552e-08
5.0973598462973136e-08
4.840948455621055e-08
4.6102828020254964e-08
4.401586108224119e-08
4.211789729341683e-08
4.038390932905065e-08
3.8793097092787784e-08
3.732813003468581e-08
3.5974317828860583e-08
3.4719363146554105e-08
3.355255905981567e-08

ACEB
2.0738710082821428e-07
1.629098663667684e-07
1.566570606990824e-07
1.541567560136272e-07
1.528103000762495e-07
1.5196891054616443e-07
1.5139260268682571e-07
1.509736671670512e-07
1.506552048616725e-07
1.504050240075094e-07
1.5020319699784482e-07
1.5003673766141622e-07
1.498977425543978e-07
1.4977931031435086e-07
1.4967763185654855e-07
1.4958893732842079e-07
1.4951146912681412e-07
1.4944243255920326e-07
1.493811533280323e-07
1.4932624980495844e-07
1.4927671592957257e-07
1.4923184043121764e-07
1.491909758589905e-07
1.4915324364773072e-07
1.4911931494809743e-07

ACK
1.5610899161746368e-07
1.56083766842275e-07
1.560588822803919e-07
1.560356779596209e-07
1.5601437136609919e-07
1.5599432627764404e-07
1.559756019609626e-07
1.5595776309834173e-07
1.5594149548349443e-07
1.559259586299464e-07
1.5591119392651326e-07
1.5589750440137766e-07
1.5588444704712264e-07
1.558720510851049e-07
1.558603332653445e-07
1.558491883666229e-07
1.5583863370545585e-07
1.5582855177179553e-07
1.5581888695871952e-07
1.5580938473230014e-07
1.558009468153527e-07
1.557925682919038e-07
1.5578451551308243e-07
1.5577686489948106e-07
1.5576950735777362e-07

ACN_1
1.5591416170709665e-07
1.5604017617469294e-07
1.5605337399908492e-07
1.5605838785197635e-07
1.5606115643872026e-07
1.5606266822944905e-07
1.5606380722418765e-07
1.560646319165468e-07
1.5606518965182837e-07
1.5606569244667069e-07
1.5606607535043677e-07
1.5606639799364376e-07
1.5606665466616026e-07
1.560668781136023e-07
1.5606707645694542e-07
1.5606724266694548e-07
1.560673957069008e-07
1.560674953417676e-07
1.560676300972556e-07
1.5606770806916068e-07
1.5606794273719175e-07
1.5606859143101223e-07
1.5606799350405498e-07
1.560680565422798e-07
1.5606812570293403e-07

ACN_2
1.5593539091237546e-07
1.5604265980810905e-07
1.5605359753085383e-07
1.5605772894888654e-07
1.560599001857097e-07
1.5606124536317546e-07
1.5606215644446253e-07
1.5606281575141765e-07
1.5606331585834207e-07
1.5606375827245957e-07
1.5606401937936293e-07
1.5606427768902468e-07
1.5606449360879082e-07
1.5606466746542787e-07
1.5606484172924306e-07
1.5606496265934636e-07
1.5606505893860747e-07
1.560651975171128e-07
1.5606527541462957e-07
1.5606532170072613e-07
1.5606544987119179e-07
1.5606435142983078e-07
1.5606558844337262e-07
1.5606564207674594e-07
1.5606569525595898e-07

ACS
1.5605319309362794e-07
1.5605445311213287e-07
1.5605461336956183e-07
1.560546423457684e-07
1.5605467112952907e-07
1.5605469142820307e-07
1.5605470304362234e-07
1.5605438581269237e-07
1.5605516999413852e-07
1.5605471987766808e-07
1.5605472390306982e-07
1.5605473071728047e-07
1.5605473197977366e-07
1.560547321523425e-07
1.5605473429243714e-07
1.5605473603197928e-07
1.56054875880507e-07
1.5605472168527403e-07
1.5605471816583331e-07
1.5605532003266082e-07
1.5605473576574743e-07
1.5605474318349727e-07
1.56054632008503e-07
1.560547416228485e-07
1.5605474137438548e-07

ATP_MAINTENANCE
2.1651167068108087e-16
2.8538692636054435e-07
1.6454895729982081e-07
1.3116826917521665e-07
1.1507829283078464e-07
1.0562140680660827e-07
9.939076855644286e-08
9.497013831379881e-08
9.166724317394283e-08
8.910364953695225e-08
8.705490795134961e-08
8.537931362310734e-08
8.398298048959432e-08
8.280118829188534e-08
8.178776782123684e-08
8.090905014879032e-08
8.013971683648668e-08
7.94605351364567e-08
7.885644410900881e-08
7.831561196982648e-08
7.782859263308115e-08
7.738769498796155e-08
7.698665952679256e-08
7.662027690223141e-08
7.628429712157133e-08

ATP_syn
8.466521058262693e-07
2.216067141215889e-07
1.6175446833715451e-07
1.380504167406291e-07
1.24664953973112e-07
1.1557634417430268e-07
1.087920392256631e-07
1.0343580203974775e-07
9.904662334700042e-08
9.535238406056657e-08
9.217931286801459e-08
8.941000070293441e-08
8.696168513795316e-08
8.477356950161445e-08
8.28004979731341e-08
8.10075172479445e-08
7.936728343253578e-08
7.785803672212091e-08
7.646218863475947e-08
7.516532745779706e-08
7.39555698771972e-08
7.282276651755754e-08
7.17589166334789e-08
7.075649185425133e-08
6.980945810568934e-08

CITRA_SYN
2.1974613854156773e-06
6.634056054800905e-07
1.8554260544880285e-07
8.229565399654281e-08
4.605624688079209e-08
2.937836108953132e-08
2.036120339248345e-08
1.49418313286694e-08
1.1432243974761043e-08
9.029727685542171e-09
7.313015000675118e-09
6.043755659083807e-09
5.078854152011924e-09
4.3281870352852965e-09
3.732680292355756e-09
3.2523185114690165e-09
2.859201092691607e-09
2.533399683625721e-09
2.2603681553703162e-09
2.0292889369877006e-09
1.8319817739649173e-09
1.6621685282830083e-09
1.5149646763843448e-09
1.3865249859922512e-09
1.2737884960687505e-09

CYTBO
1.4085782276902808e-18
1.5745029034964225e-07
1.5647768100788412e-07
1.544369674410875e-07
1.5303320928482265e-07
1.520527833423269e-07
1.5133838874705257e-07
1.507975286410258e-07
1.5037412848663105e-07
1.5003608255484106e-07
1.4975844510856856e-07
1.4952723637362496e-07
1.4933153725837625e-07
1.49163898565675e-07
1.4901859401006942e-07
1.4889150648077915e-07
1.4877937671428536e-07
1.486813330840204e-07
1.485909421860685e-07
1.4851089667658034e-07
1.484384918774102e-07
1.4837271241876752e-07
1.4831267687470393e-07
1.482576511262063e-07
1.4820708513161215e-07

EDA
1.5617032057586845e-07
1.5607113449105526e-07
1.5605573464934045e-07
1.5605104499066747e-07
1.5604873507806196e-07
1.560473362175303e-07
1.5604638734667766e-07
1.5604570242183223e-07
1.5604531214880422e-07
1.5604491733025858e-07
1.5604348129032627e-07
1.560443759748625e-07
1.560441736886375e-07
1.5604400087132873e-07
1.5604385659263046e-07
1.5604372730182254e-07
1.560436249245266e-07
1.5604352210150306e-07
1.5604343537105142e-07
1.5604335818007308e-07
1.5604327676763312e-07
1.5604322690035655e-07
1.5604362553107746e-07
1.560431161195902e-07
1.5604309119920328e-07

EDD
1.5619488331402074e-07
1.5613352768424252e-07
1.5606648255027005e-07
1.560034487800214e-07
1.5594658023086007e-07
1.558956613067747e-07
1.5585023978011234e-07
1.558095371792571e-07
1.5577285590805183e-07
1.557396435739223e-07
1.5570938918515663e-07
1.5568177720730008e-07
1.5565643650168594e-07
1.5563297702567918e-07
1.556112862803542e-07
1.555911392985789e-07
1.5557241520536357e-07
1.5555479662039924e-07
1.5553837365684835e-07
1.5552068662710437e-07
1.5550832519120364e-07
1.554945944444003e-07
1.5548158648639625e-07
1.554693806681415e-07
1.5545757077943844e-07

ENO
2.00371319934573e-07
1.6065385931537405e-07
1.5645194817736444e-07
1.5481010983294003e-07
1.5393303721081248e-07
1.5338704679894358e-07
1.5301434312859664e-07
1.52743742769106e-07
1.525382258511209e-07
1.523769515486507e-07
1.5224726524487827e-07
1.5213990247199376e-07
1.5205031234920228e-07
1.5197411908261426e-07
1.5190854322479172e-07
1.518516533285931e-07
1.5180167996432745e-07
1.517575130080541e-07
1.517181184757371e-07
1.516828291800785e-07
1.5165101372148716e-07
1.5162204116898815e-07
1.5159595161908834e-07
1.5157222572298523e-07
1.5154992039976697e-07

FBA
1.509013336936268e-07
1.5554333178475976e-07
1.5601131501944966e-07
1.5618899975751463e-07
1.5628254416439958e-07
1.563402615062285e-07
1.563794528304475e-07
1.564077730456044e-07
1.5642928125886795e-07
1.5644605152219025e-07
1.5645827176605608e-07
1.5647065951735055e-07
1.564799950422649e-07
1.5648782163964773e-07
1.5649454157741707e-07
1.5650047615617624e-07
1.5650517203515798e-07
1.5651120839490193e-07
1.5651425901575932e-07
1.5651788850751614e-07
1.5652116619825552e-07
1.5652413439414859e-07
1.5652682739664156e-07
1.565293019092069e-07
1.565315366366081e-07

FBP
1.5605998297749576e-07
1.560575190569833e-07
1.5605504362465313e-07
1.560525860274487e-07
1.5605010518254032e-07
1.5604765351622294e-07
1.560451888271316e-07
1.560427232932661e-07
1.5604024143252053e-07
1.5603779243273815e-07
1.560353156565996e-07
1.5603285241160533e-07
1.5603044093515665e-07
1.5602791567620745e-07
1.5602544916023546e-07
1.5602298157783018e-07
1.5602039981688944e-07
1.5601803179526382e-07
1.5601554931833e-07
1.5601296670719407e-07
1.5601062445313893e-07
1.5600816340997857e-07
1.5600568006989936e-07
1.560032115102063e-07
1.5600074133716015e-07

FUMA
1.5604148543856407e-07
1.5605322214542747e-07
1.560544871982445e-07
1.560549658491091e-07
1.5605521923980586e-07
1.5605537432920445e-07
1.560554935089236e-07
1.5605554771120187e-07
1.5605561734017123e-07
1.5605566011616328e-07
1.560559965862608e-07
1.5605573004268589e-07
1.5605570881310386e-07
1.5605577676788435e-07
1.5605581659605115e-07
1.5605580620578032e-07
1.560558221266869e-07
1.5605583809879191e-07
1.5605582645686991e-07
1.5605585521141737e-07
1.5605605479225677e-07
1.5605587166147483e-07
1.560558869963099e-07
1.5605587533029452e-07
1.560558959888634e-07

GDH
5.4449549080121895e-12
2.0715268414413718e-07
1.651880419475929e-07
1.2173745032451306e-07
9.263219080468802e-08
7.274419735622914e-08
5.85882101831955e-08
4.814441328514652e-08
4.0210235203523025e-08
3.403669051655787e-08
2.9137133574235737e-08
2.518353009837159e-08
2.19478020481789e-08
1.9267121701612804e-08
1.7022528762362817e-08
1.512540477039618e-08
1.3508571193199182e-08
1.2120329911779753e-08
1.0920349980168846e-08
9.876791971848497e-09
8.964236292075758e-09
8.162195743718084e-09
7.454006504022648e-09
6.826005424657486e-09
6.266900460544472e-09

GLT
9.690044578989631e-09
6.273480017858806e-08
1.3939795525568302e-07
2.413761318186768e-07
3.66917121491843e-07
5.103835425543495e-07
6.635585318146395e-07
8.178576479202612e-07
9.661104849379493e-07
1.1033251599069889e-06
1.2266379271766554e-06
1.3348781826577848e-06
1.4280575400831152e-06
1.5069257487748794e-06
1.5726393807596923e-06
1.6265490065875295e-06
1.6700082202651409e-06
1.7043607510990738e-06
1.7308232634453968e-06
1.7505026150977053e-06
1.7643804522776773e-06
1.7733149414263855e-06
1.7780524667675466e-06
1.7792370380478296e-06
1.7774221678656443e-06

GND
1.5283532322657648e-07
1.5542613753584363e-07
1.5599317799129282e-07
1.5625846317461728e-07
1.56414552601543e-07
1.5651796281421552e-07
1.5659171844225526e-07
1.5664709867246017e-07
1.5669020847138188e-07
1.5672473452093594e-07
1.5675308176525298e-07
1.5677675690714186e-07
1.5679673451635963e-07
1.568137773610583e-07
1.568288526218559e-07
1.5684199213725274e-07
1.5685346357809278e-07
1.5686375359665273e-07
1.5687295997019963e-07
1.568814367422424e-07
1.5688801715704584e-07
1.5689560623825875e-07
1.5690184884819128e-07
1.569075751490026e-07
1.5691285185556756e-07

GPM
1.7510896456960505e-07
1.5765045173233646e-07
1.5618805153597862e-07
1.5564220868733825e-07
1.553568363373712e-07
1.5518138008019705e-07
1.5506260152278633e-07
1.5497677348064236e-07
1.549119455898052e-07
1.5486124078089171e-07
1.548204271956811e-07
1.5478691805397883e-07
1.547589937801192e-07
1.5473518720642424e-07
1.5471481930279562e-07
1.5469716628688312e-07
1.5468154390032455e-07
1.546678661408907e-07
1.5465560345683435e-07
1.546446281580516e-07
1.5463481748093282e-07
1.5462587252479275e-07
1.5461774848768708e-07
1.546103243350075e-07
1.546035148358142e-07

GROWTH
1.666895849617175e-08
8.281335979243081e-08
1.4510814129123575e-07
2.039705670089396e-07
2.5975281160087195e-07
3.1275466786154747e-07
3.6323401940644587e-07
4.114139940960959e-07
4.574892069119388e-07
5.016304361025292e-07
5.439880613084887e-07
5.846958688157829e-07
6.23872952072984e-07
6.616259622636844e-07
6.980503895304907e-07
7.332328610342871e-07
7.672526628584629e-07
8.001799019947e-07
8.320765049931614e-07
8.630061821153539e-07
8.930215859785458e-07
9.221722085928606e-07
9.505041114310768e-07
9.780593288331304e-07
1.0048772623443195e-06

LPD
1.3052464440801877e-06
3.908227523123603e-07
1.7343701960323257e-07
1.0659850194104145e-07
7.631209946590408e-08
5.928518780662164e-08
4.8425447974873194e-08
4.0910711367939385e-08
3.540699625710517e-08
3.120448833514335e-08
2.789152517751253e-08
2.5213226120232623e-08
2.300343832706461e-08
2.1149238674028883e-08
1.957137624221485e-08
1.8212343035040567e-08
1.7029635984037367e-08
1.599105018844992e-08
1.507177588531475e-08
1.4252381790578357e-08
1.3517438534373878e-08
1.2854536455826755e-08
1.2253582646251949e-08
1.1706285093703558e-08
1.1205767030248003e-08

MAD
1.715292398440488e-07
1.645531915782218e-07
1.5738080989008612e-07
1.5000042315713352e-07
1.4239719811700884e-07
1.345605417848593e-07
1.2647922631853958e-07
1.181419217274954e-07
1.0953922228005368e-07
1.0066337037881309e-07
9.150942442949362e-08
8.207617114722143e-08
7.236814847901244e-08
6.239861342606729e-08
5.219604665176127e-08
4.1818576157114437e-08
3.1392829783323745e-08
2.1225452966572207e-08
1.2101385658551334e-08
5.556164783346835e-09
2.3381395798549176e-09
1.08772402309068e-09
5.805119054103577e-10
3.457372264603495e-10
2.2332734522025463e-10

MDH
1.7791160324057393e-07
1.6953809603461008e-07
1.5828684446693762e-07
1.470649214959272e-07
1.4049276523782957e-07
1.378476521096129e-07
1.370196331763547e-07
1.3690200917318843e-07
1.370723379446508e-07
1.3737224635366655e-07
1.377367187894297e-07
1.381359213414728e-07
1.385546853019142e-07
1.3898461018859698e-07
1.394207691700089e-07
1.398600198352308e-07
1.4030023343250408e-07
1.4074052319708812e-07
1.4117920573705882e-07
1.4161611043874831e-07
1.4205059312072534e-07
1.424824525186254e-07
1.42911515455546e-07
1.433373405654318e-07
1.437597745499259e-07

MQO
1.440368872715601e-07
1.388066320792778e-07
1.536635970265522e-07
1.6354782079581616e-07
1.682591151995849e-07
1.708429051445804e-07
1.7246543157871626e-07
1.735846979240248e-07
1.7440823493355327e-07
1.7504261083738133e-07
1.755480024390689e-07
1.75961264174376e-07
1.76306127690797e-07
1.7659908074139534e-07
1.7685029395931455e-07
1.77069139802816e-07
1.7726132290914698e-07
1.7743174485995573e-07
1.7758356922707729e-07
1.7772000481706838e-07
1.7784325154781477e-07
1.7795514752628826e-07
1.7805718985318168e-07
1.7815068128986365e-07
1.7823664325747865e-07

NADH_req
1.2451624613218504e-07
1.4237386009272713e-07
1.542715313340117e-07
1.6305263758491392e-07
1.698700106751186e-07
1.7532749711391523e-07
1.7979194399822627e-07
1.8350674828856397e-07
1.866417055825047e-07
1.8931949604649353e-07
1.916311060723093e-07
1.936451402654554e-07
1.9541444808703127e-07
1.9698026185528136e-07
1.9837518426166992e-07
1.996253256860299e-07
2.0075178013844785e-07
2.0177181508320752e-07
2.0269964038599082e-07
2.0354708445066224e-07
2.043240543103993e-07
2.050389437174751e-07
2.0569899901902694e-07
2.063096182107145e-07
2.0687688854111765e-07

NDHII
2.063679587748409e-07
1.7419901029440824e-07
1.5816323405261916e-07
1.4842247870222524e-07
1.418679476619999e-07
1.3715634220725354e-07
1.3360698615892444e-07
1.3083760776369814e-07
1.2861687613890842e-07
1.2679669298495084e-07
1.2527772479277233e-07
1.2399105074539067e-07
1.2288717549424304e-07
1.2192977499903686e-07
1.2109152568466272e-07
1.2035150819952894e-07
1.196934136057776e-07
1.1910438003155839e-07
1.1857406259391679e-07
1.1809414263347627e-07
1.1765768108015007e-07
1.17259108868794e-07
1.1689367633963164e-07
1.1655741808585989e-07
1.1624697159613998e-07

PCK
1.9424408667062327e-07
1.6442189877655265e-07
1.5687088901093424e-07
1.533609903452186e-07
1.513269662624581e-07
1.4999838801298107e-07
1.4906209480301358e-07
1.4836658055044953e-07
1.4782943778366058e-07
1.4740217982742022e-07
1.4705466473285956e-07
1.4676502940084133e-07
1.4652124949530304e-07
1.4631220402056704e-07
1.4613252282991114e-07
1.4597504865816368e-07
1.4583614396999246e-07
1.457132722024359e-07
1.4560326665091705e-07
1.4550443890154754e-07
1.4541501712373088e-07
1.4533395308370166e-07
1.4525976590494905e-07
1.4519196888881664e-07
1.451296134571864e-07

PDH
2.1546020046962536e-07
1.6050551362086144e-07
1.5657353776592597e-07
1.5399422055725146e-07
1.5180774517770286e-07
1.498071732928407e-07
1.479207796356391e-07
1.4611677786496077e-07
1.443779237407348e-07
1.426943005867088e-07
1.410593945065932e-07
1.3946874697825862e-07
1.3791885460808191e-07
1.3640699084624677e-07
1.3493108724130762e-07
1.3348927604902397e-07
1.3207994820736094e-07
1.3070174328021308e-07
1.2935336018672515e-07
1.280336555796891e-07
1.2674147705911005e-07
1.2547615792708687e-07
1.242364714761723e-07
1.2302166977913496e-07
1.218309884053795e-07

PFK
7.281824181770155e-13
1.543643830287691e-07
1.5625931536053653e-07
1.5485087581595312e-07
1.532735052744298e-07
1.5179171245073874e-07
1.5043571726505145e-07
1.4919666340860917e-07
1.4805967739605965e-07
1.470103046491591e-07
1.4603663614246832e-07
1.4512844432313322e-07
1.4427784345716817e-07
1.434775128973621e-07
1.4272192846408906e-07
1.420059914261847e-07
1.413259111658969e-07
1.4067817239319412e-07
1.4005959863363318e-07
1.3946661130326673e-07
1.3890036858871767e-07
1.3835527140915646e-07
1.3783090732022297e-07
1.3732565627601084e-07
1.3683816401524713e-07

PGI
5.199227091217024e-08
1.4529464815105684e-07
1.5516637468749562e-07
1.5877885349618302e-07
1.6064345608502562e-07
1.6177996355452842e-07
1.6254554049887594e-07
1.6309466336627869e-07
1.635086456319317e-07
1.6383180759443557e-07
1.6409094890250533e-07
1.6430342107199344e-07
1.6448076307929567e-07
1.6463102908378414e-07
1.6475993983967257e-07
1.6487186933354572e-07
1.649697503199323e-07
1.65056292280596e-07
1.6513322984143455e-07
1.6520210743579368e-07
1.6526441431835647e-07
1.6532027128882085e-07
1.6537132921394923e-07
1.6541796520455524e-07
1.6546072733387214e-07

PGK
1.5607223243850196e-07
1.5605586888139975e-07
1.5605470787735704e-07
1.560541483630804e-07
1.5605406335289623e-07
1.5605393232194385e-07
1.560538633829487e-07
1.5605377229852186e-07
1.5605372299352457e-07
1.5605365754626275e-07
1.5605365330100892e-07
1.5605362786562595e-07
1.5605358521732883e-07
1.5605360474501463e-07
1.5605358154730448e-07
1.560535596030525e-07
1.5605361363426777e-07
1.560535959641817e-07
1.5605350999297275e-07
1.560535244381597e-07
1.5605350850400177e-07
1.5605351306909527e-07
1.5605350299083373e-07
1.5605283117881125e-07
1.5605349903560398e-07

PGL
1.5595134001753655e-07
1.56044221602242e-07
1.560536985206722e-07
1.560573714789976e-07
1.5605913074067926e-07
1.5606038751501036e-07
1.5606126622774275e-07
1.5606184486312938e-07
1.5606228532086427e-07
1.5606264885565972e-07
1.5606290609617767e-07
1.5606313253330723e-07
1.5606332647328366e-07
1.5606348486317437e-07
1.5606364247575237e-07
1.5606374894470688e-07
1.5606385007426684e-07
1.5606394844844747e-07
1.560640439440713e-07
1.5606410644983239e-07
1.5606418801616883e-07
1.5606423136979971e-07
1.560642926037314e-07
1.560643395945594e-07
1.5606438788944168e-07

PIT
1.526064300086601e-07
1.5567699127749754e-07
1.5602229546066353e-07
1.5615534897804992e-07
1.562258500898705e-07
1.5626951206302014e-07
1.5629918235864591e-07
1.5632072301937e-07
1.5633705047555154e-07
1.5634979008117003e-07
1.5636007448868257e-07
1.5636854372853192e-07
1.563756059242314e-07
1.5638161305237893e-07
1.5638677851046477e-07
1.5639154094169106e-07
1.5639519074657793e-07
1.5639868041630973e-07
1.564017799292641e-07
1.5640457795029e-07
1.5640705708818227e-07
1.564093235110293e-07
1.5641138495009613e-07
1.5641327423050697e-07
1.5641500210393337e-07

PPC
1.4211941959103684e-07
1.4983267800662098e-07
1.5524633477871795e-07
1.591837019283413e-07
1.6211052318445983e-07
1.6431156924916164e-07
1.6597407446596373e-07
1.6722559364414957e-07
1.681581434211446e-07
1.6883828236929603e-07
1.693161022763576e-07
1.696300836509551e-07
1.6981000243036224e-07
1.6987947153711693e-07
1.6985721385886196e-07
1.6975850967962805e-07
1.695958110707024e-07
1.6937919038862615e-07
1.691171578931343e-07
1.6881676294749016e-07
1.6848392441283423e-07
1.6812363291874852e-07
1.6774013584892782e-07
1.6733702709414594e-07
1.669174114703105e-07

PPS
1.5605165632077294e-07
1.5605301879337152e-07
1.5605435935334067e-07
1.56055703145437e-07
1.5605704640446722e-07
1.5605841166376656e-07
1.56059734568708e-07
1.5606106413095196e-07
1.5606242195232322e-07
1.5606376885848911e-07
1.5606510931124272e-07
1.5606645308587134e-07
1.560678665704833e-07
1.5606914045292236e-07
1.5607048415015097e-07
1.5607182784858427e-07
1.5607317874190362e-07
1.5607450901731168e-07
1.5607586507203575e-07
1.560771592639908e-07
1.5607854591068384e-07
1.5607988918537477e-07
1.5608123260974585e-07
1.5608257661747792e-07
1.5608392066406058e-07

PTA
1.560829056460334e-07
1.560595675735649e-07
1.5605506181214457e-07
1.560532603301245e-07
1.5605208939027237e-07
1.5605138984616533e-07
1.5605093441228558e-07
1.5605057743691328e-07
1.5605028773387645e-07
1.5605016545364026e-07
1.560499392908741e-07
1.5604982135075942e-07
1.5604952995305438e-07
1.5604958545938692e-07
1.5604958090362963e-07
1.5604943522841873e-07
1.560493628175673e-07
1.5604930507717594e-07
1.5604923337617577e-07
1.5604924925582243e-07
1.5604908501214348e-07
1.5604893070306928e-07
1.560490934008566e-07
1.5604906181684266e-07
1.5604906425539406e-07

PYK
1.8775916026543588e-06
2.151818541039087e-07
1.616275061479599e-07
1.3728760739881086e-07
1.222425844015314e-07
1.116444402004654e-07
1.0360731235486064e-07
9.721466548474268e-08
9.195723541221548e-08
8.752482923205705e-08
8.371572804582244e-08
8.039218496405987e-08
7.745608719901234e-08
7.483538942506454e-08
7.247572591188041e-08
7.033524801098042e-08
6.838106758983205e-08
6.65868420398004e-08
6.493127882321673e-08
6.33969216453494e-08
6.19693491201266e-08
6.063610434260171e-08
5.938726407717459e-08
5.8213930989704416e-08
5.710862383636159e-08

RPE
1.6561781589857608e-07
1.57086936594283e-07
1.5614279693820257e-07
1.5577987387131434e-07
1.555877802676797e-07
1.554688855867953e-07
1.5538804278364037e-07
1.5532950511216136e-07
1.5528514654212759e-07
1.5525033660658252e-07
1.5522245339236262e-07
1.5519945902613767e-07
1.5518014070279332e-07
1.551638049464418e-07
1.5514992928186325e-07
1.5513760449169478e-07
1.5512689596206124e-07
1.5511743843308106e-07
1.5510899368385297e-07
1.5510146623381138e-07
1.550946613795209e-07
1.5508832606066525e-07
1.550828921005137e-07
1.5507710729886366e-07
1.5507306453995774e-07

RPI
1.428911375543687e-07
1.5466592788104438e-07
1.5593628946962163e-07
1.5642274976477238e-07
1.566797586893073e-07
1.5683877132616865e-07
1.56946799354363e-07
1.57024982366848e-07
1.57084192927926e-07
1.5713058901832198e-07
1.571678133679013e-07
1.5719875162833044e-07
1.5722420362278008e-07
1.5724611545048055e-07
1.572648431571008e-07
1.5728107339980036e-07
1.5729539465611228e-07
1.5730800021248004e-07
1.5731923482983488e-07
1.573292324538261e-07
1.5733837390865976e-07
1.5734658075321216e-07
1.5735407089796515e-07
1.5736090619755615e-07
1.5736717762949762e-07

SDH
1.7971483393540106e-07
1.5814547269238356e-07
1.5622970039957796e-07
1.5551229878614244e-07
1.55138483872115e-07
1.5490795837397426e-07
1.547519526727543e-07
1.546392116604819e-07
1.5455401148342998e-07
1.5448734967034025e-07
1.5443377145793199e-07
1.5438979741826873e-07
1.5435296750806544e-07
1.5432175288781536e-07
1.5429493679988492e-07
1.5427164369530385e-07
1.542512492883531e-07
1.542331985120931e-07
1.5421709586914721e-07
1.5420276765888302e-07
1.541898065082961e-07
1.5417807642319744e-07
1.5416745650480513e-07
1.541576463517174e-07
1.541486932770112e-07

SK
1.560567540080915e-07
1.560548306722881e-07
1.5605462307798996e-07
1.560545412192201e-07
1.560545834618449e-07
1.5605447535393812e-07
1.5605444873767828e-07
1.5605445087024373e-07
1.5605443537518768e-07
1.5605447338249715e-07
1.5605432393637087e-07
1.560544236227373e-07
1.5605442397028432e-07
1.560544667938608e-07
1.5605441408416752e-07
1.5605439840871226e-07
1.5605440041960614e-07
1.560543973979949e-07
1.5605437587989464e-07
1.560543914860814e-07
1.5605437646476146e-07
1.5605439241879643e-07
1.5605439159510395e-07
1.5605438758415823e-07
1.5605438910866698e-07

SQR
1.5635798029948214e-07
1.560792605011077e-07
1.560566561085505e-07
1.5604554862353771e-07
1.5604388512973514e-07
1.5604116211712837e-07
1.5603938429119503e-07
1.5603806334323848e-07
1.5603709476219268e-07
1.560363025570481e-07
1.560356887724294e-07
1.5603552362253814e-07
1.5603472869935897e-07
1.560343894922533e-07
1.56034088836064e-07
1.5603380784248347e-07
1.5603350287297653e-07
1.560333681662776e-07
1.56033177304833e-07
1.5603301520636855e-07
1.5603284580640477e-07
1.560327255006212e-07
1.5603260079478384e-07
1.560325004377179e-07
1.5603222757896648e-07

TPI
1.5503986624383702e-07
1.5595416671480643e-07
1.560461068042457e-07
1.5608097754757075e-07
1.5609925234861048e-07
1.561107822845671e-07
1.5611835172545764e-07
1.561239084431955e-07
1.5612812127487285e-07
1.561314134641058e-07
1.5613406362495224e-07
1.561362443374012e-07
1.5613806331814317e-07
1.5613960995091344e-07
1.5614090226810227e-07
1.5614213581159485e-07
1.56143108140065e-07
1.561440307358803e-07
1.561447899252617e-07
1.561455331088074e-07
1.5614615126547137e-07
1.5614743664346512e-07
1.5614487311790142e-07
1.5614774747278363e-07
1.5614819926404522e-07

XCH_ACE1
1.560546044378441e-07
1.560546050874619e-07
1.56054606542401e-07
1.5605462391041628e-07
1.5605461317621245e-07
1.5605454466848885e-07
1.5605461256966155e-07
1.5605460362137963e-07
1.5605460365239986e-07
1.5605461461518966e-07
1.5605459975619889e-07
1.5605460214686468e-07
1.5605459828590028e-07
1.560545897658782e-07
1.560546036024061e-07
1.5605460354548548e-07
1.5605458471500193e-07
1.5605460682037839e-07
1.5605463575442152e-07
1.5605460358614306e-07
1.5605459903399977e-07
1.560546041755274e-07
1.5605460321630966e-07
1.5605460621804383e-07
1.5605440745517472e-07

XCH_ACE2
1.560546072543604e-07
1.5605461614662523e-07
1.5605460954835152e-07
1.5605460364938818e-07
1.5605460367227691e-07
1.5605447451518728e-07
1.560546040918029e-07
1.5605461881797892e-07
1.5605460510432727e-07
1.560546256936277e-07
1.5605460307566455e-07
1.5605460051815208e-07
1.5605457560529432e-07
1.5605457882386893e-07
1.5605468619481943e-07
1.5605460359246756e-07
1.5605460714051917e-07
1.5605460358975706e-07
1.5605457329835305e-07
1.5605460410625893e-07
1.560545616642614e-07
1.5605460362830648e-07
1.5605460357349403e-07
1.5605459862441228e-07
1.5605460359517807e-07

XCH_GLC
1.560545022310088e-07
1.5605459184242652e-07
1.5605460375178506e-07
1.560545419727406e-07
1.560546035858419e-07
1.560545810934655e-07
1.5605460455590168e-07
1.5605460577984545e-07
1.5605460067596372e-07
1.5605461583642294e-07
1.5605460376383175e-07
1.5605459238001011e-07
1.5605463830982582e-07
1.5605459658912388e-07
1.560546035096466e-07
1.5605460316872522e-07
1.5605460369094928e-07
1.5605460657944455e-07
1.5605457342454211e-07
1.560545670702139e-07
1.5605478690635924e-07
1.5605460359487692e-07
1.5605460723839854e-07
1.5605460367830024e-07
1.560546383477729e-07

XCH_P
1.560545277130727e-07
1.560545695021396e-07
1.560546861445245e-07
1.560545981762754e-07
1.560544745139826e-07
1.5605460884873994e-07
1.5605459586120258e-07
1.5605459513448595e-07
1.5605437285888575e-07
1.5605459353468543e-07
1.5605462102673967e-07
1.560546124395573e-07
1.5605461136228197e-07
1.5605459739715567e-07
1.5605461585358947e-07
1.5605461176644845e-07
1.5605462533132347e-07
1.5605459822988315e-07
1.5605461519041916e-07
1.5605461210435814e-07
1.5605461213899236e-07
1.5605461550152494e-07
1.5605461465042623e-07
1.5605461311658133e-07
1.5605461180078153e-07

ZWF
1.917361678341893e-07
1.7358454514608499e-07
1.5851104796112886e-07
1.4591913466950708e-07
1.3526575658956757e-07
1.2613600561084954e-07
1.182204969278299e-07
1.1128750558905277e-07
1.0516092030124197e-07
9.970490832198514e-08
9.481294851758977e-08
9.040036487291119e-08
8.639895325585882e-08
8.275312050343857e-08
7.941707201502053e-08
7.635270586836166e-08
7.352806762731866e-08
7.091618277190694e-08
6.849381876845741e-08
6.624132736879644e-08
6.414165804605062e-08
6.2180023421376e-08
6.034345116711535e-08
5.86206348840502e-08
5.7001587956078964e-08

