time0 0
timef 7200
Vmax 0.1to10

ACEA
[0.152595, 0.782049375, 1.41150375, 2.040958125, 2.6704125, 3.2998668749999998, 3.92932125, 4.558775625, 5.18823, 5.817684375, 6.44713875, 7.076593125, 7.7060475, 8.335501875, 8.96495625, 9.594410625, 10.223865, 10.853319375, 11.48277375, 12.112228125, 12.7416825, 13.371136875, 14.00059125, 14.630045625, 15.2595]
[0.002270451427607305, 0.0015033183065435321, 0.0011657124306251986, 0.0009653488303780961, 0.0008296588460029493, 0.0007304838849383613, 0.0006542683772164306, 0.0005935691499925291, 0.0005439154943722558, 0.0005024405415862496, 0.0004672115182965125, 0.00043687266952481085, 0.00041044204115317447, 0.00038718927240501106, 0.0003665586293367747, 0.0003481192309438485, 0.0003315313393069023, 0.0003165231685098302, 0.0003028745310864378, 0.0002904049613558127, 0.0002789650484365739, 0.00026842999404638464, 0.0002586946451075029, 0.0002496697888755487, 0.000241279091742978]
ACEB
[0.0352769, 0.1807941125, 0.326311325, 0.4718285375, 0.6173457499999999, 0.7628629624999999, 0.908380175, 1.0538973875, 1.1994145999999999, 1.3449318124999998, 1.4904490249999998, 1.6359662375, 1.7814834499999999, 1.9270006624999998, 2.072517875, 2.2180350874999997, 2.3635523, 2.5090695125, 2.6545867249999997, 2.8001039375, 2.9456211499999996, 3.0911383624999997, 3.236655575, 3.3821727874999996, 3.5276899999999998]
[0.001491416472850507, 0.0011715568214566206, 0.0011265915956415638, 0.0011086116177353987, 0.0010989285696057054, 0.001092875631545811, 0.00108873350456088, 0.0010857206895461971, 0.001083430695341589, 0.0010816312986405396, 0.0010801800579987762, 0.0010789848791267144, 0.0010779834435228344, 0.001077132190629774, 0.0010763996575243095, 0.00107576271637463, 0.0010752037096223369, 0.0010747092131484432, 0.0010742686522439138, 0.0010738736179410574, 0.0010735174797750881, 0.0010731947034269848, 0.001072900857194484, 0.0010726321329165775, 0.0010723855055330329]
ACK
[0.7230000000000001, 3.705375000000001, 6.687750000000001, 9.670125000000002, 12.652500000000003, 15.634875000000005, 18.617250000000002, 21.599625000000003, 24.582000000000004, 27.564375000000005, 30.546750000000007, 33.52912500000001, 36.511500000000005, 39.49387500000001, 42.47625000000001, 45.45862500000001, 48.44100000000001, 51.42337500000001, 54.40575000000001, 57.38812500000001, 60.370500000000014, 63.35287500000001, 66.33525000000002, 69.31762500000002, 72.30000000000001]
[0.001122662280965737, 0.0011224691516599234, 0.001122290299238958, 0.0011221242412450601, 0.001121969569918028, 0.0011218253249824254, 0.0011216902573903628, 0.0011215637785588744, 0.0011214449610018557, 0.001121333177241724, 0.001121227810593524, 0.001121128326744141, 0.0011210342632378167, 0.0011209451808237717, 0.0011208606662002458, 0.0011207805109837354, 0.0011207041739446212, 0.0011206318786317105, 0.0011205623258218164, 0.001120496268429799, 0.0011204332096073596, 0.0011203728672856468, 0.0011203151407422245, 0.0011202598046278777, 0.001120206783798626]
ACN_1
[0.9724130000000001, 4.983616625000001, 8.99482025, 13.006023875, 17.0172275, 21.028431125, 25.03963475, 29.050838375, 33.062042000000005, 37.073245625000006, 41.084449250000006, 45.095652875000006, 49.106856500000006, 53.11806012500001, 57.12926375000001, 61.14046737500001, 65.15167100000001, 69.16287462500001, 73.17407825000001, 77.185281875, 81.19648550000001, 85.20768912500002, 89.21889275000001, 93.230096375, 97.24130000000001]
[0.0011212486742909517, 0.0011221556564271007, 0.00112225039175885, 0.001122286514844103, 0.0011223055836846827, 0.0011223173596009032, 0.001122325358861396, 0.0011223312278433636, 0.0011223355103801313, 0.0011223392858641967, 0.0011223417176665603, 0.0011223439884981915, 0.001122345869641404, 0.001122347495660297, 0.0011223488819434978, 0.001122350080756868, 0.0011223511675392125, 0.0011223520486498288, 0.0011223529012357374, 0.0011223536733969046, 0.0011223543165173452, 0.0011223549247765152, 0.001122355502260519, 0.0011223559822668803, 0.0011223564757326058]
ACN_2
[0.9865710000000001, 5.056176375, 9.12578175, 13.195387125, 17.2649925, 21.334597875000004, 25.404203250000002, 29.473808625, 33.543414, 37.613019375, 41.68262475, 45.752230125, 49.8218355, 53.891440875, 57.961046249999995, 62.030651625, 66.100257, 70.169862375, 74.23946775, 78.309073125, 82.3786785, 86.448283875, 90.51788925, 94.587494625, 98.6571]
[0.001121401457113918, 0.0011221737517726957, 0.0011222519468789566, 0.0011222816564108082, 0.0011222973054997064, 0.0011223070116669121, 0.0011223135199591092, 0.0011223182726138297, 0.0011223218431544585, 0.0011223246591578002, 0.0011223269106586684, 0.0011223287806912169, 0.001122330282696144, 0.001122331648879942, 0.0011223327776731023, 0.0011223338283217477, 0.00112233463420358, 0.0011223354125382134, 0.0011223360743569896, 0.0011223366569056814, 0.0011223374159572046, 0.001122338636136388, 0.0011223382111952892, 0.0011223385935598032, 0.0011223389728425442]
ACS
[0.73, 3.74125, 6.7524999999999995, 9.76375, 12.775, 15.78625, 18.7975, 21.80875, 24.82, 27.83125, 30.8425, 33.85375, 36.864999999999995, 39.87625, 42.887499999999996, 45.89875, 48.91, 51.92124999999999, 54.9325, 57.943749999999994, 60.955, 63.966249999999995, 66.9775, 69.98875000000001, 73.0]
[0.001122239683284588, 0.0011222571503314844, 0.0011222590104267639, 0.0011222597070357054, 0.0011222601196076208, 0.0011222603339976294, 0.001122260475121477, 0.0011222605809639583, 0.001122260740756889, 0.0011222607067226434, 0.0011222608598152046, 0.0011222608772852576, 0.001122260913857301, 0.001122260947508394, 0.0011222608487033673, 0.0011222609633857138, 0.00112226099181965, 0.0011222610219174785, 0.001122261052552102, 0.0011222610930428092, 0.0011222610951578777, 0.0011222610608328572, 0.0011222611067769374, 0.0011222611184716065, 0.001122261126035739]
ATP_MAINTENANCE
[0.130166, 0.66710075, 1.2040355, 1.7409702500000002, 2.277905, 2.81483975, 3.3517745000000003, 3.8887092500000002, 4.425644, 4.9625787500000005, 5.4995135, 6.03644825, 6.573383000000001, 7.11031775, 7.6472525000000005, 8.18418725, 8.721122000000001, 9.258056750000002, 9.794991500000002, 10.331926249999999, 10.868860999999999, 11.40579575, 11.9427305, 12.47966525, 13.0166]
[1.460360382187281e-12, 0.0020495828555708822, 0.0011832514179112173, 0.0009434942946496895, 0.0008278654203766032, 0.0007598888005618507, 0.0007150968637374331, 0.0006833144428975399, 0.0006595666624725757, 0.0006411336931985432, 0.0006264020837665669, 0.0006143533764343007, 0.0006043125140591382, 0.0005958140753977993, 0.0005885265831026879, 0.0005822075230425997, 0.0005766751827674825, 0.0005717908081492783, 0.0005674465102834285, 0.0005635571755235384, 0.0005600546919648634, 0.000556883957576122, 0.0005539998560457987, 0.000551365107229372, 0.0005489486858125095]
ATP_syn
[10.8733, 55.7256625, 100.578025, 145.4303875, 190.28275, 235.1351125, 279.987475, 324.83983749999993, 369.69219999999996, 414.5445625, 459.396925, 504.2492874999999, 549.10165, 593.9540125, 638.8063749999999, 683.6587374999999, 728.5110999999999, 773.3634625, 818.215825, 863.0681874999999, 907.9205499999999, 952.7729125, 997.6252749999999, 1042.4776375, 1087.33]
[0.004728317132617578, 0.0015931339134640258, 0.0011632073855960443, 0.00099290833084038, 0.0008967278964360333, 0.0008314123593824275, 0.0007826507950007346, 0.000744149455923762, 0.0007125968926570856, 0.0006860382039783043, 0.0006632251107494023, 0.0006433138960761517, 0.0006257091459435008, 0.0006099760554690168, 0.0005957882318419786, 0.0005828949390090812, 0.0005710995861600359, 0.0005602462678089873, 0.0005502080153582763, 0.0005408815266805331, 0.0005321810695269068, 0.000524035015793431, 0.0005163829152455896, 0.0005091732744179296, 0.0005023619989599972]
CITRA_SYN
[0.4, 2.0500000000000003, 3.7, 5.3500000000000005, 7.000000000000001, 8.65, 10.3, 11.950000000000001, 13.600000000000001, 15.250000000000002, 16.9, 18.55, 20.2, 21.85, 23.5, 25.150000000000002, 26.8, 28.45, 30.1, 31.75, 33.4, 35.050000000000004, 36.7, 38.35, 40.0]
[0.01581027637828905, 0.004770463936224394, 0.0013342954032571268, 0.0005918684829513083, 0.0003312562153546988, 0.00021131088354623827, 0.00014645735263004087, 0.00010747852985252983, 8.223510370487704e-05, 6.495412584813943e-05, 5.260581421692905e-05, 4.3475890322828354e-05, 3.653517136477391e-05, 3.113539090047003e-05, 2.6851707544188546e-05, 2.33962623564646e-05, 2.0568389392890538e-05, 1.8224732619867404e-05, 1.6260664568412033e-05, 1.4598375048322336e-05, 1.317902194842924e-05, 1.1957441856811723e-05, 1.0898503587501643e-05, 9.97454535523157e-06, 9.163548645211045e-06]
CYTBO
[0.854045, 4.376980625, 7.89991625, 11.422851875, 14.9457875, 18.468723125, 21.99165875, 25.514594375, 29.03753, 32.560465625, 36.08340125, 39.606336875000004, 43.1292725, 46.652208125, 50.175143750000004, 53.698079375, 57.221015, 60.743950625000004, 64.26688625, 67.789821875, 71.3127575, 74.835693125, 78.35862875000001, 81.881564375, 85.4045]
[1.012503287625064e-14, 0.0011321233400061607, 0.0011252896769844464, 0.0011106585231043032, 0.0011005863494112208, 0.001093547483341045, 0.0010884175795777419, 0.001084533350293187, 0.0010814980732189662, 0.0010790641926658007, 0.0010770708828291733, 0.0010754092151168651, 0.001074003333830223, 0.001072798682121043, 0.0010717550446314496, 0.0010708425701103854, 0.0010700374696243015, 0.0010693224128518236, 0.0010686829650570812, 0.0010681077689428655, 0.0010675876219727357, 0.001067114992188911, 0.00106668366460521, 0.001066288451511669, 0.0010659249897120985]
EDA
[0.00775241, 0.03973110125, 0.0717097925, 0.10368848374999999, 0.13566717499999997, 0.16764586624999997, 0.19962455749999997, 0.23160324874999996, 0.26358193999999996, 0.2955606312499999, 0.32753932249999995, 0.35951801375, 0.39149670499999994, 0.4234753962499999, 0.45545408749999994, 0.48743277874999996, 0.51941147, 0.55139016125, 0.5833688524999999, 0.61534754375, 0.647326235, 0.6793049262499999, 0.7112836175, 0.74326230875, 0.775241]
[0.0011223076136940668, 0.0011223344327950641, 0.0011222651567721097, 0.001122241248289583, 0.0011222293434604465, 0.001122222295522698, 0.0011222175180523846, 0.001122214174482883, 0.0011222116835429476, 0.0011222097442415361, 0.0011222082025683173, 0.001122206944971319, 0.0011222059207801336, 0.0011222050267035884, 0.001122204283224075, 0.0011222036842337918, 0.0011222030479995624, 0.0011222025617085368, 0.0011222021334842077, 0.0011222022503712405, 0.0011222014043007086, 0.0011222010674789978, 0.0011222012938974168, 0.0011222005131483307, 0.001122200275293816]
EDD
[0.0111359, 0.057071487500000004, 0.10300707500000002, 0.14894266250000002, 0.19487825000000003, 0.24081383750000004, 0.286749425, 0.33268501250000004, 0.37862060000000003, 0.4245561875, 0.47049177500000006, 0.5164273625000001, 0.56236295, 0.6082985375000001, 0.6542341250000001, 0.7001697125, 0.7461053000000001, 0.7920408875000001, 0.837976475, 0.8839120625000001, 0.9298476500000001, 0.9757832375000001, 1.0217188250000002, 1.0676544125, 1.11359]
[0.0011231370369679504, 0.0011227688443915449, 0.0011223369813177266, 0.001121920827634005, 0.0011215398387721437, 0.0011211963313390002, 0.0011208875127982892, 0.0011206093048644105, 0.0011203577152090775, 0.00112012913934981, 0.0011199205414962905, 0.0011197293027609288, 0.0011195532136723274, 0.0011193905511428274, 0.0011192396409446883, 0.0011190991672692997, 0.0011189681007695207, 0.0011188453226761857, 0.0011187301043545635, 0.0011186216663127322, 0.001118519450417298, 0.001118422826728287, 0.0011183313323756194, 0.0011182445585498212, 0.001118162060137476]
ENO
[1.17189, 6.0059362499999995, 10.839982499999998, 15.674028749999996, 20.508074999999998, 25.342121249999998, 30.176167499999995, 35.01021374999999, 39.84425999999999, 44.67830624999999, 49.51235249999999, 54.34639874999999, 59.180444999999985, 64.01449124999999, 68.84853749999999, 73.68258374999999, 78.51662999999999, 83.35067624999999, 88.18472249999999, 93.01876874999999, 97.85281499999999, 102.68686124999999, 107.52090749999999, 112.35495374999999, 117.189]
[0.0014400660548642779, 0.0011552803515677038, 0.001125112596757238, 0.0011133212583589196, 0.0011070222370322316, 0.0011031004928037773, 0.0011004234782614002, 0.0010984795005244698, 0.001097003638961728, 0.0010958447780964932, 0.0010949110987111303, 0.001094142721784421, 0.0010934986193465598, 0.0010929516281438139, 0.001092480990067385, 0.0010920718562778173, 0.001091712937199202, 0.0010913954630515834, 0.0010911126694617228, 0.001090859181357664, 0.001090630620506809, 0.0010904235438088333, 0.0010902349862856675, 0.0010900629640090852, 0.001089904467306657]
FBA
[2.1697800000000003, 11.1201225, 20.070465, 29.0208075, 37.97115, 46.9214925, 55.871835000000004, 64.8221775, 73.77252, 82.7228625, 91.673205, 100.6235475, 109.57389, 118.5242325, 127.474575, 136.4249175, 145.37526, 154.3256025, 163.275945, 172.22628749999998, 181.17663, 190.1269725, 199.077315, 208.0276575, 216.978]
[0.0010851457652417853, 0.0011185769582664335, 0.0011219473815849608, 0.0011232270574347719, 0.0011239008162383425, 0.0011243166463446226, 0.0011245988500446621, 0.0011248029257572094, 0.0011249573720029968, 0.0011250783579217552, 0.00112517574981136, 0.0011252553332921833, 0.0011253225789793176, 0.0011253792233734009, 0.001125428009654056, 0.0011254704041781308, 0.0011255075315779245, 0.001125540369290385, 0.0011255695824951865, 0.0011255957798846279, 0.0011256194095628526, 0.0011256407693807514, 0.0011256602303137701, 0.0011256780015486138, 0.0011256943708753543]
FBP
[0.021558300000000002, 0.11048628749999999, 0.19941427499999997, 0.28834226249999995, 0.3772702499999999, 0.4661982374999999, 0.555126225, 0.6440542125, 0.7329821999999999, 0.8219101874999999, 0.9108381749999999, 0.9997661624999998, 1.0886941499999998, 1.1776221374999998, 1.2665501249999997, 1.3554781124999997, 1.4444060999999997, 1.5333340874999997, 1.6222620749999996, 1.7111900624999996, 1.8001180499999996, 1.8890460374999996, 1.9779740249999995, 2.0669020125, 2.15583]
[0.001122297829025873, 0.0011222801553706736, 0.0011222624145654173, 0.0011222446665308404, 0.0011222271160396722, 0.0011222091940221262, 0.0011221914179466593, 0.0011221737195727926, 0.0011221559039906598, 0.0011221381490332766, 0.0011221203821522778, 0.0011221025282808653, 0.0011220848516801337, 0.0011220670834925259, 0.0011220493576033436, 0.0011220315583640504, 0.0011220137560659783, 0.0011219959679572386, 0.001121978201173977, 0.001121960418191517, 0.0011219426315924861, 0.001121924834468618, 0.001121907031854079, 0.0011218892578845627, 0.0011218714899221148]
FUMA
[5.3341400000000005, 27.3374675, 49.34079499999999, 71.3441225, 93.34745, 115.35077749999999, 137.35410499999998, 159.35743249999996, 181.36075999999997, 203.36408749999998, 225.36741499999997, 247.37074249999995, 269.37406999999996, 291.3773975, 313.3807249999999, 335.38405249999994, 357.38737999999995, 379.39070749999996, 401.394035, 423.39736249999993, 445.40068999999994, 467.40401749999995, 489.4073449999999, 511.4106724999999, 533.414]
[0.0011221643307705845, 0.0011222485746216428, 0.0011222583722986007, 0.0011222618276570107, 0.0011222637162926828, 0.0011222643967560412, 0.001122265618108938, 0.0011222661472293004, 0.0011222665491714885, 0.001122266905124609, 0.0011222671977827948, 0.001122267365361603, 0.001122267555029003, 0.0011222677334770052, 0.0011222678677599788, 0.001122267984589224, 0.0011222680849771462, 0.0011222681878974548, 0.0011222682483876792, 0.001122268286363715, 0.0011222683403813425, 0.0011222684542731645, 0.0011222685234273375, 0.0011222684991408225, 0.001122268572475683]
GDH
[0.866573, 4.441186624999999, 8.01580025, 11.590413875, 15.165027499999999, 18.739641124999995, 22.314254749999996, 25.888868374999998, 29.463481999999996, 33.038095625, 36.612709249999995, 40.187322875, 43.7619365, 47.336550124999995, 50.91116375, 54.485777375, 58.060390999999996, 61.63500462499999, 65.20961824999999, 68.78423187499999, 72.35884549999999, 75.933459125, 79.50807275, 83.082686375, 86.65729999999999]
[3.762105593558808e-08, 0.001488628015238945, 0.0011878775865790349, 0.0008756145530666501, 0.0006663497626841394, 0.000523326192110939, 0.00042151090820045055, 0.00034638825902310715, 0.0002893135345455542, 0.00024490165682369407, 0.00020965307249404535, 0.0001812088780497034, 0.00015792881315985046, 0.00013864151735580257, 0.00012249151139922756, 0.00010884126829998337, 9.720757311262067e-05, 8.721851577325408e-05, 7.858397114654213e-05, 7.107485676692626e-05, 6.45083200144165e-05, 5.873696233542595e-05, 5.3640896307456594e-05, 4.912180177870152e-05, 4.5098461748281945e-05]
GLT
[5.70584, 29.24243, 52.77902, 76.31560999999999, 99.8522, 123.38879, 146.92538, 170.46197, 193.99856, 217.53515, 241.07174, 264.60833, 288.14492, 311.68151, 335.21810000000005, 358.75469000000004, 382.29128000000003, 405.82787, 429.36446, 452.90105000000005, 476.43764000000004, 499.97423000000003, 523.51082, 547.04741, 570.584]
[6.970225506045882e-05, 0.00045120868405765496, 0.0010024891950225288, 0.0017357300182605743, 0.0026383358587348396, 0.0036698070445753124, 0.004771103349622434, 0.005880535871480595, 0.00694656558424807, 0.007933296760308453, 0.008820127133530692, 0.009598623884772589, 0.01026884872699529, 0.010836181118179113, 0.0113089395222434, 0.011696745287936626, 0.01200948058753541, 0.012256656166486484, 0.012447085846621471, 0.01258871927669967, 0.012688606678540729, 0.012752929177931586, 0.012787049435987546, 0.012795600854480425, 0.01278256593820321]
GND
[0.40810500000000005, 2.0915381250000005, 3.7749712500000006, 5.458404375000001, 7.141837500000001, 8.825270625000002, 10.508703750000002, 12.192136875000003, 13.875570000000003, 15.559003125000004, 17.24243625, 18.925869375, 20.609302500000002, 22.292735625000002, 23.976168750000003, 25.659601875000003, 27.343035000000004, 29.026468125000005, 30.709901250000005, 32.39333437500001, 34.0767675, 35.760200625, 37.443633750000004, 39.127066875000004, 40.810500000000005]
[0.0010989409335655158, 0.0011177307879742377, 0.0011218176157955326, 0.0011237245854312725, 0.0011248451715919802, 0.0011255869523784249, 0.0011261157189723942, 0.0011265122941324706, 0.0011268210157644471, 0.0011270683388445585, 0.0011272714681112644, 0.0011274400747799435, 0.0011275834888648997, 0.0011277063205227709, 0.0011278129867885551, 0.0011279065066693431, 0.0011279891078519622, 0.001128062437531457, 0.0011281283387804112, 0.0011281875663478552, 0.001128241075000576, 0.0011282900344429506, 0.0011283346827246018, 0.0011283755440427768, 0.0011284131897828947]
GPM
[1.09934, 5.6341174999999994, 10.168895, 14.703672499999998, 19.23845, 23.7732275, 28.308004999999998, 32.8427825, 37.377559999999995, 41.91233749999999, 46.447115, 50.981892499999994, 55.51666999999999, 60.051447499999995, 64.586225, 69.12100249999999, 73.65578, 78.1905575, 82.72533499999999, 87.26011249999999, 91.79489, 96.32966749999999, 100.86444499999999, 105.3992225, 109.934]
[0.001259114884676985, 0.0011337254439848152, 0.0011232180076495226, 0.0011192963247288576, 0.0011172456579191688, 0.0011159848288205302, 0.001115131216414901, 0.0011145148904061456, 0.0011140490367874212, 0.0011136844514482262, 0.0011133916062514941, 0.0011131509074967974, 0.001112949730439254, 0.0011127790705770467, 0.0011126324642258757, 0.001112505125727527, 0.0011123935283387767, 0.0011122948941522826, 0.0011122071370249407, 0.0011121285074277255, 0.0011120576658580255, 0.0011119935096005208, 0.0011119351347746462, 0.0011118817938805237, 0.0011118328371611007]
GROWTH
[0.974137, 4.992452125, 9.01076725, 13.029082375, 17.0473975, 21.065712625, 25.084027749999997, 29.102342874999998, 33.120658, 37.138973125, 41.15728825, 45.175603375, 49.193918499999995, 53.212233624999996, 57.23054875, 61.248863875, 65.267179, 69.285494125, 73.30380925, 77.322124375, 81.3404395, 85.358754625, 89.37706975, 93.395384875, 97.4137]
[0.00011987920756423256, 0.0005955598442258692, 0.0010435408531880614, 0.001466830404276272, 0.001867965216600684, 0.0022491043438557365, 0.0026121035521318972, 0.0029585679799205783, 0.003289897760233164, 0.0036073207070920175, 0.003911920034933099, 0.0042046567137849385, 0.004486386946393013, 0.004757877121457283, 0.0050198160705130414, 0.005272825228615849, 0.005517467268214395, 0.00575425317847375, 0.00598364918745213, 0.006206079056760524, 0.006421934894606602, 0.006631572267844882, 0.006835322738745157, 0.007033489942565042, 0.0072263549531763685]
LPD
[0.00684413, 0.03507616625, 0.0633082025, 0.09154023875, 0.119772275, 0.14800431125, 0.1762363475, 0.20446838374999998, 0.23270042, 0.26093245625, 0.2891644925, 0.31739652874999996, 0.345628565, 0.37386060125, 0.40209263749999996, 0.43032467375, 0.45855671, 0.48678874624999996, 0.5150207824999999, 0.5432528187499999, 0.5714848549999999, 0.5997168912499999, 0.6279489274999999, 0.6561809637499999, 0.6844129999999999]
[0.009387450176723601, 0.002810616804482784, 0.0012472625080007676, 0.0007666042879582353, 0.0005488044755613575, 0.00042635713128884566, 0.0003482596498646248, 0.0002942172868358194, 0.0002546369362624333, 0.00022441419567877305, 0.00020058865817504257, 0.00018132728442945572, 0.0001654352172271072, 0.00015210066290917117, 0.0001407529273910825, 0.00013097917497029995, 0.00012247346677536665, 0.00011500424762304423, 0.0001083930623854165, 0.00010250020899873543, 9.721468714389236e-05, 9.244726711372012e-05, 8.812535522409476e-05, 8.418932593399854e-05, 8.058972486762821e-05]
MAD
[0.664269, 3.404378625, 6.14448825, 8.884597875, 11.6247075, 14.364817125000002, 17.10492675, 19.845036375000003, 22.585146, 25.325255625, 28.065365250000003, 30.805474875, 33.5455845, 36.285694125, 39.02580375, 41.765913375, 44.506023, 47.246132625, 49.98624225, 52.726351875, 55.4664615, 58.206571124999996, 60.94668075, 63.686790375, 66.4269]
[0.0012334766634277967, 0.0011833405424643817, 0.0011317907723744323, 0.0010787374107325452, 0.0010240907903244633, 0.0009677633358398656, 0.0009096718117233303, 0.0008497366609801623, 0.0007878906812725683, 0.0007240778727502286, 0.0006582618503043082, 0.0005904337216173523, 0.0005206250048240725, 0.00044893034080754706, 0.00037555289245557697, 0.00030090959151618903, 0.00022590929539863445, 0.00015275580545656153, 8.7097081931167e-05, 3.998982057836625e-05, 1.6828644037160667e-05, 7.829220324758052e-06, 4.17867102921755e-06, 2.4888600605723626e-06, 1.6077511433933636e-06]
MDH
[0.611492, 3.1338965, 5.656301, 8.1787055, 10.70111, 13.2235145, 15.745918999999999, 18.268323499999997, 20.790727999999998, 23.3131325, 25.835537, 28.3579415, 30.880345999999996, 33.402750499999996, 35.925155, 38.4475595, 40.969964, 43.4923685, 46.014773, 48.5371775, 51.059582, 53.5819865, 56.104391, 58.6267955, 61.14919999999999]
[0.0012796596187966856, 0.0012193669320861573, 0.001138336868486216, 0.001057490840044889, 0.0010100542502767247, 0.0009908165857254177, 0.0009846104364958398, 0.0009834899939353558, 0.0009844269582062958, 0.0009862876629302174, 0.0009886076915043278, 0.0009911739760171193, 0.0009938787188528862, 0.0009966621734434989, 0.0009994890619013683, 0.0010023373444414407, 0.0010051927058293423, 0.0010080455009069567, 0.001010889034587771, 0.0010137186524394025, 0.0010165310553735408, 0.0010193234459724139, 0.0010220949063870469, 0.0010248435553677155, 0.0010275685680379621]
MQO
[0.46228300000000005, 2.369200375, 4.27611775, 6.183035125000001, 8.0899525, 9.996869875, 11.90378725, 13.810704625, 15.717622, 17.624539375, 19.53145675, 21.438374125, 23.345291500000002, 25.252208875, 27.15912625, 29.066043625000002, 30.972961, 32.879878375000004, 34.78679575, 36.693713125, 38.6006305, 40.507547875, 42.41446525, 44.321382625000005, 46.228300000000004]
[0.0010293116691198901, 0.00099782230635704, 0.0011050368906135224, 0.0011762247953343912, 0.0012101541525818744, 0.0012287600608676052, 0.0012404439525978775, 0.0012485035546580016, 0.0012544333297775478, 0.0012590006770124714, 0.001262639549257902, 0.0012656148386998493, 0.0012680975542103841, 0.0012702037116736884, 0.0012720148888312973, 0.001273590380981343, 0.001274974048501007, 0.0012761996607000001, 0.0012772932546456235, 0.0012782753782795329, 0.0012791624574532549, 0.0012799679475435034, 0.0012807024562633143, 0.0012813753044007552, 0.0012819939791541587]
NADH_req
[2.30735, 11.825168749999998, 21.342987499999996, 30.860806249999996, 40.37862499999999, 49.89644374999999, 59.41426249999999, 68.93208124999998, 78.44989999999999, 87.96771874999999, 97.48553749999998, 107.00335624999998, 116.52117499999999, 126.03899374999997, 135.55681249999998, 145.07463124999998, 154.59244999999999, 164.11026875, 173.6280875, 183.14590624999997, 192.66372499999997, 202.18154374999997, 211.69936249999998, 221.21718124999998, 230.73499999999999]
[0.0008956685286449774, 0.0010239718422313, 0.0011094524122485046, 0.001172525189985865, 0.0012214919349093176, 0.0012606891867502704, 0.0012927535807216548, 0.0013194330310536359, 0.0013419477608637052, 0.0013611790001528264, 0.0013777796598619047, 0.0013922432255589726, 0.0014049491262749809, 0.0014161935386898914, 0.0014262106617309105, 0.0014351879873655382, 0.001443276853080828, 0.0014506015117126615, 0.0014572637281874026, 0.0014633492383577897, 0.0014689281898703738, 0.0014740613649869689, 0.0014787992769236455, 0.0014831856475771533, 0.0014872578582866957]
NDHII
[3.08306, 15.800682499999999, 28.518304999999998, 41.2359275, 53.95355, 66.6711725, 79.388795, 92.10641749999999, 104.82404, 117.5416625, 130.25928499999998, 142.97690749999998, 155.69453, 168.4121525, 181.12977499999997, 193.84739749999997, 206.56501999999998, 219.28264249999998, 232.00026499999998, 244.71788749999996, 257.43550999999997, 270.15313249999997, 282.870755, 295.5883775, 308.306]
[0.0014833776280770465, 0.0012525401414252627, 0.0011374025944536979, 0.0010674419635381212, 0.0010203571954805592, 0.0009865068160452325, 0.0009610044475322433, 0.000941105083965068, 0.0009251474076642839, 0.0009120672998740641, 0.0009011516264040311, 0.0008919047410560079, 0.0008839715695842008, 0.0008770908900212721, 0.0008710664793097457, 0.0008657479105387935, 0.0008610181808883618, 0.0008567846181959436, 0.0008529730925653109, 0.0008495235311180935, 0.0008463867254816409, 0.0008435220136603239, 0.0008408954696830312, 0.0008384785916124936, 0.0008362472457530627]
PCK
[0.8087770000000001, 4.144982125, 7.48118725, 10.817392375, 14.1535975, 17.489802625, 20.82600775, 24.162212874999998, 27.498417999999997, 30.834623124999997, 34.17082825, 37.507033375, 40.8432385, 44.179443625, 47.51564875, 50.851853874999996, 54.188058999999996, 57.524264124999995, 60.860469249999994, 64.196674375, 67.5328795, 70.869084625, 74.20528975, 77.541494875, 80.8777]
[0.0013968807734142641, 0.0011824371356955632, 0.001128130016689115, 0.0011028866073360137, 0.00108825751302503, 0.0010787018490500241, 0.0010719681793566866, 0.001066965905867465, 0.0010631029610552653, 0.0010600296992638947, 0.001057526311873715, 0.001055447760663151, 0.001053694173969206, 0.001052194963866896, 0.001050898506335334, 0.0010497662756014693, 0.0010487687958162849, 0.0010478834663329249, 0.001047092610160398, 0.0010463812340689642, 0.0010457384839995122, 0.0010451547082556763, 0.0010446221540801146, 0.001044134360533172, 0.0010436859098514413]
PDH
[96.17060000000001, 492.874325, 889.5780500000001, 1286.281775, 1682.9855, 2079.689225, 2476.39295, 2873.0966750000002, 3269.8004, 3666.504125, 4063.2078500000002, 4459.911575000001, 4856.6153, 5253.319025000001, 5650.022750000001, 6046.726475, 6443.430200000001, 6840.133925000001, 7236.83765, 7633.541375000001, 8030.245100000001, 8426.948825, 8823.65255, 9220.356275, 9617.06]
[0.0015458425794922161, 0.0011541575034587483, 0.0011259822431904517, 0.0011074691198125397, 0.001091762158945669, 0.0010773864006798197, 0.0010638286920348404, 0.0010508596937696098, 0.0010383587459697904, 0.0010262543833684736, 0.0010145002755435266, 0.0010030643310051546, 0.0009919238408142355, 0.000981061417253356, 0.0009704614791018048, 0.0009601092452699071, 0.0009499912174382058, 0.0009400959763026935, 0.0009304137908659722, 0.0009209362398215194, 0.0009116560496777226, 0.0009025660059290335, 0.0008936598242224473, 0.0008849313675312251, 0.0008763750535785579]
PFK
[0.0185253, 0.09494216250000001, 0.171359025, 0.24777588749999999, 0.32419275000000003, 0.40060961250000005, 0.477026475, 0.5534433375, 0.6298602, 0.7062770625, 0.782693925, 0.8591107875, 0.9355276499999999, 1.0119445125, 1.088361375, 1.1647782375000002, 1.2411951, 1.3176119625, 1.3940288250000001, 1.4704456875, 1.5468625500000002, 1.6232794125, 1.6996962750000002, 1.7761131375, 1.85253]
[5.23595214604509e-09, 0.0011098992780429547, 0.0011237164206861331, 0.0011136481385655176, 0.0011023348962486798, 0.001091698620158575, 0.0010819600042529225, 0.0010730585169581909, 0.0010648877647491325, 0.0010573467434835846, 0.0010503485931424483, 0.0010438212933278467, 0.0010377052227875999, 0.0010319512940467626, 0.0010265180867401959, 0.0010213711161126413, 0.0010164809852287694, 0.001011822742890951, 0.0010073748178836028, 0.0010031185524347285, 0.0009990376514928474, 0.0009951179034368449, 0.0009913467524935119, 0.000987713017900617, 0.000984206791173797]
PGI
[0.232456, 1.1913369999999999, 2.1502179999999997, 3.109099, 4.06798, 5.026861, 5.985742, 6.944623, 7.903504, 8.862385, 9.821266000000001, 10.780147, 11.739028000000001, 12.697909, 13.65679, 14.615670999999999, 15.574552, 16.533433, 17.492314, 18.451195, 19.410076, 20.368956999999998, 21.327838, 22.286718999999998, 23.2456]
[0.0003737649026679086, 0.0010448752136847307, 0.0011158714667287638, 0.0011418507013064728, 0.0011552593377402007, 0.0011634325901865928, 0.0011689328572809642, 0.0011728859585201363, 0.00117586353372325, 0.0011781875419739716, 0.001180051209751406, 0.0011815790604547377, 0.001182854348671178, 0.0011839349099808244, 0.0011848621491837017, 0.0011856665256540285, 0.0011863709899037095, 0.0011869929583591132, 0.0011875462416785641, 0.001188041544196713, 0.0011884875386331372, 0.0011888912839920047, 0.0011892583982940589, 0.001189593751205323, 0.0011899011614726705]
PGK
[1.61089, 8.255811249999999, 14.900732499999998, 21.54565375, 28.190575, 34.83549624999999, 41.480417499999994, 48.12533875, 54.77025999999999, 61.41518124999999, 68.06010249999999, 74.70502375, 81.34994499999999, 87.99486624999999, 94.6397875, 101.28470875, 107.92962999999999, 114.57455124999998, 121.21947249999998, 127.86439374999999, 134.509315, 141.15423625, 147.7991575, 154.44407875, 161.089]
[0.0011223702562876197, 0.0011222675155131013, 0.0011222598444237198, 0.0011222571624605168, 0.0011222557659603244, 0.0011222549250224935, 0.0011222543515150207, 0.0011222542314184595, 0.0011222536189235167, 0.0011222533813991362, 0.0011222531855972012, 0.0011222530290240418, 0.0011222528920996552, 0.001122252774526447, 0.0011222526798129223, 0.001122252595383591, 0.0011222525186799519, 0.0011222524558131143, 0.0011222523730632999, 0.0011222523179390145, 0.0011222522980032976, 0.0011222522544950806, 0.0011222522166880757, 0.0011222521798356165, 0.0011222521496604056]
PGL
[1.15967, 5.94330875, 10.7269475, 15.51058625, 20.294224999999997, 25.07786375, 29.861502499999997, 34.645141249999995, 39.428779999999996, 44.21241875, 48.9960575, 53.77969624999999, 58.563334999999995, 63.34697375, 68.1306125, 72.91425125, 77.69789, 82.48152875, 87.2651675, 92.04880625, 96.832445, 101.61608375, 106.3997225, 111.18336125, 115.967]
[0.0011215175213813012, 0.0011221841371604866, 0.001122252818126872, 0.0011222790183906977, 0.0011222925030469316, 0.0011223012505048712, 0.0011223070342365397, 0.001122311217088375, 0.0011223143934466643, 0.0011223168960371203, 0.0011223187773308828, 0.0011223205250715303, 0.0011223219670469479, 0.0011223230415799389, 0.0011223240415985055, 0.0011223249056620834, 0.001122325683636257, 0.0011223263939023824, 0.0011223269730076943, 0.0011223274993163623, 0.0011223279666747368, 0.0011223284422771768, 0.0011223288037231212, 0.0011223291793130605, 0.0011223294933201508]
PIT
[0.7146, 3.6623249999999996, 6.610049999999999, 9.557775, 12.5055, 15.453225, 18.400949999999998, 21.348675, 24.2964, 27.244124999999997, 30.19185, 33.139574999999994, 36.08729999999999, 39.03502499999999, 41.982749999999996, 44.930474999999994, 47.87819999999999, 50.82592499999999, 53.77364999999999, 56.721374999999995, 59.66909999999999, 62.61682499999999, 65.56455, 68.512275, 71.46]
[0.0010976087195339018, 0.0011195633037498608, 0.0011220285382245025, 0.0011229782152010186, 0.0011234813728845411, 0.0011237929874931016, 0.0011240049937168018, 0.0011241585592100154, 0.0011242749271801297, 0.001124366160720863, 0.001124439607548367, 0.0011245000163838162, 0.0011245505712612106, 0.0011245935303569748, 0.0011246304350789312, 0.0011246625598168728, 0.0011246906007531157, 0.0011247155027730366, 0.0011247376523821782, 0.0011247575046492366, 0.001124775441959311, 0.0011247915400116797, 0.001124806383035044, 0.001124819884012879, 0.0011248322046853404]
PPC
[2.1439, 10.9874875, 19.831075, 28.6746625, 37.51825, 46.3618375, 55.205425000000005, 64.0490125, 72.8926, 81.7361875, 90.579775, 99.4233625, 108.26695000000001, 117.1105375, 125.954125, 134.7977125, 143.6413, 152.4848875, 161.328475, 170.1720625, 179.01565, 187.8592375, 196.702825, 205.5464125, 214.39]
[0.001021999559174254, 0.0010774929881773921, 0.0011164396717699252, 0.0011447743573276053, 0.0011658351347864275, 0.0011816753155115, 0.0011936395038507617, 0.00120265050329168, 0.0012093648289087915, 0.0012142633991358493, 0.0012177069155528053, 0.0012199714190737545, 0.0012212715003470794, 0.0012217766486640733, 0.0012216222279257097, 0.0012209175657752586, 0.0012197521534942728, 0.0012181987462469004, 0.0012163187021013149, 0.0012141625379109796, 0.0012117727943891316, 0.0012091855703454325, 0.001206431207909952, 0.0012035356265896317, 0.0012005211567331306]
PPS
[0.0016377200000000003, 0.008393315, 0.015148910000000002, 0.021904505, 0.0286601, 0.035415695000000004, 0.04217129000000001, 0.048926885, 0.055682480000000006, 0.06243807500000001, 0.06919367, 0.075949265, 0.08270486, 0.08946045500000001, 0.09621605, 0.102971645, 0.10972724, 0.116482835, 0.12323843000000001, 0.129994025, 0.13674962000000002, 0.14350521500000002, 0.15026081000000002, 0.15701640500000003, 0.16377200000000003]
[0.0011222381046193267, 0.0011222477746131885, 0.0011222574011571904, 0.001122267065147055, 0.001122276720625494, 0.0011222863990571822, 0.0011222960540878601, 0.0011223057094566877, 0.0011223153650234993, 0.0011223250209613257, 0.0011223346971467767, 0.0011223443308127406, 0.001122353984982084, 0.001122363631420858, 0.0011223733113095956, 0.0011223829523895506, 0.0011223926163538042, 0.0011224022502461348, 0.00112241191699447, 0.001122421568768114, 0.0011224311846291881, 0.001122440682674918, 0.0011224505078567806, 0.001122460180708137, 0.0011224698397664136]
PTA
[0.27, 1.38375, 2.4975, 3.61125, 4.725, 5.838749999999999, 6.952500000000001, 8.06625, 9.18, 10.29375, 11.407499999999999, 12.52125, 13.635, 14.74875, 15.8625, 16.97625, 18.09, 19.20375, 20.3175, 21.43125, 22.544999999999998, 23.65875, 24.7725, 25.88625, 27.0]
[0.0011224630908390318, 0.0011222950998577518, 0.0011222625095427857, 0.001122248613389873, 0.0011222423446739312, 0.0011222356584624858, 0.0011222326822334192, 0.001122230225240099, 0.0011222282924406614, 0.0011222270930668777, 0.0011222256459391554, 0.0011222246509201262, 0.0011222238157051563, 0.0011222231206684014, 0.0011222224879231107, 0.0011222219660077062, 0.001122221529760442, 0.0011222210730814117, 0.0011222206979114575, 0.0011222204244970785, 0.0011222200798132716, 0.0011222197974100994, 0.0011222195518556194, 0.0011222193548323595, 0.001122219115692625]
PYK
[0.074716, 0.3829195, 0.691123, 0.9993265, 1.30753, 1.6157335000000002, 1.923937, 2.2321405000000003, 2.540344, 2.8485475, 3.1567510000000003, 3.4649545, 3.773158, 4.0813615, 4.389565000000001, 4.6977685000000005, 5.005972, 5.314175500000001, 5.6223790000000005, 5.9305825, 6.238786000000001, 6.5469895000000005, 6.855193, 7.163396500000001, 7.4716000000000005]
[0.013468843505766102, 0.00154704807627419, 0.0011623047335308433, 0.0009873930818769868, 0.0008792583864580134, 0.0008030773738606023, 0.0007453006720210157, 0.0006993431241057559, 0.0006615442516945514, 0.0006296755932938843, 0.0006022879351369395, 0.0005783902658006052, 0.0005572778673141069, 0.0005384327499348274, 0.0005214645118722668, 0.0005060720157580958, 0.0004920186909268906, 0.00047911551035877766, 0.0004672093394283541, 0.00045617451207479685, 0.00044590687798110235, 0.00043631899606391797, 0.00042733710718795016, 0.00041889823606831855, 0.0004109483890557068]
RPE
[0.600103, 3.0755278750000006, 5.55095275, 8.026377625000002, 10.501802500000002, 12.977227375000002, 15.452652250000003, 17.928077125, 20.403502000000003, 22.878926875000005, 25.354351750000003, 27.829776625000004, 30.305201500000006, 32.780626375000004, 35.25605125, 37.731476125, 40.206901, 42.682325875000004, 45.157750750000005, 47.633175625, 50.1086005, 52.584025375, 55.059450250000005, 57.534875125000006, 60.0103]
[0.001191016150924932, 0.0011296817231936287, 0.0011228933281736153, 0.0011202839161945442, 0.0011189027264782356, 0.0011180479391783979, 0.0011174666841741504, 0.0011170458165874575, 0.0011167268112714291, 0.0011164770963965334, 0.0011162759968540766, 0.0011161106028863943, 0.0011159721751479216, 0.0011158547722292993, 0.0011157545240224724, 0.0011156660358978263, 0.00111558901516713, 0.0011155212383782134, 0.0011154605087426567, 0.001115406241937102, 0.0011153580272815842, 0.0011153130151390174, 0.0011152726894156375, 0.0011152358324319513, 0.0011152019882741321]
RPI
[0.8, 4.1000000000000005, 7.4, 10.700000000000001, 14.000000000000002, 17.3, 20.6, 23.900000000000002, 27.200000000000003, 30.500000000000004, 33.8, 37.1, 40.4, 43.7, 47.0, 50.300000000000004, 53.6, 56.9, 60.2, 63.5, 66.8, 70.10000000000001, 73.4, 76.7, 80.0]
[0.0010275714301435012, 0.0011122708839589766, 0.0011214082102010735, 0.001124907129188423, 0.0011267560849298856, 0.0011278993651470874, 0.0011286762986896597, 0.001129238546998439, 0.0011296645330264917, 0.0011299982036525936, 0.001130266762642331, 0.0011304875226285196, 0.0011306721618987699, 0.0011308291054926097, 0.0011309637330042404, 0.001131080783584917, 0.0011311839661220025, 0.0011312742050712421, 0.0011313550153571029, 0.0011314274045436702, 0.0011314926695571586, 0.0011315517466374421, 0.00113160556545489, 0.0011316547320878488, 0.0011316998672204954]
SDH
[0.156184, 0.800443, 1.444702, 2.0889610000000003, 2.73322, 3.377479, 4.021738, 4.665997, 5.310256, 5.954515, 6.598774, 7.243033, 7.887292, 8.531551, 9.17581, 9.820069, 10.464328, 11.108587, 11.752846, 12.397105, 13.041364, 13.685623, 14.329882, 14.974141, 15.6184]
[0.0012922551412817744, 0.0011372845307731907, 0.0011235174907099047, 0.0011183694000189877, 0.0011156759800694514, 0.001114019635966305, 0.0011128981786283699, 0.0011120883573459974, 0.0011114762572667376, 0.0011109972846479513, 0.0011106123283106813, 0.001110296119977274, 0.0011100318035685078, 0.0011098075335562695, 0.0011096148775469354, 0.0011094475685824712, 0.001109301110725465, 0.0011091713568424399, 0.0011090560204043197, 0.001108952704424117, 0.0011088596177933686, 0.0011087753163659976, 0.0011086986136213204, 0.0011086285695447392, 0.0011085642233734634]
SK
[7.68163, 39.36835375, 71.0550775, 102.74180125, 134.428525, 166.11524875, 197.8019725, 229.48869625, 261.17542, 292.86214375, 324.5488675, 356.23559124999997, 387.92231499999997, 419.60903874999997, 451.29576249999997, 482.98248624999997, 514.66921, 546.3559337500001, 578.0426575, 609.72938125, 641.416105, 673.1028287500001, 704.7895525, 736.47627625, 768.163]
[0.0011222744846235797, 0.0011222608181587275, 0.0011222594095260826, 0.0011222587480706708, 0.0011222584519482996, 0.0011222582629734855, 0.0011222581279035793, 0.001122258049468432, 0.0011222579811486304, 0.0011222579215183941, 0.0011222579001943216, 0.0011222578066557676, 0.0011222577781944858, 0.0011222577840929876, 0.0011222577507662723, 0.001122257743627404, 0.001122257727815972, 0.0011222577037765908, 0.0011222576963771532, 0.0011222576805099411, 0.0011222577242622522, 0.0011222576677496054, 0.001122257652428881, 0.0011222576544417072, 0.0011222576632609566]
SQR
[0.34161700000000006, 1.7507871250000002, 3.1599572500000006, 4.569127375000001, 5.978297500000001, 7.387467625000001, 8.79663775, 10.205807875000001, 11.614978, 13.024148125, 14.433318250000001, 15.842488375000002, 17.2516585, 18.660828625, 20.069998750000003, 21.479168875000003, 22.888339000000002, 24.297509125, 25.70667925, 27.115849375000003, 28.525019500000003, 29.934189625000002, 31.343359750000005, 32.752529875, 34.1617]
[0.0011244395082174214, 0.0011224367271474754, 0.001122273949292698, 0.0011222136655980102, 0.0011221822583521663, 0.0011221630071458863, 0.0011221499542855137, 0.001122140538930528, 0.001122133441857836, 0.0011221278950141334, 0.001122123436374719, 0.00112211981123701, 0.0011221167067671986, 0.0011221141392487705, 0.0011221118702533326, 0.0011221099725989864, 0.001122108246980423, 0.0011221072650611616, 0.0011221054130942192, 0.001122104217077247, 0.0011221031073552652, 0.0011221021669828245, 0.0011221012760136864, 0.0011221005190458217, 0.0011220997256004555]
TPI
[2.4184300000000003, 12.394453750000002, 22.370477500000003, 32.34650125, 42.322525000000006, 52.29854875000001, 62.274572500000005, 72.25059625000002, 82.22662000000001, 92.20264375000001, 102.17866750000002, 112.15469125000001, 122.13071500000001, 132.10673875, 142.08276250000003, 152.05878625000003, 162.03481000000002, 172.01083375000002, 181.9868575, 191.96288125000004, 201.93890500000003, 211.91492875000003, 221.89095250000003, 231.86697625000002, 241.84300000000002]
[0.0011149382942083582, 0.0011215350208714598, 0.0011221980096269995, 0.0011224494652512932, 0.0011225818918434909, 0.0011226636400563012, 0.0011227191075678955, 0.0011227592165785148, 0.0011227897192566988, 0.0011228134155915012, 0.0011228324623607172, 0.0011228481756596761, 0.0011228612767452812, 0.0011228724510247313, 0.0011228820490414722, 0.0011228903867631784, 0.0011228976556783316, 0.0011229041393371365, 0.0011229098850921025, 0.001122915032912536, 0.0011229196698982426, 0.0011229245654647817, 0.001122927693897635, 0.0011229316608872015, 0.0011229343954914954]
XCH_ACE1
[10.0, 51.25, 92.5, 133.75, 175.0, 216.25, 257.5, 298.75, 340.0, 381.25, 422.5, 463.75, 505.0, 546.25, 587.5, 628.75, 670.0, 711.25, 752.5, 793.75, 835.0, 876.25, 917.5, 958.75, 1000.0]
[0.0011222593285829135, 0.0011222592595195708, 0.0011222591948726276, 0.001122259163049324, 0.0011222591429482466, 0.001122259127043529, 0.0011222591132129126, 0.0011222591005442767, 0.0011222590972142597, 0.001122259128556892, 0.0011222590896595808, 0.0011222590829206235, 0.0011222590537220127, 0.0011222590373422305, 0.0011222590544794485, 0.0011222590721585808, 0.0011222590652722065, 0.00112225906610239, 0.001122259064905545, 0.0011222590651398157, 0.0011222590738159664, 0.0011222590565308664, 0.0011222590565423873, 0.001122259059444147, 0.0011222590583772607]
XCH_ACE2
[10.0, 51.25, 92.5, 133.75, 175.0, 216.25, 257.5, 298.75, 340.0, 381.25, 422.5, 463.75, 505.0, 546.25, 587.5, 628.75, 670.0, 711.25, 752.5, 793.75, 835.0, 876.25, 917.5, 958.75, 1000.0]
[0.0011222593111022893, 0.0011222592851774414, 0.001122259192356832, 0.0011222591765809445, 0.0011222591409368492, 0.0011222591064664936, 0.0011222591138871797, 0.001122259091595927, 0.0011222590705571842, 0.0011222590935612382, 0.0011222590880049408, 0.0011222590203737342, 0.0011222590472084394, 0.0011222590768077624, 0.0011222590746117977, 0.0011222590375663415, 0.0011222590690815899, 0.001122259083787872, 0.0011222591706256824, 0.0011222590623439536, 0.0011222590688233145, 0.0011222590474368435, 0.0011222590819027082, 0.0011222590185075982, 0.001122259115604054]
XCH_GLC
[10.0, 51.25, 92.5, 133.75, 175.0, 216.25, 257.5, 298.75, 340.0, 381.25, 422.5, 463.75, 505.0, 546.25, 587.5, 628.75, 670.0, 711.25, 752.5, 793.75, 835.0, 876.25, 917.5, 958.75, 1000.0]
[0.0011077813126237441, 0.001120781677138571, 0.0011221350369167175, 0.0011226418501404988, 0.001122904512934488, 0.0011230643476647672, 0.0011231714974116371, 0.0011232482239100592, 0.0011233057639341367, 0.0011233505374904976, 0.001123386317257341, 0.0011234155717085386, 0.001123439490813378, 0.0011234605185583618, 0.0011234781621042645, 0.0011234934384479211, 0.0011235068048533012, 0.001123518583704956, 0.0011235290337375668, 0.001123538412652384, 0.0011235468501019689, 0.0011235544445121497, 0.0011235614459043275, 0.001123567686905553, 0.0011235734778824876]
XCH_P
[10.0, 51.25, 92.5, 133.75, 175.0, 216.25, 257.5, 298.75, 340.0, 381.25, 422.5, 463.75, 505.0, 546.25, 587.5, 628.75, 670.0, 711.25, 752.5, 793.75, 835.0, 876.25, 917.5, 958.75, 1000.0]
[0.0011222585675308787, 0.0011222591265972186, 0.0011222591916018002, 0.001122259219755278, 0.0011222592101090448, 0.0011222592199929783, 0.0011222592416706484, 0.0011222593262294933, 0.0011222592356560843, 0.0011222592315671784, 0.0011222592389413567, 0.0011222592417672523, 0.0011222592421228257, 0.001122258876645773, 0.001122259243646678, 0.0011222592632102678, 0.0011222592465323683, 0.001122259245460289, 0.0011222592970253087, 0.0011222592461761056, 0.0011222592456873418, 0.001122259247460971, 0.001122259247026624, 0.0011222592469912738, 0.0011222592714706964]
ZWF
[0.02658, 0.1362225, 0.24586499999999997, 0.3555075, 0.46514999999999995, 0.5747925, 0.684435, 0.7940775, 0.90372, 1.0133625, 1.123005, 1.2326475, 1.34229, 1.4519324999999998, 1.561575, 1.6712174999999998, 1.7808599999999999, 1.8905025, 2.000145, 2.1097875, 2.21943, 2.3290724999999997, 2.4387149999999997, 2.5483575, 2.658]
[0.001378976618349193, 0.0012483781544417381, 0.0011399315011810802, 0.0010493413295611686, 0.000972700216856926, 0.0009070206007310913, 0.0008500767256262158, 0.0008002011789596825, 0.0007561271438556285, 0.0007168770549788209, 0.0006816845589622086, 0.0006499404764009543, 0.0006211541721410468, 0.0005949256396243548, 0.0005709255366833922, 0.0005488796039139741, 0.0005285580205498393, 0.0005097662338478091, 0.0004923384596866735, 0.00047613251553086375, 0.0004610256702006462, 0.00044691138969087243, 0.0004336967346436506, 0.00042130017155494044, 0.0004096500014939359]
