LPD vs ZWF
X [0.00684413 0.08212956 0.15741499 0.23270042 0.30798585 0.38327128
 0.45855671 0.53384214 0.60912757 0.684413  ]
Y [0.02658 0.31896 0.61134 0.90372 1.1961  1.48848 1.78086 2.07324 2.36562
 2.658  ]
[[1.17652105e-02 8.99496025e-03 7.33656270e-03 6.20639506e-03
  5.37907683e-03 4.74524342e-03 4.24387888e-03 3.83771341e-03
  3.50248240e-03 3.22161731e-03]
 [1.06573379e-03 8.48723919e-04 7.05510630e-04 6.05204703e-04
  5.30892068e-04 4.73521368e-04 4.27850599e-04 3.90627087e-04
  3.59718581e-04 3.33664734e-04]
 [4.62676518e-04 3.84089978e-04 3.26684883e-04 2.84584641e-04
  2.52492710e-04 2.27213669e-04 2.06780024e-04 1.89921947e-04
  1.75783136e-04 1.63764206e-04]
 [2.93719825e-04 2.46954218e-04 2.11610433e-04 1.85288048e-04
  1.65029083e-04 1.48960896e-04 1.35903958e-04 1.25086090e-04
  1.15981369e-04 1.08218719e-04]
 [2.14952865e-04 1.81826576e-04 1.56367498e-04 1.37263164e-04
  1.22489603e-04 1.10732134e-04 1.01152974e-04 9.31996651e-05
  8.64941022e-05 8.07684028e-05]
 [1.69452343e-04 1.43845061e-04 1.23967697e-04 1.08985111e-04
  9.73662678e-05 8.81007061e-05 8.05399336e-05 7.42545243e-05
  6.89495786e-05 6.44157743e-05]
 [1.39834420e-04 1.18977286e-04 1.02680216e-04 9.03599753e-05
  8.07879411e-05 7.31443902e-05 6.69006991e-05 6.17058408e-05
  5.73182457e-05 5.35662195e-05]
 [1.19023294e-04 1.01435450e-04 8.76281887e-05 7.71683022e-05
  6.90309147e-05 6.25267548e-05 5.72098642e-05 5.27834673e-05
  4.90430657e-05 4.58430914e-05]
 [1.03601884e-04 8.83993220e-05 7.64230314e-05 6.73360862e-05
  6.02598037e-05 5.45997428e-05 4.99703112e-05 4.61145086e-05
  4.28550399e-05 4.00656412e-05]
 [9.17166424e-05 7.83311293e-05 6.77576566e-05 5.97253928e-05
  5.34656355e-05 4.84559090e-05 4.43566553e-05 4.09412350e-05
  3.80532048e-05 3.55810529e-05]]

