GDH vs ACEA
X [ 0.866573 10.398876 19.931179 29.463482 38.995785 48.528088 58.060391
 67.592694 77.124997 86.6573  ]
Y [ 0.152595  1.83114   3.509685  5.18823   6.866775  8.54532  10.223865
 11.90241  13.580955 15.2595  ]
[[4.97598544e-08 3.56284496e-08 2.75293903e-08 2.24106531e-08
  1.88999775e-08 1.63463183e-08 1.44066425e-08 1.28840203e-08
  1.16568321e-08 1.06470369e-08]
 [1.98242540e-03 8.79898070e-04 6.02642825e-04 4.65457724e-04
  3.81677573e-04 3.24611362e-04 2.83010244e-04 2.51233990e-04
  2.26117380e-04 2.05736876e-04]
 [1.04691509e-03 4.40481576e-04 2.98024674e-04 2.28754755e-04
  1.86843452e-04 1.58469275e-04 1.37875327e-04 1.22197925e-04
  1.09839352e-04 9.98332428e-05]
 [6.39717973e-04 2.61875473e-04 1.76057995e-04 1.34684887e-04
  1.09770886e-04 9.29578507e-05 8.07838122e-05 7.15332768e-05
  6.42519731e-05 5.83639823e-05]
 [4.26839719e-04 1.71810829e-04 1.15028862e-04 8.77980928e-05
  7.14503571e-05 6.04416255e-05 5.24831884e-05 4.64436225e-05
  4.16947167e-05 3.78579107e-05]
 [3.01824287e-04 1.20080598e-04 8.01473154e-05 6.10679000e-05
  4.96394891e-05 4.19558610e-05 3.64080569e-05 3.22020725e-05
  2.88976268e-05 2.62297033e-05]
 [2.22469037e-04 8.77399290e-05 5.84169577e-05 4.44470709e-05
  3.60942430e-05 3.04857303e-05 2.64403586e-05 2.33759533e-05
  2.09700488e-05 1.90287180e-05]
 [1.69196097e-04 6.62714102e-05 4.40314819e-05 3.34607290e-05
  2.71498151e-05 2.29170729e-05 1.98667113e-05 1.75576915e-05
  1.57459354e-05 1.42847698e-05]
 [1.31881074e-04 5.13648260e-05 3.40655825e-05 2.58593442e-05
  2.09665060e-05 1.76880846e-05 1.53273013e-05 1.35414088e-05
  1.21408703e-05 1.10118630e-05]
 [1.04854689e-04 4.06447202e-05 2.69124533e-05 2.04094402e-05
  1.65366212e-05 1.39439541e-05 1.20782951e-05 1.06677725e-05
  9.56214557e-06 8.67124364e-06]]

