ATP_syn vs ACEA
X [  10.8733  130.4796  250.0859  369.6922  489.2985  608.9048  728.5111
  848.1174  967.7237 1087.33  ]
Y [ 0.152595  1.83114   3.509685  5.18823   6.866775  8.54532  10.223865
 11.90241  13.580955 15.2595  ]
[[0.00692085 0.00442264 0.00327806 0.00261479 0.00217905 0.00186989
  0.00163872 0.00145913 0.0013155  0.00119796]
 [0.00209402 0.0009459  0.00065139 0.00050469 0.00041474 0.00035329
  0.0003084  0.00027405 0.00024685 0.00022476]
 [0.00163595 0.00074277 0.00051412 0.00039985 0.00032955 0.00028139
  0.00024612 0.00021906 0.0001976  0.00018014]
 [0.00143033 0.0006508  0.00045157 0.00035185 0.00029042 0.00024827
  0.00021736 0.00019363 0.00017479 0.00015944]
 [0.00130203 0.00059356 0.00041256 0.00032187 0.00026593 0.00022752
  0.00019933 0.00017767 0.00016046 0.00014643]
 [0.00121085 0.000553   0.0003849  0.00030058 0.00024853 0.00021276
  0.00018649 0.0001663  0.00015025 0.00013716]
 [0.00114116 0.00052208 0.00036379 0.00028433 0.00023524 0.00020148
  0.00017667 0.0001576  0.00014243 0.00013005]
 [0.00108531 0.00049734 0.0003469  0.00027131 0.00022458 0.00019244
  0.0001688  0.00015061 0.00013615 0.00012435]
 [0.00103904 0.00047689 0.00033292 0.00026054 0.00021576 0.00018494
  0.00016227 0.00014482 0.00013094 0.00011961]
 [0.00099974 0.00045953 0.00032106 0.00025139 0.00020827 0.00017857
  0.00015672 0.0001399  0.00012652 0.00011559]]

