GDH vs ATP_syn
X [ 0.866573 10.398876 19.931179 29.463482 38.995785 48.528088 58.060391
 67.592694 77.124997 86.6573  ]
Y [  10.8733  130.4796  250.0859  369.6922  489.2985  608.9048  728.5111
  848.1174  967.7237 1087.33  ]
[[5.37228709e-03 1.49888200e-08 1.64514728e-10 2.17797532e-11
  7.08935724e-12 3.36310397e-12 1.95000892e-12 1.27823880e-12
  9.09347013e-13 6.85526505e-13]
 [4.19970437e-03 8.96349700e-04 7.11811211e-04 6.27853187e-04
  5.75312677e-04 5.37939493e-04 5.09355825e-04 4.86437102e-04
  4.67438137e-04 4.51293713e-04]
 [2.47791222e-03 4.52878815e-04 3.67704559e-04 3.28562616e-04
  3.03777701e-04 2.85998392e-04 2.72313761e-04 2.61285560e-04
  2.52105005e-04 2.44275728e-04]
 [1.65167446e-03 2.70228492e-04 2.21119317e-04 1.98464532e-04
  1.84030684e-04 1.73630570e-04 1.65599463e-04 1.59110986e-04
  1.53698601e-04 1.49075066e-04]
 [1.17837673e-03 1.77732102e-04 1.46253580e-04 1.31678914e-04
  1.22342170e-04 1.15588219e-04 1.10357705e-04 1.06122531e-04
  1.02583540e-04 9.95559587e-05]
 [8.78802023e-04 1.24473205e-04 1.02937015e-04 9.29267104e-05
  8.64797198e-05 8.17983771e-05 7.81628955e-05 7.52129833e-05
  7.27437992e-05 7.06285068e-05]
 [6.76305280e-04 9.11157028e-05 7.57033562e-05 6.85094794e-05
  6.38516249e-05 6.04566265e-05 5.78128582e-05 5.56631465e-05
  5.38607603e-05 5.23145904e-05]
 [5.32832987e-04 6.89384155e-05 5.75361170e-05 5.21901919e-05
  4.87101273e-05 4.61639509e-05 4.41757227e-05 4.25556594e-05
  4.11950952e-05 4.00263511e-05]
 [4.27513987e-04 5.35188916e-05 4.48645935e-05 4.07878017e-05
  3.81192877e-05 3.61593703e-05 3.46246872e-05 3.33715534e-05
  3.23173908e-05 3.14106196e-05]
 [3.48031106e-04 4.24161120e-05 3.57125971e-05 3.25388843e-05
  3.04497653e-05 2.89093903e-05 2.76998370e-05 2.67100853e-05
  2.58760879e-05 2.51577159e-05]]

