LPD vs ATP_syn
X [0.00684413 0.08212956 0.15741499 0.23270042 0.30798585 0.38327128
 0.45855671 0.53384214 0.60912757 0.684413  ]
Y [  10.8733  130.4796  250.0859  369.6922  489.2985  608.9048  728.5111
  848.1174  967.7237 1087.33  ]
[[1.38062870e-02 8.96649316e-03 7.62862445e-03 6.90682401e-03
  6.42050645e-03 6.05835403e-03 5.77225684e-03 5.53719066e-03
  5.33855823e-03 5.16714105e-03]
 [3.98066968e-03 8.12594122e-04 6.31910370e-04 5.51102794e-04
  5.01170193e-04 4.65972298e-04 4.39238804e-04 4.17923483e-04
  4.00336357e-04 3.85451584e-04]
 [2.10470810e-03 3.63439694e-04 2.77337204e-04 2.39679132e-04
  2.16750490e-04 2.00757125e-04 1.88707028e-04 1.79160690e-04
  1.71325756e-04 1.64724402e-04]
 [1.42514294e-03 2.32824692e-04 1.76637446e-04 1.52226319e-04
  1.37428507e-04 1.27138835e-04 1.19404586e-04 1.13288971e-04
  1.08277589e-04 1.04060827e-04]
 [1.07651225e-03 1.71123228e-04 1.29466538e-04 1.11425516e-04
  1.00512000e-04 9.29344732e-05 8.72451798e-05 8.27505836e-05
  7.90702415e-05 7.59754139e-05]
 [8.64720251e-04 1.35238734e-04 1.02151700e-04 8.78484867e-05
  7.92065645e-05 7.32114045e-05 6.87131029e-05 6.51612429e-05
  6.22541001e-05 5.98103324e-05]
 [7.22492974e-04 1.11783639e-04 8.43454155e-05 7.24984331e-05
  6.53462157e-05 6.03872891e-05 5.66680769e-05 5.37323809e-05
  5.13302276e-05 4.93114345e-05]
 [6.20413020e-04 9.52571812e-05 7.18216719e-05 6.17115356e-05
  5.56112937e-05 5.13834074e-05 4.82134274e-05 4.57118550e-05
  4.36653277e-05 4.19456904e-05]
 [5.43593222e-04 8.29857649e-05 6.25344687e-05 5.37173080e-05
  4.83994197e-05 4.47148376e-05 4.19528288e-05 3.97735884e-05
  3.79910184e-05 3.64933624e-05]
 [4.83692947e-04 7.35140885e-05 5.53732026e-05 4.75559314e-05
  4.28426269e-05 3.95776706e-05 3.71306380e-05 3.52001773e-05
  3.36212818e-05 3.22948720e-05]]

