GDH vs ZWF
X [ 0.866573 10.398876 19.931179 29.463482 38.995785 48.528088 58.060391
 67.592694 77.124997 86.6573  ]
Y [0.02658 0.31896 0.61134 0.90372 1.1961  1.48848 1.78086 2.07324 2.36562
 2.658  ]
[[2.49281562e-08 4.05184278e-08 5.81280662e-08 8.14526025e-08
  1.12569572e-07 1.44900086e-07 1.71800840e-07 1.92696053e-07
  2.08806292e-07 2.21286271e-07]
 [1.21640783e-03 9.24614992e-04 7.48581638e-04 6.30708368e-04
  5.45847287e-04 4.81658541e-04 4.31349420e-04 3.90849332e-04
  3.57558582e-04 3.29732820e-04]
 [6.78752309e-04 4.57332827e-04 3.47206956e-04 2.80228182e-04
  2.34824356e-04 2.01904133e-04 1.76911897e-04 1.57291483e-04
  1.41489000e-04 1.28501757e-04]
 [4.38920642e-04 2.69255011e-04 1.95171122e-04 1.52791933e-04
  1.25120977e-04 1.05577839e-04 9.10334430e-05 7.97948409e-05
  7.08608755e-05 6.35993528e-05]
 [3.09342403e-04 1.75149194e-04 1.22137307e-04 9.31687076e-05
  7.47790843e-05 6.20491604e-05 5.27216469e-05 4.56054403e-05
  4.00093122e-05 3.55033424e-05]
 [2.30450212e-04 1.21467910e-04 8.18256021e-05 6.09503129e-05
  4.80020383e-05 3.91895644e-05 3.28192739e-05 2.80142648e-05
  2.42729957e-05 2.12871845e-05]
 [1.78516549e-04 8.81156638e-05 5.74844673e-05 4.18553901e-05
  3.23554148e-05 2.59877597e-05 2.14421325e-05 1.80504595e-05
  1.54351813e-05 1.33664924e-05]
 [1.42385337e-04 6.61023361e-05 4.18274279e-05 2.97824612e-05
  2.25947422e-05 1.78455468e-05 1.44961763e-05 1.20239066e-05
  1.01363558e-05 8.65709393e-06]
 [1.16183681e-04 5.08993461e-05 3.12699837e-05 2.17743151e-05
  1.62051254e-05 1.25761706e-05 1.00476855e-05 8.20186576e-06
  6.80717160e-06 5.72498418e-06]
 [9.65568842e-05 4.00216006e-05 2.38855511e-05 1.62620249e-05
  1.18647211e-05 9.03871839e-06 7.09393735e-06 5.69059964e-06
  4.64199950e-06 3.83718149e-06]]

