GLT vs ZWF
X [  5.70584  68.47008 131.23432 193.99856 256.7628  319.52704 382.29128
 445.05552 507.81976 570.584  ]
Y [0.02658 0.31896 0.61134 0.90372 1.1961  1.48848 1.78086 2.07324 2.36562
 2.658  ]
[[7.73949638e-05 6.78997919e-05 5.90479217e-05 5.20404484e-05
  4.64730949e-05 4.19678436e-05 3.82551543e-05 3.51467567e-05
  3.25090170e-05 3.02449117e-05]
 [1.83845152e-03 1.40960948e-03 1.14939286e-03 9.73964782e-04
  8.47025637e-04 7.50639726e-04 6.74870054e-04 6.13730378e-04
  5.63380798e-04 5.21235367e-04]
 [5.22475562e-03 3.84126449e-03 3.05835569e-03 2.55045036e-03
  2.19287991e-03 1.92716517e-03 1.72198247e-03 1.55893981e-03
  1.42648329e-03 1.31696763e-03]
 [8.73521051e-03 6.64688331e-03 5.38215374e-03 4.53189568e-03
  3.92073305e-03 3.46080549e-03 3.10293798e-03 2.81734285e-03
  2.58487363e-03 2.39263720e-03]
 [1.12827819e-02 9.01201536e-03 7.52746003e-03 6.47834848e-03
  5.69700343e-03 5.09336640e-03 4.61428685e-03 4.22617285e-03
  3.90666195e-03 3.64023803e-03]
 [1.28371272e-02 1.06713279e-02 9.17691547e-03 8.07830049e-03
  7.23439844e-03 6.56604370e-03 6.02478894e-03 5.57903530e-03
  5.20714668e-03 4.89372059e-03]
 [1.36719013e-02 1.17023865e-02 1.02986790e-02 9.23944021e-03
  8.40776346e-03 7.73674656e-03 7.18468626e-03 6.72389559e-03
  6.33509081e-03 6.00430569e-03]
 [1.40383031e-02 1.22684224e-02 1.09856286e-02 1.00025809e-02
  9.21989381e-03 8.58051085e-03 8.04867475e-03 7.60048128e-03
  7.21914575e-03 6.89238727e-03]
 [1.41114956e-02 1.25161519e-02 1.13521053e-02 1.04529243e-02
  9.73122657e-03 9.13713403e-03 8.63946545e-03 8.21737339e-03
  7.85618741e-03 7.54514514e-03]
 [1.40044584e-02 1.25542471e-02 1.14953941e-02 1.06748894e-02
  1.00136735e-02 9.46702742e-03 9.00716197e-03 8.61556378e-03
  8.27922657e-03 7.98860932e-03]]

