CITRA_SYN vs ATP_syn
X [ 0.4  4.8  9.2 13.6 18.  22.4 26.8 31.2 35.6 40. ]
Y [  10.8733  130.4796  250.0859  369.6922  489.2985  608.9048  728.5111
  848.1174  967.7237 1087.33  ]
[[1.86740286e-02 1.56500538e-02 1.50507337e-02 1.46901081e-02
  1.44379462e-02 1.42466110e-02 1.40938362e-02 1.39675222e-02
  1.38604019e-02 1.37677874e-02]
 [3.50793960e-03 6.92068089e-04 5.37233323e-04 4.67070236e-04
  4.23518955e-04 3.92729295e-04 3.69286091e-04 3.50552121e-04
  3.35062521e-04 3.21927132e-04]
 [1.06335918e-03 1.70393483e-04 1.29171412e-04 1.10350213e-04
  9.87080236e-05 9.04944664e-05 8.42439002e-05 7.92462037e-05
  7.51089123e-05 7.15945924e-05]
 [4.88105961e-04 7.54047268e-05 5.66937948e-05 4.81251675e-05
  4.28253551e-05 3.90846299e-05 3.62352872e-05 3.39543988e-05
  3.20637010e-05 3.04554707e-05]
 [2.75585301e-04 4.23660664e-05 3.17181121e-05 2.68342391e-05
  2.38128144e-05 2.16791245e-05 2.00527482e-05 1.87497604e-05
  1.76687440e-05 1.67484231e-05]
 [1.75844446e-04 2.71116444e-05 2.02444979e-05 1.70917325e-05
  1.51408216e-05 1.37625724e-05 1.27114720e-05 1.18689034e-05
  1.11694610e-05 1.05736446e-05]
 [1.21572685e-04 1.88339049e-05 1.40383193e-05 1.18352175e-05
  1.04716955e-05 9.50812890e-06 8.77300192e-06 8.18348071e-06
  7.69389799e-06 7.27667686e-06]
 [8.89288042e-05 1.38446715e-05 1.03060123e-05 8.67961191e-06
  7.67286974e-06 6.96126271e-06 6.41821120e-06 5.98258900e-06
  5.62070376e-06 5.31221180e-06]
 [6.78220174e-05 1.06066993e-05 7.88776525e-06 6.63770659e-06
  5.86383016e-06 5.31672454e-06 4.89911885e-06 4.56404827e-06
  4.28562899e-06 4.04823357e-06]
 [5.34102181e-05 8.38651642e-06 6.23175171e-06 5.24083078e-06
  4.62732418e-06 4.19353303e-06 3.86236388e-06 3.59659959e-06
  3.37572546e-06 3.18736306e-06]]

