ATP_MAINTENANCE vs ACEA
X [ 0.130166  1.561992  2.993818  4.425644  5.85747   7.289296  8.721122
 10.152948 11.584774 13.0166  ]
Y [ 0.152595  1.83114   3.509685  5.18823   6.866775  8.54532  10.223865
 11.90241  13.580955 15.2595  ]
[[2.94577444e-12 1.31313539e-12 8.44687742e-13 6.22578507e-13
  4.92959064e-13 4.08014073e-13 3.48043074e-13 3.03444535e-13
  2.68979866e-13 2.41547338e-13]
 [2.03238632e-03 9.13808746e-04 6.29169510e-04 4.87581789e-04
  4.00793379e-04 3.41509310e-04 2.98191244e-04 2.65039459e-04
  2.38792322e-04 2.17464012e-04]
 [1.50779896e-03 6.78066839e-04 4.69358248e-04 3.65313626e-04
  3.01334366e-04 2.57493907e-04 2.25367957e-04 2.00717657e-04
  1.81155703e-04 1.65226279e-04]
 [1.33585922e-03 6.02220606e-04 4.17909069e-04 3.25871240e-04
  2.69183453e-04 2.30284076e-04 2.01743639e-04 1.79820799e-04
  1.62406717e-04 1.48214333e-04]
 [1.24996762e-03 5.64566776e-04 3.92355990e-04 3.06264596e-04
  2.53187748e-04 2.16736265e-04 1.89973086e-04 1.69402967e-04
  1.53054759e-04 1.39724829e-04]
 [1.19830751e-03 5.41988256e-04 3.77028596e-04 2.94498006e-04
  2.43583482e-04 2.08598204e-04 1.82899871e-04 1.63140502e-04
  1.47431328e-04 1.34618653e-04]
 [1.16376649e-03 5.26918896e-04 3.66796411e-04 2.86640251e-04
  2.37167665e-04 2.03160277e-04 1.78172288e-04 1.58953876e-04
  1.43671181e-04 1.31203771e-04]
 [1.13902633e-03 5.16138244e-04 3.59475016e-04 2.81016462e-04
  2.32574823e-04 1.99266674e-04 1.74786699e-04 1.55955214e-04
  1.40977607e-04 1.28757228e-04]
 [1.12042600e-03 5.08039926e-04 3.53974522e-04 2.76790602e-04
  2.29123055e-04 1.96339986e-04 1.72241525e-04 1.53700656e-04
  1.38952221e-04 1.26917424e-04]
 [1.10592845e-03 5.01731910e-04 3.49689576e-04 2.73498139e-04
  2.26433352e-04 1.94059175e-04 1.70257832e-04 1.51943302e-04
  1.37373372e-04 1.25483147e-04]]

