ATP_syn vs ZWF
X [  10.8733  130.4796  250.0859  369.6922  489.2985  608.9048  728.5111
  848.1174  967.7237 1087.33  ]
Y [0.02658 0.31896 0.61134 0.90372 1.1961  1.48848 1.78086 2.07324 2.36562
 2.658  ]
[[0.00918672 0.00401319 0.00215707 0.00156221 0.00125651 0.0010609
  0.00092236 0.00081812 0.0007364  0.00067042]
 [0.00126985 0.00099714 0.00082387 0.00070415 0.00061608 0.00054835
  0.00049458 0.00045081 0.00041449 0.00038389]
 [0.00098219 0.00078441 0.00065712 0.00056769 0.00050091 0.00044889
  0.00040709 0.0003727  0.00034388 0.00031936]
 [0.00085432 0.00068789 0.00058011 0.00050382 0.00044647 0.00040152
  0.00036522 0.00033521 0.00030994 0.00028836]
 [0.00077578 0.00062765 0.00053136 0.0004629  0.00041123 0.00037061
  0.00033769 0.00031041 0.00028738 0.00026765]
 [0.00072063 0.00058489 0.00049643 0.00043335 0.00038562 0.000348
  0.00031746 0.00029209 0.00027065 0.00025226]
 [0.00067884 0.00055225 0.00046959 0.00041051 0.00036573 0.00033037
  0.00030162 0.00027772 0.00025748 0.0002401 ]
 [0.00064558 0.00052612 0.000448   0.00039206 0.0003496  0.00031603
  0.00028871 0.00026596 0.00024669 0.00023013]
 [0.00061817 0.00050449 0.00043005 0.00037668 0.00033611 0.00030401
  0.00027785 0.00025606 0.00023759 0.0002217 ]
 [0.000595   0.00048613 0.00041477 0.00036354 0.00032457 0.0002937
  0.00026853 0.00024755 0.00022975 0.00021443]]

