GLT vs ACEA
X [  5.70584  68.47008 131.23432 193.99856 256.7628  319.52704 382.29128
 445.05552 507.81976 570.584  ]
Y [ 0.152595  1.83114   3.509685  5.18823   6.866775  8.54532  10.223865
 11.90241  13.580955 15.2595  ]
[[9.95660598e-05 6.54079292e-05 4.89651241e-05 3.91986268e-05
  3.27063100e-05 2.80709838e-05 2.45928577e-05 2.18854583e-05
  1.97175560e-05 1.79421856e-05]
 [3.26749303e-03 1.33279088e-03 9.00694777e-04 6.92365916e-04
  5.66605965e-04 4.81485904e-04 4.19669139e-04 3.72565593e-04
  3.35393289e-04 3.05262699e-04]
 [1.06453945e-02 3.58113931e-03 2.28166302e-03 1.71223208e-03
  1.38505987e-03 1.17008152e-03 1.01694155e-03 9.01784843e-04
  8.11757775e-04 7.39283095e-04]
 [1.46142753e-02 6.19887476e-03 3.96634839e-03 2.97197243e-03
  2.40247758e-03 2.03025421e-03 1.76635623e-03 1.56866586e-03
  1.41456780e-03 1.29078784e-03]
 [1.59543466e-02 8.47569990e-03 5.65305433e-03 4.30522683e-03
  3.51244657e-03 2.98750264e-03 2.61259877e-03 2.33046159e-03
  2.10984322e-03 1.93221327e-03]
 [1.62660641e-02 1.01393172e-02 7.12635442e-03 5.56791895e-03
  4.61497122e-03 3.96935584e-03 3.50131023e-03 3.14534915e-03
  2.86481775e-03 2.63757293e-03]
 [1.61452014e-02 1.12246564e-02 8.29849465e-03 6.67062021e-03
  5.63478974e-03 4.91466756e-03 4.38301519e-03 3.97315901e-03
  3.64673761e-03 3.38008274e-03]
 [1.58287069e-02 1.18621273e-02 9.16912885e-03 7.57736914e-03
  6.52767776e-03 5.77976431e-03 5.21745752e-03 4.77781626e-03
  4.42370162e-03 4.13173188e-03]
 [1.54233712e-02 1.21807718e-02 9.77782949e-03 8.28849749e-03
  7.27651137e-03 6.53981938e-03 5.97678636e-03 5.53079673e-03
  5.16771738e-03 4.86567391e-03]
 [1.49818410e-02 1.22817890e-02 1.01747955e-02 8.82309148e-03
  7.88263559e-03 7.18578872e-03 6.64575941e-03 6.21315113e-03
  5.85766407e-03 5.55960306e-03]]

