time0 0
timef 7200
npoints 100
XVmax 0.5 to 2.0
YVmax 0.5 to 2.0
datapoints 10

CITRA_SYN vs GLT
X [2.         2.66666667 3.33333333 4.         4.66666667 5.33333333
 6.         6.66666667 7.33333333 8.        ]
Y [ 28.5292      38.03893333  47.54866667  57.0584      66.56813333
  76.07786667  85.5876      95.09733333 104.60706667 114.1168    ]
[[0.00185813 0.00280962 0.00387747 0.00500856 0.00614889 0.00725311
  0.00828879 0.00923628 0.01008632 0.01083713]
 [0.00101234 0.00151458 0.00209714 0.00275084 0.00346155 0.00421177
  0.00498276 0.00575649 0.00651718 0.00725201]
 [0.00063607 0.00093758 0.00128658 0.00168253 0.00212302 0.00260376
  0.00311874 0.00366068 0.00422154 0.00479308]
 [0.00043726 0.00063629 0.00086436 0.00112226 0.00141014 0.00172743
  0.00207275 0.00244393 0.00283806 0.00325163]
 [0.00031949 0.00046011 0.00061947 0.00079835 0.00099735 0.00121676
  0.00145655 0.00171632 0.00199528 0.00229225]
 [0.0002439  0.00034833 0.00046546 0.00059591 0.0007402  0.00089878
  0.00107194 0.0012598  0.00146231 0.00167922]
 [0.00019245 0.00027299 0.0003625  0.00046144 0.00057023 0.00068925
  0.00081881 0.00095918 0.00111052 0.00127291]
 [0.00015581 0.00021978 0.00029032 0.00036776 0.0004524  0.00054456
  0.00064452 0.00075251 0.00086876 0.00099343]
 [0.00012878 0.0001808  0.00023777 0.00029993 0.00036751 0.00044075
  0.00051987 0.00060509 0.00069659 0.00079456]
 [0.00010825 0.00015139 0.00019833 0.00024928 0.00030439 0.00036386
  0.00042787 0.00049658 0.00057015 0.00064875]]

CITRA_SYN vs LPD
X [2.         2.66666667 3.33333333 4.         4.66666667 5.33333333
 6.         6.66666667 7.33333333 8.        ]
Y [0.03422065 0.04562753 0.05703442 0.0684413  0.07984818 0.09125507
 0.10266195 0.11406883 0.12547572 0.1368826 ]
[[0.01045794 0.00812    0.00632382 0.00500856 0.00406219 0.00337612
  0.0028684  0.0024832  0.00218368 0.0019455 ]
 [0.00665427 0.00477867 0.00354997 0.00275084 0.00221566 0.00184201
  0.00157027 0.00136541 0.00120623 0.00107938]
 [0.00430907 0.00296468 0.00217148 0.00168253 0.00136185 0.00113907
  0.00097673 0.00085377 0.00075771 0.00068073]
 [0.00290313 0.00196332 0.00143939 0.00112226 0.00091458 0.00076966
  0.0006634  0.00058243 0.00051879 0.00046753]
 [0.00204397 0.00137816 0.00101661 0.00079835 0.00065472 0.00055382
  0.00047938 0.00042231 0.00037725 0.00034079]
 [0.001499   0.00101443 0.00075382 0.00059591 0.0004913  0.00041735
  0.00036246 0.00032019 0.00028666 0.00025944]
 [0.00113873 0.00077552 0.00058039 0.00046144 0.00038213 0.00032572
  0.00028366 0.00025112 0.00022523 0.00020415]
 [0.00089101 0.00061114 0.0004603  0.00036776 0.00030567 0.00026128
  0.00022805 0.00020225 0.00018167 0.00016486]
 [0.0007146  0.00049358 0.00037386 0.00029993 0.00025006 0.00021426
  0.00018735 0.0001664  0.00014965 0.00013594]
 [0.00058506 0.00040676 0.00030962 0.00024928 0.00020837 0.00017889
  0.00015667 0.00013933 0.00012543 0.00011404]]

GLT vs LPD
X [ 28.5292      38.03893333  47.54866667  57.0584      66.56813333
  76.07786667  85.5876      95.09733333 104.60706667 114.1168    ]
Y [0.03422065 0.04562753 0.05703442 0.0684413  0.07984818 0.09125507
 0.10266195 0.11406883 0.12547572 0.1368826 ]
[[0.00101206 0.00070926 0.00054194 0.00043726 0.00036601 0.00031452
  0.00027563 0.00024524 0.00022086 0.00020087]
 [0.00154785 0.0010629  0.00079859 0.00063629 0.00052762 0.00045013
  0.00039224 0.00034741 0.00031171 0.00028261]
 [0.00218354 0.00148138 0.00109745 0.00086436 0.00071032 0.00060178
  0.00052149 0.00045983 0.00041106 0.00037155]
 [0.00290313 0.00196332 0.00143939 0.00112226 0.00091458 0.00076966
  0.0006634  0.00058243 0.00051879 0.00046753]
 [0.00368331 0.00250311 0.00182368 0.00141014 0.00114057 0.00095384
  0.00081795 0.0007151  0.00063476 0.00057038]
 [0.00449885 0.00309143 0.00224784 0.00172743 0.00138814 0.00115422
  0.000985   0.00085768 0.00075877 0.00067989]
 [0.00532671 0.00371653 0.00270771 0.00207275 0.00165675 0.00137049
  0.00116432 0.00100995 0.0008906  0.00079583]
 [0.00614801 0.00436573 0.00319769 0.00244393 0.0019455  0.00160218
  0.00135556 0.00117162 0.00102999 0.00091798]
 [0.00694839 0.00502667 0.00371121 0.00283806 0.00225306 0.0018486
  0.0015583  0.00134237 0.00117667 0.00104607]
 [0.00771756 0.00568828 0.00424123 0.00325163 0.00257776 0.00210887
  0.00177198 0.00152179 0.00133031 0.00117984]]

