GLT vs ATP_syn
X [ 5.70584 11.41168 17.11752 22.82336 28.5292  34.23504 39.94088 45.64672
 51.35256 57.0584 ]
Y [ 10.8733  21.7466  32.6199  43.4932  54.3665  65.2398  76.1131  86.9864
  97.8597 108.733 ]
[[3.73624206e-04 1.84620781e-04 1.47738272e-04 1.22249792e-04
  1.05528157e-04 9.38123584e-05 8.52742332e-05 7.88208408e-05
  7.37727676e-05 6.97022551e-05]
 [8.03100735e-04 3.81132205e-04 3.10329005e-04 2.57733174e-04
  2.22893544e-04 1.98379358e-04 1.80485707e-04 1.66961270e-04
  1.56389646e-04 1.47872829e-04]
 [1.26953987e-03 5.88651164e-04 4.87782761e-04 4.06726979e-04
  3.52453649e-04 3.14088923e-04 2.86034686e-04 2.64827765e-04
  2.48261812e-04 2.34927260e-04]
 [1.75820351e-03 8.06392746e-04 6.79993120e-04 5.69427349e-04
  4.94507437e-04 4.41285440e-04 4.02287968e-04 3.72800968e-04
  3.49780227e-04 3.31265409e-04]
 [2.25827251e-03 1.03366894e-03 8.86732114e-04 7.45939190e-04
  6.49283951e-04 5.80258872e-04 5.29569533e-04 4.91226446e-04
  4.61306636e-04 4.37262463e-04]
 [2.76203510e-03 1.26988406e-03 1.10765366e-03 9.36266034e-04
  8.16930613e-04 7.31233375e-04 6.68148787e-04 6.20403960e-04
  5.83163530e-04 5.53259394e-04]
 [3.26411867e-03 1.51451546e-03 1.34229505e-03 1.14030179e-03
  9.97504073e-04 8.94355854e-04 8.18229664e-04 7.60576526e-04
  7.15623375e-04 6.79552292e-04]
 [3.76075681e-03 1.76709820e-03 1.59008363e-03 1.35782382e-03
  1.19095639e-03 1.06968501e-03 9.79939264e-04 9.11919197e-04
  8.58897139e-04 8.16381169e-04]
 [4.24939836e-03 2.02720855e-03 1.85034438e-03 1.58848897e-03
  1.39713086e-03 1.25718137e-03 1.15331728e-03 1.07452794e-03
  1.01312374e-03 9.63918672e-04]
 [4.72831713e-03 2.29444604e-03 2.12231015e-03 1.83183036e-03
  1.61575348e-03 1.45669904e-03 1.33830657e-03 1.24840979e-03
  1.17835843e-03 1.12225919e-03]]

