GLT vs GDH
X [  5.70584  68.47008 131.23432 193.99856 256.7628  319.52704 382.29128
 445.05552 507.81976 570.584  ]
Y [ 0.866573 10.398876 19.931179 29.463482 38.995785 48.528088 58.060391
 67.592694 77.124997 86.6573  ]
[[-1.00000000e-04  6.00919507e-05  2.99469321e-05  1.77364446e-05
   1.16194673e-05 -1.00000000e-04 -1.00000000e-04  4.48627142e-06
   3.48042580e-06 -1.00000000e-04]
 [-1.00000000e-04  1.26881668e-03 -1.00000000e-04 -1.00000000e-04
   2.51905335e-04  1.76308790e-04  1.28938679e-04  9.74464966e-05
  -1.00000000e-04  5.98059290e-05]
 [-1.00000000e-04 -1.00000000e-04  1.89689214e-03  1.16452840e-03
  -1.00000000e-04 -1.00000000e-04 -1.00000000e-04  3.04471751e-04
   2.36320999e-04 -1.00000000e-04]
 [-1.00000000e-04  6.23093224e-03 -1.00000000e-04  2.35561944e-03
  -1.00000000e-04 -1.00000000e-04 -1.00000000e-04 -1.00000000e-04
  -1.00000000e-04 -1.00000000e-04]
 [-1.00000000e-04  8.55747869e-03 -1.00000000e-04  3.73792044e-03
  -1.00000000e-04 -1.00000000e-04  1.49138227e-03 -1.00000000e-04
  -1.00000000e-04 -1.00000000e-04]
 [-1.00000000e-04  1.02198299e-02 -1.00000000e-04 -1.00000000e-04
  -1.00000000e-04 -1.00000000e-04 -1.00000000e-04 -1.00000000e-04
  -1.00000000e-04 -1.00000000e-04]
 [-1.00000000e-04  1.12707239e-02  8.14699884e-03  6.11620255e-03
  -1.00000000e-04 -1.00000000e-04 -1.00000000e-04 -1.00000000e-04
  -1.00000000e-04 -1.00000000e-04]
 [-1.00000000e-04  1.18613361e-02  8.89861524e-03  6.89618303e-03
  -1.00000000e-04  4.40050063e-03  3.59166251e-03 -1.00000000e-04
  -1.00000000e-04 -1.00000000e-04]
 [-1.00000000e-04 -1.00000000e-04  9.35064805e-03 -1.00000000e-04
  -1.00000000e-04  4.92800047e-03 -1.00000000e-04 -1.00000000e-04
   2.91113941e-03  2.48381299e-03]
 [-1.00000000e-04  1.21950416e-02 -1.00000000e-04 -1.00000000e-04
  -1.00000000e-04  5.29637907e-03 -1.00000000e-04  3.79609492e-03
  -1.00000000e-04 -1.00000000e-04]]

