ATP_MAINTENANCE vs GDH
X [ 0.130166  1.561992  2.993818  4.425644  5.85747   7.289296  8.721122
 10.152948 11.584774 13.0166  ]
Y [ 0.866573 10.398876 19.931179 29.463482 38.995785 48.528088 58.060391
 67.592694 77.124997 86.6573  ]
[[-1.00000000e-04 -1.00000000e-04 -1.00000000e-04 -1.00000000e-04
  -1.00000000e-04 -1.00000000e-04 -1.00000000e-04 -1.00000000e-04
  -1.00000000e-04 -1.00000000e-04]
 [-1.00000000e-04 -1.00000000e-04 -1.00000000e-04  2.63494560e-04
  -1.00000000e-04  1.21907337e-04  8.94179085e-05  6.77857628e-05
  -1.00000000e-04  4.18634603e-05]
 [-1.00000000e-04  6.52309810e-04 -1.00000000e-04  2.05184912e-04
  -1.00000000e-04  9.62672626e-05  7.10533038e-05  5.41892820e-05
   4.23968866e-05  3.38588085e-05]
 [-1.00000000e-04  5.82346027e-04  3.06247342e-04  1.85606861e-04
   1.23537154e-04  8.74450297e-05  6.46559586e-05 -1.00000000e-04
  -1.00000000e-04  3.09609915e-05]
 [-1.00000000e-04  5.47472594e-04 -1.00000000e-04 -1.00000000e-04
  -1.00000000e-04  8.29562504e-05  6.13878678e-05 -1.00000000e-04
   3.68068281e-05 -1.00000000e-04]
 [-1.00000000e-04  5.26511994e-04  2.79330171e-04  1.69746107e-04
  -1.00000000e-04  8.02285152e-05  5.93979008e-05  4.54321394e-05
   3.56449953e-05  2.85441786e-05]
 [-1.00000000e-04  5.12500485e-04  2.72536022e-04  1.65731111e-04
   1.10548850e-04  7.83924344e-05  5.80567805e-05 -1.00000000e-04
  -1.00000000e-04 -1.00000000e-04]
 [-1.00000000e-04  5.02465326e-04  2.67659706e-04 -1.00000000e-04
   1.08658403e-04  7.70710881e-05  5.70908388e-05  4.36892495e-05
   3.42937735e-05  2.74746425e-05]
 [-1.00000000e-04  4.94920600e-04  2.63987747e-04  1.60672932e-04
   1.07232926e-04  7.60741443e-05  5.63616109e-05  4.31377569e-05
  -1.00000000e-04  2.71354827e-05]
 [-1.00000000e-04  4.89039880e-04  2.61122120e-04  1.58975643e-04
  -1.00000000e-04  7.52949660e-05  5.57914149e-05  4.27063422e-05
   3.35307764e-05  2.68699292e-05]]

