ATP_syn vs ZWF
X [  10.8733  130.4796  250.0859  369.6922  489.2985  608.9048  728.5111
  848.1174  967.7237 1087.33  ]
Y [0.02658 0.31896 0.61134 0.90372 1.1961  1.48848 1.78086 2.07324 2.36562
 2.658  ]
[[-0.0001     -0.0001     -0.0001     -0.0001     -0.0001     -0.0001
  -0.0001     -0.0001     -0.0001     -0.0001    ]
 [-0.0001      0.00099714  0.00082387  0.00070415  0.00061608 -0.0001
   0.00049458  0.00045081  0.00041449  0.00038389]
 [-0.0001     -0.0001      0.00065712 -0.0001     -0.0001     -0.0001
   0.00040709  0.0003727   0.00034388  0.00031936]
 [ 0.00085432  0.00068789 -0.0001     -0.0001     -0.0001      0.00040152
  -0.0001      0.00033521 -0.0001     -0.0001    ]
 [ 0.00077578  0.00062765 -0.0001     -0.0001      0.00041123  0.00037061
  -0.0001     -0.0001     -0.0001      0.00026765]
 [ 0.00072063 -0.0001      0.00049643  0.00043335 -0.0001     -0.0001
   0.00031746  0.00029209 -0.0001     -0.0001    ]
 [ 0.00067884  0.00055225 -0.0001      0.00041051  0.00036573  0.00033037
   0.00030162  0.00027772 -0.0001      0.0002401 ]
 [ 0.00064558  0.00052612 -0.0001      0.00039206  0.0003496   0.00031603
   0.00028871  0.00026596  0.00024669 -0.0001    ]
 [ 0.00061817  0.00050449  0.00043005 -0.0001      0.00033611  0.00030401
  -0.0001      0.00025606 -0.0001      0.0002217 ]
 [ 0.000595   -0.0001      0.00041477  0.00036354 -0.0001     -0.0001
  -0.0001      0.00024755  0.00022975  0.00021443]]

