CITRA_SYN vs LPD
X [ 0.4  4.8  9.2 13.6 18.  22.4 26.8 31.2 35.6 40. ]
Y [0.00684413 0.08212956 0.15741499 0.23270042 0.30798585 0.38327128
 0.45855671 0.53384214 0.60912757 0.684413  ]
[[-1.00000000e-04  1.52315749e-02 -1.00000000e-04  8.65756338e-03
  -1.00000000e-04 -1.00000000e-04 -1.00000000e-04 -1.00000000e-04
  -1.00000000e-04  3.16468023e-03]
 [ 7.27052445e-03  5.94655138e-04  2.74093054e-04  1.77450277e-04
   1.31112512e-04 -1.00000000e-04 -1.00000000e-04 -1.00000000e-04
  -1.00000000e-04  5.68177844e-05]
 [ 2.28350569e-03 -1.00000000e-04  7.40788109e-05  4.90399422e-05
  -1.00000000e-04 -1.00000000e-04 -1.00000000e-04  2.08365270e-05
  -1.00000000e-04 -1.00000000e-04]
 [-1.00000000e-04  6.75002047e-05  3.39347350e-05 -1.00000000e-04
  -1.00000000e-04  1.36014589e-05 -1.00000000e-04  9.71801875e-06
   8.50394049e-06  7.55950621e-06]
 [-1.00000000e-04 -1.00000000e-04  1.94079035e-05 -1.00000000e-04
   9.78426023e-06  7.83995989e-06  6.54022465e-06  5.61012614e-06
   4.91161927e-06  4.36778596e-06]
 [ 3.23488304e-04  2.44917771e-05  1.25546195e-05  8.43831015e-06
  -1.00000000e-04  5.09583925e-06  4.25336775e-06  3.64992650e-06
  -1.00000000e-04 -1.00000000e-04]
 [-1.00000000e-04 -1.00000000e-04  8.78485445e-06  5.91498397e-06
   4.45827726e-06  3.57723349e-06  2.98693442e-06  2.56385033e-06
   2.24574728e-06  1.99786530e-06]
 [ 1.53444824e-04  1.25566169e-05  6.49133152e-06 -1.00000000e-04
   3.30066265e-06  2.64943933e-06  2.21283248e-06 -1.00000000e-04
   1.66429436e-06  1.48075954e-06]
 [-1.00000000e-04  9.63193820e-06  4.99262061e-06  3.36910113e-06
   2.54228742e-06  2.04130384e-06 -1.00000000e-04  1.46420972e-06
  -1.00000000e-04  1.14149330e-06]
 [ 8.85281005e-05 -1.00000000e-04  3.95960726e-06  2.67399848e-06
   2.01854466e-06  1.62114904e-06  1.35448282e-06 -1.00000000e-04
  -1.00000000e-04 -1.00000000e-04]]

