GDH vs ATP_syn
X [ 0.866573 10.398876 19.931179 29.463482 38.995785 48.528088 58.060391
 67.592694 77.124997 86.6573  ]
Y [  10.8733  130.4796  250.0859  369.6922  489.2985  608.9048  728.5111
  848.1174  967.7237 1087.33  ]
[[-1.00000000e-04 -1.00000000e-04 -1.00000000e-04 -1.00000000e-04
  -1.00000000e-04 -1.00000000e-04 -1.00000000e-04 -1.00000000e-04
  -1.00000000e-04 -1.00000000e-04]
 [-1.00000000e-04  8.96349700e-04 -1.00000000e-04 -1.00000000e-04
   5.75312677e-04  5.37939493e-04 -1.00000000e-04  4.86437102e-04
  -1.00000000e-04 -1.00000000e-04]
 [-1.00000000e-04 -1.00000000e-04  3.67704559e-04  3.28562616e-04
   3.03777701e-04 -1.00000000e-04  2.72313761e-04  2.61285560e-04
   2.52105005e-04  2.44275728e-04]
 [-1.00000000e-04 -1.00000000e-04 -1.00000000e-04  1.98464532e-04
   1.84030684e-04  1.73630570e-04 -1.00000000e-04 -1.00000000e-04
  -1.00000000e-04 -1.00000000e-04]
 [-1.00000000e-04  1.77732102e-04  1.46253580e-04  1.31678914e-04
  -1.00000000e-04  1.15588219e-04  1.10357705e-04 -1.00000000e-04
   1.02583540e-04 -1.00000000e-04]
 [-1.00000000e-04 -1.00000000e-04  1.02937015e-04  9.29267104e-05
  -1.00000000e-04 -1.00000000e-04  7.81628955e-05  7.52129833e-05
   7.27437992e-05 -1.00000000e-04]
 [-1.00000000e-04 -1.00000000e-04  7.57033562e-05  6.85094794e-05
   6.38516249e-05 -1.00000000e-04  5.78128582e-05  5.56631465e-05
  -1.00000000e-04  5.23145904e-05]
 [-1.00000000e-04  6.89384155e-05  5.75361170e-05 -1.00000000e-04
   4.87101273e-05 -1.00000000e-04  4.41757227e-05 -1.00000000e-04
  -1.00000000e-04  4.00263511e-05]
 [-1.00000000e-04 -1.00000000e-04 -1.00000000e-04  4.07878017e-05
   3.81192877e-05 -1.00000000e-04  3.46246872e-05 -1.00000000e-04
  -1.00000000e-04 -1.00000000e-04]
 [-1.00000000e-04 -1.00000000e-04  3.57125971e-05  3.25388843e-05
   3.04497653e-05  2.89093903e-05  2.76998370e-05 -1.00000000e-04
   2.58760879e-05  2.51577159e-05]]

