ATP_syn vs ACEA
X [  10.8733  130.4796  250.0859  369.6922  489.2985  608.9048  728.5111
  848.1174  967.7237 1087.33  ]
Y [ 0.152595  1.83114   3.509685  5.18823   6.866775  8.54532  10.223865
 11.90241  13.580955 15.2595  ]
[[-0.0001     -0.0001     -0.0001     -0.0001     -0.0001     -0.0001
  -0.0001     -0.0001     -0.0001     -0.0001    ]
 [-0.0001      0.0009459   0.00065139  0.00050469 -0.0001      0.00035329
   0.0003084  -0.0001      0.00024685  0.00022476]
 [ 0.00163595  0.00074277  0.00051412  0.00039985 -0.0001     -0.0001
   0.00024612 -0.0001     -0.0001      0.00018014]
 [-0.0001      0.0006508   0.00045157  0.00035185  0.00029042 -0.0001
  -0.0001      0.00019363 -0.0001      0.00015944]
 [ 0.00130203  0.00059356  0.00041256  0.00032187 -0.0001      0.00022752
   0.00019933  0.00017767 -0.0001     -0.0001    ]
 [ 0.00121085 -0.0001      0.0003849   0.00030058 -0.0001     -0.0001
   0.00018649  0.0001663   0.00015025 -0.0001    ]
 [ 0.00114116  0.00052208  0.00036379 -0.0001      0.00023524  0.00020148
  -0.0001      0.0001576   0.00014243  0.00013005]
 [ 0.00108531 -0.0001      0.0003469   0.00027131  0.00022458  0.00019244
  -0.0001     -0.0001      0.00013615  0.00012435]
 [ 0.00103904 -0.0001     -0.0001      0.00026054  0.00021576  0.00018494
   0.00016227 -0.0001      0.00013094 -0.0001    ]
 [-0.0001      0.00045953 -0.0001      0.00025139 -0.0001      0.00017857
   0.00015672 -0.0001      0.00012652  0.00011559]]

