LPD vs ATP_syn
X [0.00684413 0.08212956 0.15741499 0.23270042 0.30798585 0.38327128
 0.45855671 0.53384214 0.60912757 0.684413  ]
Y [  10.8733  130.4796  250.0859  369.6922  489.2985  608.9048  728.5111
  848.1174  967.7237 1087.33  ]
[[-1.00000000e-04  8.96649316e-03  7.62862445e-03  6.90682401e-03
   6.42050645e-03  6.05835403e-03 -1.00000000e-04  5.53719066e-03
  -1.00000000e-04 -1.00000000e-04]
 [-1.00000000e-04  8.12594122e-04  6.31910370e-04  5.51102794e-04
   5.01170193e-04 -1.00000000e-04  4.39238804e-04  4.17923483e-04
   4.00336357e-04  3.85451584e-04]
 [-1.00000000e-04  3.63439694e-04 -1.00000000e-04  2.39679132e-04
   2.16750490e-04  2.00757125e-04  1.88707028e-04 -1.00000000e-04
   1.71325756e-04 -1.00000000e-04]
 [-1.00000000e-04  2.32824692e-04  1.76637446e-04 -1.00000000e-04
   1.37428507e-04 -1.00000000e-04 -1.00000000e-04  1.13288971e-04
   1.08277589e-04  1.04060827e-04]
 [-1.00000000e-04  1.71123228e-04 -1.00000000e-04  1.11425516e-04
  -1.00000000e-04 -1.00000000e-04 -1.00000000e-04 -1.00000000e-04
  -1.00000000e-04 -1.00000000e-04]
 [-1.00000000e-04  1.35238734e-04  1.02151700e-04 -1.00000000e-04
   7.92065645e-05 -1.00000000e-04  6.87131029e-05  6.51612429e-05
   6.22541001e-05 -1.00000000e-04]
 [-1.00000000e-04 -1.00000000e-04 -1.00000000e-04  7.24984331e-05
   6.53462157e-05 -1.00000000e-04  5.66680769e-05  5.37323809e-05
   5.13302276e-05 -1.00000000e-04]
 [-1.00000000e-04  9.52571812e-05  7.18216719e-05 -1.00000000e-04
   5.56112937e-05  5.13834074e-05 -1.00000000e-04  4.57118550e-05
   4.36653277e-05 -1.00000000e-04]
 [-1.00000000e-04  8.29857649e-05 -1.00000000e-04  5.37173080e-05
   4.83994197e-05  4.47148376e-05 -1.00000000e-04 -1.00000000e-04
   3.79910184e-05  3.64933624e-05]
 [-1.00000000e-04  7.35140885e-05  5.53732026e-05 -1.00000000e-04
   4.28426269e-05 -1.00000000e-04  3.71306380e-05  3.52001773e-05
  -1.00000000e-04  3.22948720e-05]]

