GLT vs LPD
X [  5.70584  68.47008 131.23432 193.99856 256.7628  319.52704 382.29128
 445.05552 507.81976 570.584  ]
Y [0.00684413 0.08212956 0.15741499 0.23270042 0.30798585 0.38327128
 0.45855671 0.53384214 0.60912757 0.684413  ]
[[ 6.23697667e-04  5.80531861e-05 -1.00000000e+00  2.04365246e-05
   1.54341872e-05  1.23990493e-05 -1.00000000e+00  8.89895677e-06
  -1.00000000e+00  6.93987688e-06]
 [ 1.09308954e-02  1.14363124e-03  4.99642521e-04  3.17282912e-04
  -1.00000000e+00  1.82999516e-04 -1.00000000e+00  1.28510368e-04
   1.11850195e-04 -1.00000000e+00]
 [ 1.63238510e-02 -1.00000000e+00  1.18172792e-03  7.11762125e-04
   5.07246978e-04  3.93610374e-04  3.21441824e-04  2.71587476e-04
   2.35098771e-04 -1.00000000e+00]
 [ 1.82861934e-02 -1.00000000e+00 -1.00000000e+00 -1.00000000e+00
  -1.00000000e+00 -1.00000000e+00  5.02234863e-04 -1.00000000e+00
  -1.00000000e+00 -1.00000000e+00]
 [ 1.86244161e-02  7.66501260e-03  2.92601645e-03  1.63773981e-03
  -1.00000000e+00 -1.00000000e+00  6.82536191e-04  5.70318554e-04
  -1.00000000e+00 -1.00000000e+00]
 [ 1.83120928e-02 -1.00000000e+00 -1.00000000e+00 -1.00000000e+00
   1.42893286e-03 -1.00000000e+00 -1.00000000e+00 -1.00000000e+00
  -1.00000000e+00  5.33302531e-04]
 [ 1.77603200e-02 -1.00000000e+00  4.74763632e-03 -1.00000000e+00
  -1.00000000e+00 -1.00000000e+00 -1.00000000e+00 -1.00000000e+00
  -1.00000000e+00 -1.00000000e+00]
 [ 1.71282221e-02 -1.00000000e+00  5.55265427e-03 -1.00000000e+00
  -1.00000000e+00 -1.00000000e+00 -1.00000000e+00  9.75235498e-04
  -1.00000000e+00 -1.00000000e+00]
 [-1.00000000e+00 -1.00000000e+00 -1.00000000e+00  3.46002022e-03
  -1.00000000e+00 -1.00000000e+00  1.32658160e-03 -1.00000000e+00
  -1.00000000e+00 -1.00000000e+00]
 [ 1.58473214e-02 -1.00000000e+00 -1.00000000e+00 -1.00000000e+00
   2.52876153e-03 -1.00000000e+00  1.46361286e-03 -1.00000000e+00
  -1.00000000e+00  8.88946416e-04]]

GLT vs LPD
X [  5.70584  68.47008 131.23432 193.99856 256.7628  319.52704 382.29128
 445.05552 507.81976 570.584  ]
Y [0.00684413 0.08212956 0.15741499 0.23270042 0.30798585 0.38327128
 0.45855671 0.53384214 0.60912757 0.684413  ]
[[ 6.23697667e-04  5.80531861e-05 -1.00000000e+00  2.04365246e-05
   1.54341872e-05  1.23990493e-05 -1.00000000e+00  8.89895677e-06
  -1.00000000e+00  6.93987688e-06]
 [ 1.09308954e-02  1.14363124e-03  4.99642521e-04  3.17282912e-04
  -1.00000000e+00  1.82999516e-04 -1.00000000e+00  1.28510368e-04
   1.11850195e-04 -1.00000000e+00]
 [ 1.63238510e-02 -1.00000000e+00  1.18172792e-03  7.11762125e-04
   5.07246978e-04  3.93610374e-04  3.21441824e-04  2.71587476e-04
   2.35098771e-04 -1.00000000e+00]
 [ 1.82861934e-02 -1.00000000e+00 -1.00000000e+00 -1.00000000e+00
  -1.00000000e+00 -1.00000000e+00  5.02234863e-04 -1.00000000e+00
  -1.00000000e+00 -1.00000000e+00]
 [ 1.86244161e-02  7.66501260e-03  2.92601645e-03  1.63773981e-03
  -1.00000000e+00 -1.00000000e+00  6.82536191e-04  5.70318554e-04
  -1.00000000e+00 -1.00000000e+00]
 [ 1.83120928e-02 -1.00000000e+00 -1.00000000e+00 -1.00000000e+00
   1.42893286e-03 -1.00000000e+00 -1.00000000e+00 -1.00000000e+00
  -1.00000000e+00  5.33302531e-04]
 [ 1.77603200e-02 -1.00000000e+00  4.74763632e-03 -1.00000000e+00
  -1.00000000e+00 -1.00000000e+00 -1.00000000e+00 -1.00000000e+00
  -1.00000000e+00 -1.00000000e+00]
 [ 1.71282221e-02 -1.00000000e+00  5.55265427e-03 -1.00000000e+00
  -1.00000000e+00 -1.00000000e+00 -1.00000000e+00  9.75235498e-04
  -1.00000000e+00 -1.00000000e+00]
 [-1.00000000e+00 -1.00000000e+00 -1.00000000e+00  3.46002022e-03
  -1.00000000e+00 -1.00000000e+00  1.32658160e-03 -1.00000000e+00
  -1.00000000e+00 -1.00000000e+00]
 [ 1.58473214e-02 -1.00000000e+00 -1.00000000e+00 -1.00000000e+00
   2.52876153e-03 -1.00000000e+00  1.46361286e-03 -1.00000000e+00
  -1.00000000e+00  8.88946416e-04]]

GLT vs LPD
X [  5.70584  68.47008 131.23432 193.99856 256.7628  319.52704 382.29128
 445.05552 507.81976 570.584  ]
Y [0.00684413 0.08212956 0.15741499 0.23270042 0.30798585 0.38327128
 0.45855671 0.53384214 0.60912757 0.684413  ]
[[ 6.23697667e-04  5.80531861e-05 -1.00000000e-04  2.04365246e-05
   1.54341872e-05  1.23990493e-05 -1.00000000e-04  8.89895677e-06
  -1.00000000e-04  6.93987688e-06]
 [ 1.09308954e-02  1.14363124e-03  4.99642521e-04  3.17282912e-04
  -1.00000000e-04  1.82999516e-04 -1.00000000e-04  1.28510368e-04
   1.11850195e-04 -1.00000000e-04]
 [ 1.63238510e-02 -1.00000000e-04  1.18172792e-03  7.11762125e-04
   5.07246978e-04  3.93610374e-04  3.21441824e-04  2.71587476e-04
   2.35098771e-04 -1.00000000e-04]
 [ 1.82861934e-02 -1.00000000e-04 -1.00000000e-04 -1.00000000e-04
  -1.00000000e-04 -1.00000000e-04  5.02234863e-04 -1.00000000e-04
  -1.00000000e-04 -1.00000000e-04]
 [ 1.86244161e-02  7.66501260e-03  2.92601645e-03  1.63773981e-03
  -1.00000000e-04 -1.00000000e-04  6.82536191e-04  5.70318554e-04
  -1.00000000e-04 -1.00000000e-04]
 [ 1.83120928e-02 -1.00000000e-04 -1.00000000e-04 -1.00000000e-04
   1.42893286e-03 -1.00000000e-04 -1.00000000e-04 -1.00000000e-04
  -1.00000000e-04  5.33302531e-04]
 [ 1.77603200e-02 -1.00000000e-04  4.74763632e-03 -1.00000000e-04
  -1.00000000e-04 -1.00000000e-04 -1.00000000e-04 -1.00000000e-04
  -1.00000000e-04 -1.00000000e-04]
 [ 1.71282221e-02 -1.00000000e-04  5.55265427e-03 -1.00000000e-04
  -1.00000000e-04 -1.00000000e-04 -1.00000000e-04  9.75235498e-04
  -1.00000000e-04 -1.00000000e-04]
 [-1.00000000e-04 -1.00000000e-04 -1.00000000e-04  3.46002022e-03
  -1.00000000e-04 -1.00000000e-04  1.32658160e-03 -1.00000000e-04
  -1.00000000e-04 -1.00000000e-04]
 [ 1.58473214e-02 -1.00000000e-04 -1.00000000e-04 -1.00000000e-04
   2.52876153e-03 -1.00000000e-04  1.46361286e-03 -1.00000000e-04
  -1.00000000e-04  8.88946416e-04]]

