GLT vs ATP_MAINTENANCE
X [  5.70584  68.47008 131.23432 193.99856 256.7628  319.52704 382.29128
 445.05552 507.81976 570.584  ]
Y [ 0.130166  1.561992  2.993818  4.425644  5.85747   7.289296  8.721122
 10.152948 11.584774 13.0166  ]
[[-1.00000000e-04  6.12474114e-05  4.39225914e-05  3.85732385e-05
   3.59473451e-05 -1.00000000e-04  3.33386628e-05  3.25944573e-05
   3.20361849e-05  3.16017726e-05]
 [-1.00000000e-04  1.32093870e-03  9.89930510e-04  8.81746401e-04
  -1.00000000e-04 -1.00000000e-04  7.73637555e-04  7.58107749e-04
   7.46433775e-04  7.37335815e-04]
 [-1.00000000e-04  3.72766965e-03  2.97703462e-03  2.70570315e-03
  -1.00000000e-04  2.48024936e-03  2.42252554e-03 -1.00000000e-04
  -1.00000000e-04  2.32491482e-03]
 [-1.00000000e-04  6.55325896e-03  5.48054579e-03 -1.00000000e-04
  -1.00000000e-04 -1.00000000e-04 -1.00000000e-04 -1.00000000e-04
  -1.00000000e-04 -1.00000000e-04]
 [-1.00000000e-04 -1.00000000e-04  7.66566560e-03  7.14984484e-03
  -1.00000000e-04  6.69844961e-03  6.57976032e-03 -1.00000000e-04
   6.42786106e-03  6.37632011e-03]
 [-1.00000000e-04  1.05541378e-02 -1.00000000e-04 -1.00000000e-04
   8.34128157e-03  8.14917920e-03 -1.00000000e-04 -1.00000000e-04
  -1.00000000e-04 -1.00000000e-04]
 [-1.00000000e-04  1.15501303e-02 -1.00000000e-04  9.58188894e-03
   9.26282499e-03  9.06223747e-03  8.92448342e-03  8.82403195e-03
   8.74753332e-03 -1.00000000e-04]
 [-1.00000000e-04  1.20819170e-02  1.06849898e-02  1.00928089e-02
   9.76935806e-03  9.56577416e-03 -1.00000000e-04  9.32377058e-03
   9.24599777e-03  9.18477316e-03]
 [-1.00000000e-04 -1.00000000e-04  1.09055789e-02  1.03143492e-02
   9.99110004e-03 -1.00000000e-04  9.64751357e-03  9.54534303e-03
  -1.00000000e-04  9.40618378e-03]
 [-1.00000000e-04 -1.00000000e-04  1.09324144e-02  1.03465453e-02
   1.00260430e-02  9.82408798e-03  9.68518165e-03  9.58378024e-03
   9.50649630e-03  9.44563748e-03]]

