CITRA_SYN vs GLT
X [ 0.4  4.8  9.2 13.6 18.  22.4 26.8 31.2 35.6 40. ]
Y [  5.70584  68.47008 131.23432 193.99856 256.7628  319.52704 382.29128
 445.05552 507.81976 570.584  ]
[[ 5.51904080e-03 -1.00000000e-04  1.10172070e-02  8.61335631e-03
  -1.00000000e-04 -1.00000000e-04  5.18536412e-03  4.57926550e-03
   4.10095486e-03  3.71391367e-03]
 [ 4.98488864e-05  9.75831647e-04 -1.00000000e-04 -1.00000000e-04
  -1.00000000e-04 -1.00000000e-04 -1.00000000e-04  1.13174855e-02
   1.18879277e-02 -1.00000000e-04]
 [ 1.47918131e-05  2.33759495e-04 -1.00000000e-04 -1.00000000e-04
   1.74992162e-03  2.58307388e-03  3.53464686e-03 -1.00000000e-04
   5.54301931e-03  6.48426179e-03]
 [ 7.02639426e-06  1.02121148e-04  2.35363835e-04  4.15681782e-04
   6.52731780e-04  9.55474616e-04  1.33004232e-03  1.77749505e-03
   2.29238267e-03  2.86277455e-03]
 [ 4.09632212e-06  5.69757747e-05  1.26152636e-04  2.14855414e-04
  -1.00000000e-04 -1.00000000e-04 -1.00000000e-04  8.44781374e-04
   1.09119831e-03  1.37863323e-03]
 [ 2.68143296e-06 -1.00000000e-04 -1.00000000e-04 -1.00000000e-04
   1.93727742e-04  2.70648647e-04  3.63207723e-04  4.73759985e-04
   6.04737969e-04 -1.00000000e-04]
 [ 1.89146423e-06  2.51434066e-05  5.33286041e-05 -1.00000000e-04
  -1.00000000e-04  1.75379608e-04 -1.00000000e-04  2.98195390e-04
   3.75827799e-04 -1.00000000e-04]
 [ 1.40583586e-06 -1.00000000e-04  3.86203828e-05  6.23491507e-05
   9.01044624e-05 -1.00000000e-04 -1.00000000e-04  2.03410926e-04
   2.53576692e-04  3.11354434e-04]
 [ 1.08606416e-06  1.41066214e-05  2.92537218e-05  4.67781192e-05
  -1.00000000e-04  9.01483452e-05 -1.00000000e-04  1.47040465e-04
   1.81660074e-04  2.21098345e-04]
 [ 8.64356791e-07  1.11396545e-05  2.29247639e-05  3.63818285e-05
  -1.00000000e-04  6.90728580e-05  8.87528812e-05  1.11003637e-04
   1.36128850e-04  1.64470534e-04]]

