CITRA_SYN vs GDH
X [ 0.4  4.8  9.2 13.6 18.  22.4 26.8 31.2 35.6 40. ]
Y [ 0.866573 10.398876 19.931179 29.463482 38.995785 48.528088 58.060391
 67.592694 77.124997 86.6573  ]
[[-1.00000000e-04 -1.00000000e-04  1.37424242e-02  1.23182784e-02
  -1.00000000e-04 -1.00000000e-04  9.15662152e-03 -1.00000000e-04
   7.64340680e-03  7.00992527e-03]
 [-1.00000000e-04 -1.00000000e-04 -1.00000000e-04  1.91375047e-04
   1.25492021e-04  8.76945411e-05  6.40777392e-05  4.84041623e-05
   3.75219184e-05  2.96955583e-05]
 [-1.00000000e-04  1.59659177e-04  7.92449429e-05  4.68495217e-05
   3.06438742e-05 -1.00000000e-04  1.56052865e-05  1.17786646e-05
  -1.00000000e-04  7.21751472e-06]
 [-1.00000000e-04  7.08186938e-05 -1.00000000e-04 -1.00000000e-04
  -1.00000000e-04 -1.00000000e-04  6.91203342e-06  5.21593777e-06
   4.03988774e-06  3.19491869e-06]
 [-1.00000000e-04  3.98423651e-05  1.97920712e-05 -1.00000000e-04
   7.64231538e-06  5.32935013e-06 -1.00000000e-04  2.93386908e-06
   2.27213211e-06  1.79672873e-06]
 [-1.00000000e-04 -1.00000000e-04  1.26823955e-05 -1.00000000e-04
   4.89624159e-06  3.41408910e-06  2.49075006e-06  1.87922461e-06
   1.45527062e-06  1.15071054e-06]
 [-1.00000000e-04  1.77379772e-05 -1.00000000e-04  5.20884840e-06
   3.40428668e-06  2.37363290e-06  1.73159542e-06  1.30639404e-06
   1.01162510e-06  7.99876487e-07]
 [-1.00000000e-04 -1.00000000e-04  6.48731493e-06 -1.00000000e-04
  -1.00000000e-04  1.74595073e-06  1.27364430e-06  9.60860250e-07
   7.44030305e-07  5.88273623e-07]
 [-1.00000000e-04 -1.00000000e-04  4.97294752e-06  2.93724970e-06
   1.91952719e-06  1.33828946e-06  9.76232015e-07 -1.00000000e-04
   5.70257347e-07  4.50866381e-07]
 [-1.00000000e-04 -1.00000000e-04  3.93386183e-06  2.32350650e-06
   1.51840217e-06  1.05859875e-06  7.72188775e-07 -1.00000000e-04
   4.51045937e-07  3.56605339e-07]]

