ATP_MAINTENANCE vs ACEA
X [ 0.130166  1.561992  2.993818  4.425644  5.85747   7.289296  8.721122
 10.152948 11.584774 13.0166  ]
Y [ 0.152595  1.83114   3.509685  5.18823   6.866775  8.54532  10.223865
 11.90241  13.580955 15.2595  ]
[[-0.0001     -0.0001     -0.0001     -0.0001     -0.0001     -0.0001
  -0.0001     -0.0001     -0.0001     -0.0001    ]
 [-0.0001      0.00091381  0.00062917  0.00048758  0.00040079  0.00034151
   0.00029819  0.00026504  0.00023879  0.00021746]
 [-0.0001     -0.0001     -0.0001      0.00036531  0.00030133  0.00025749
   0.00022537 -0.0001     -0.0001      0.00016523]
 [-0.0001     -0.0001     -0.0001     -0.0001      0.00026918  0.00023028
  -0.0001      0.00017982 -0.0001     -0.0001    ]
 [-0.0001      0.00056457 -0.0001      0.00030626  0.00025319  0.00021674
   0.00018997 -0.0001      0.00015305  0.00013972]
 [ 0.00119831  0.00054199 -0.0001      0.0002945  -0.0001      0.0002086
   0.0001829   0.00016314 -0.0001     -0.0001    ]
 [ 0.00116377 -0.0001      0.0003668   0.00028664  0.00023717  0.00020316
   0.00017817  0.00015895 -0.0001     -0.0001    ]
 [-0.0001      0.00051614  0.00035948  0.00028102 -0.0001      0.00019927
   0.00017479  0.00015596  0.00014098 -0.0001    ]
 [ 0.00112043  0.00050804  0.00035397 -0.0001      0.00022912 -0.0001
   0.00017224  0.0001537   0.00013895  0.00012692]
 [-0.0001      0.00050173  0.00034969  0.0002735  -0.0001      0.00019406
   0.00017026  0.00015194 -0.0001      0.00012548]]

