GLT vs ACEA
X [  5.70584  68.47008 131.23432 193.99856 256.7628  319.52704 382.29128
 445.05552 507.81976 570.584  ]
Y [ 0.152595  1.83114   3.509685  5.18823   6.866775  8.54532  10.223865
 11.90241  13.580955 15.2595  ]
[[ 9.95660598e-05  6.54079292e-05 -1.00000000e-04 -1.00000000e-04
   3.27063100e-05  2.80709838e-05  2.45928577e-05  2.18854583e-05
  -1.00000000e-04  1.79421856e-05]
 [ 3.26749303e-03 -1.00000000e-04  9.00694777e-04  6.92365916e-04
   5.66605965e-04 -1.00000000e-04 -1.00000000e-04 -1.00000000e-04
  -1.00000000e-04  3.05262699e-04]
 [-1.00000000e-04  3.58113931e-03 -1.00000000e-04 -1.00000000e-04
  -1.00000000e-04 -1.00000000e-04 -1.00000000e-04  9.01784843e-04
  -1.00000000e-04 -1.00000000e-04]
 [ 1.46142753e-02  6.19887476e-03 -1.00000000e-04 -1.00000000e-04
   2.40247758e-03 -1.00000000e-04 -1.00000000e-04  1.56866586e-03
   1.41456780e-03  1.29078784e-03]
 [ 1.59543466e-02 -1.00000000e-04  5.65305433e-03  4.30522683e-03
  -1.00000000e-04  2.98750264e-03  2.61259877e-03 -1.00000000e-04
  -1.00000000e-04  1.93221327e-03]
 [-1.00000000e-04  1.01393172e-02 -1.00000000e-04 -1.00000000e-04
  -1.00000000e-04 -1.00000000e-04  3.50131023e-03  3.14534915e-03
  -1.00000000e-04 -1.00000000e-04]
 [ 1.61452014e-02 -1.00000000e-04  8.29849465e-03 -1.00000000e-04
   5.63478974e-03  4.91466756e-03 -1.00000000e-04 -1.00000000e-04
   3.64673761e-03  3.38008274e-03]
 [ 1.58287069e-02 -1.00000000e-04 -1.00000000e-04 -1.00000000e-04
   6.52767776e-03 -1.00000000e-04 -1.00000000e-04 -1.00000000e-04
  -1.00000000e-04 -1.00000000e-04]
 [-1.00000000e-04 -1.00000000e-04 -1.00000000e-04 -1.00000000e-04
  -1.00000000e-04 -1.00000000e-04 -1.00000000e-04 -1.00000000e-04
  -1.00000000e-04  4.86567391e-03]
 [ 1.49818410e-02  1.22817890e-02 -1.00000000e-04 -1.00000000e-04
   7.88263559e-03  7.18578872e-03 -1.00000000e-04 -1.00000000e-04
   5.85766407e-03 -1.00000000e-04]]

