LPD vs ATP_MAINTENANCE
X [0.00684413 0.08212956 0.15741499 0.23270042 0.30798585 0.38327128
 0.45855671 0.53384214 0.60912757 0.684413  ]
Y [ 0.130166  1.561992  2.993818  4.425644  5.85747   7.289296  8.721122
 10.152948 11.584774 13.0166  ]
[[-1.00000000e-04 -1.00000000e-04 -1.00000000e-04 -1.00000000e-04
   6.43842352e-03  6.24638338e-03  6.11528837e-03  6.02005700e-03
   5.94772487e-03  5.89091005e-03]
 [-1.00000000e-04  7.83276241e-04 -1.00000000e-04 -1.00000000e-04
   4.75123836e-04  4.55572173e-04  4.42549289e-04  4.33245656e-04
   4.26264002e-04  4.20830036e-04]
 [-1.00000000e-04 -1.00000000e-04  2.49074192e-04 -1.00000000e-04
  -1.00000000e-04  1.95015771e-04  1.89176580e-04  1.85017252e-04
  -1.00000000e-04  1.79482570e-04]
 [-1.00000000e-04  2.22774400e-04 -1.00000000e-04  1.38429519e-04
   1.28898447e-04  1.23251133e-04  1.19510263e-04  1.16847904e-04
   1.14855553e-04  1.13308160e-04]
 [-1.00000000e-04  1.63593390e-04 -1.00000000e-04  1.01172070e-04
   9.41568082e-05 -1.00000000e-04 -1.00000000e-04  8.52990047e-05
   8.38358255e-05  8.26996731e-05]
 [-1.00000000e-04 -1.00000000e-04 -1.00000000e-04 -1.00000000e-04
   7.41447086e-05 -1.00000000e-04  6.86894516e-05  6.71442744e-05
   6.59884947e-05  6.50911624e-05]
 [-1.00000000e-04  1.06773716e-04 -1.00000000e-04 -1.00000000e-04
  -1.00000000e-04  5.84272288e-05 -1.00000000e-04 -1.00000000e-04
   5.43997368e-05  5.36583495e-05]
 [-1.00000000e-04  9.09661156e-05 -1.00000000e-04  5.59266103e-05
   5.20150820e-05 -1.00000000e-04 -1.00000000e-04 -1.00000000e-04
   4.62706946e-05  4.56391093e-05]
 [-1.00000000e-04 -1.00000000e-04 -1.00000000e-04  4.86667459e-05
   4.52582554e-05  4.32432560e-05  4.19103919e-05 -1.00000000e-04
   4.02540652e-05  3.97039696e-05]
 [-1.00000000e-04  7.01802280e-05 -1.00000000e-04 -1.00000000e-04
  -1.00000000e-04 -1.00000000e-04  3.70885636e-05  3.62491474e-05
   3.56214591e-05 -1.00000000e-04]]

