GLT vs ZWF
X [  5.70584  68.47008 131.23432 193.99856 256.7628  319.52704 382.29128
 445.05552 507.81976 570.584  ]
Y [0.02658 0.31896 0.61134 0.90372 1.1961  1.48848 1.78086 2.07324 2.36562
 2.658  ]
[[-1.00000000e-04  6.78997919e-05 -1.00000000e-04  5.20404484e-05
   4.64730949e-05 -1.00000000e-04  3.82551543e-05  3.51467567e-05
   3.25090170e-05  3.02449117e-05]
 [-1.00000000e-04 -1.00000000e-04 -1.00000000e-04 -1.00000000e-04
  -1.00000000e-04 -1.00000000e-04 -1.00000000e-04 -1.00000000e-04
  -1.00000000e-04 -1.00000000e-04]
 [ 5.22475562e-03 -1.00000000e-04  3.05835569e-03  2.55045036e-03
  -1.00000000e-04  1.92716517e-03  1.72198247e-03  1.55893981e-03
   1.42648329e-03 -1.00000000e-04]
 [ 8.73521051e-03 -1.00000000e-04 -1.00000000e-04 -1.00000000e-04
  -1.00000000e-04  3.46080549e-03 -1.00000000e-04 -1.00000000e-04
  -1.00000000e-04 -1.00000000e-04]
 [ 1.12827819e-02 -1.00000000e-04  7.52746003e-03 -1.00000000e-04
  -1.00000000e-04  5.09336640e-03  4.61428685e-03  4.22617285e-03
  -1.00000000e-04 -1.00000000e-04]
 [ 1.28371272e-02 -1.00000000e-04 -1.00000000e-04  8.07830049e-03
  -1.00000000e-04 -1.00000000e-04  6.02478894e-03  5.57903530e-03
  -1.00000000e-04  4.89372059e-03]
 [ 1.36719013e-02 -1.00000000e-04 -1.00000000e-04  9.23944021e-03
  -1.00000000e-04  7.73674656e-03 -1.00000000e-04 -1.00000000e-04
   6.33509081e-03 -1.00000000e-04]
 [ 1.40383031e-02 -1.00000000e-04 -1.00000000e-04 -1.00000000e-04
  -1.00000000e-04 -1.00000000e-04 -1.00000000e-04  7.60048128e-03
  -1.00000000e-04  6.89238727e-03]
 [ 1.41114956e-02 -1.00000000e-04 -1.00000000e-04  1.04529243e-02
  -1.00000000e-04 -1.00000000e-04  8.63946545e-03 -1.00000000e-04
  -1.00000000e-04 -1.00000000e-04]
 [-1.00000000e-04  1.25542471e-02 -1.00000000e-04 -1.00000000e-04
  -1.00000000e-04 -1.00000000e-04  9.00716197e-03 -1.00000000e-04
  -1.00000000e-04  7.98860932e-03]]

