ATP_MAINTENANCE vs ZWF
X [ 0.130166  1.561992  2.993818  4.425644  5.85747   7.289296  8.721122
 10.152948 11.584774 13.0166  ]
Y [0.02658 0.31896 0.61134 0.90372 1.1961  1.48848 1.78086 2.07324 2.36562
 2.658  ]
[[-0.0001     -0.0001     -0.0001     -0.0001     -0.0001     -0.0001
  -0.0001     -0.0001     -0.0001     -0.0001    ]
 [-0.0001      0.00096412 -0.0001      0.00068508  0.0006008  -0.0001
  -0.0001      0.00044182 -0.0001      0.00037699]
 [-0.0001     -0.0001     -0.0001      0.00052193  0.00046171  0.00041469
  -0.0001      0.00034557 -0.0001     -0.0001    ]
 [ 0.00079098 -0.0001     -0.0001     -0.0001      0.0004138   0.00037234
   0.00033884  0.00031113  0.00028779  0.00026783]
 [ 0.00073989  0.00059691 -0.0001      0.00043883  0.00038947  0.00035072
  -0.0001      0.00029341  0.00027151  0.00025277]
 [ 0.00070938  0.00057303  0.00048467 -0.0001     -0.0001      0.00033757
  -0.0001     -0.0001      0.00026154 -0.0001    ]
 [ 0.00068907 -0.0001      0.00047147 -0.0001     -0.0001     -0.0001
  -0.0001      0.00027526 -0.0001     -0.0001    ]
 [-0.0001      0.00054567 -0.0001      0.00040252 -0.0001      0.00032233
  -0.0001     -0.0001      0.00024994 -0.0001    ]
 [ 0.00066367  0.00053709 -0.0001      0.0003964   0.00035225 -0.0001
  -0.0001      0.000266    0.00024627 -0.0001    ]
 [ 0.0006552   0.00053041 -0.0001     -0.0001      0.00034805  0.00031376
   0.00028596  0.00026288 -0.0001     -0.0001    ]]

