CITRA_SYN vs ZWF
X [ 0.4  4.8  9.2 13.6 18.  22.4 26.8 31.2 35.6 40. ]
Y [0.02658 0.31896 0.61134 0.90372 1.1961  1.48848 1.78086 2.07324 2.36562
 2.658  ]
[[ 1.69530891e-02  1.56024470e-02 -1.00000000e-04  1.39119006e-02
  -1.00000000e-04 -1.00000000e-04  1.23799607e-02  1.20061415e-02
   1.16779586e-02 -1.00000000e-04]
 [ 9.08424356e-04 -1.00000000e-04  5.98997718e-04  5.12811017e-04
   4.49028832e-04 -1.00000000e-04 -1.00000000e-04 -1.00000000e-04
  -1.00000000e-04  2.80125466e-04]
 [ 2.15487212e-04  1.79613591e-04 -1.00000000e-04  1.31974675e-04
   1.16508719e-04  1.04324671e-04  9.44821040e-05  8.63691328e-05
   7.95713487e-05  7.37980441e-05]
 [ 9.39951321e-05  7.97632910e-05  6.81569026e-05 -1.00000000e-04
   5.25847747e-05 -1.00000000e-04 -1.00000000e-04 -1.00000000e-04
   3.61079373e-05  3.35034112e-05]
 [ 5.24147964e-05  4.48958470e-05  3.85284480e-05  3.36516012e-05
   2.98517836e-05  2.68183371e-05  2.43440795e-05  2.22894076e-05
   2.05575522e-05 -1.00000000e-04]
 [ 3.33863777e-05  2.87626588e-05  2.47496531e-05  2.16517055e-05
   1.92272892e-05 -1.00000000e-04  1.56994775e-05  1.43796888e-05
   1.32657883e-05 -1.00000000e-04]
 [ 2.31189190e-05  1.99962124e-05  1.72383318e-05  1.50975883e-05
   1.34171347e-05  1.20689169e-05  1.09652287e-05 -1.00000000e-04
   9.26969096e-06  8.60578923e-06]
 [-1.00000000e-04  1.47074439e-05  1.26965611e-05  1.11292793e-05
   9.89618502e-06  8.90536947e-06  8.09335283e-06  7.41655691e-06
  -1.00000000e-04  6.35490431e-06]
 [ 1.29658357e-05  1.12726813e-05  9.74199853e-06  8.54519085e-06
   7.60189946e-06  6.84304002e-06 -1.00000000e-04  5.70140491e-06
   5.26226815e-06  4.88638821e-06]
 [-1.00000000e-04  8.91629154e-06  7.71241356e-06 -1.00000000e-04
   6.02383629e-06  5.42401560e-06  4.93164785e-06  4.52075757e-06
   4.17304758e-06  3.87531079e-06]]

