ACEA vs ZWF
X [ 0.152595  1.83114   3.509685  5.18823   6.866775  8.54532  10.223865
 11.90241  13.580955 15.2595  ]
Y [0.02658 0.31896 0.61134 0.90372 1.1961  1.48848 1.78086 2.07324 2.36562
 2.658  ]
[[-1.00000000e-04  2.21147994e-03  1.93961275e-03  1.73491092e-03
   1.57509387e-03 -1.00000000e-04  1.34040126e-03  1.25131430e-03
   1.17534084e-03 -1.00000000e-04]
 [-1.00000000e-04  9.80973212e-04 -1.00000000e-04  6.80984186e-04
   5.92432796e-04 -1.00000000e-04  4.71719815e-04  4.28699439e-04
   3.93217818e-04 -1.00000000e-04]
 [-1.00000000e-04  6.70967329e-04  5.37276833e-04  4.48648133e-04
  -1.00000000e-04 -1.00000000e-04 -1.00000000e-04 -1.00000000e-04
   2.47464329e-04  2.27437093e-04]
 [ 7.04485513e-04  5.17656342e-04 -1.00000000e-04  3.38659267e-04
  -1.00000000e-04 -1.00000000e-04  2.23256518e-04 -1.00000000e-04
  -1.00000000e-04  1.66858056e-04]
 [-1.00000000e-04 -1.00000000e-04  3.32424378e-04 -1.00000000e-04
   2.32022852e-04  2.01515124e-04 -1.00000000e-04 -1.00000000e-04
   1.44551010e-04  1.32185769e-04]
 [ 5.02613823e-04  3.60426696e-04 -1.00000000e-04  2.29734738e-04
   1.94337151e-04 -1.00000000e-04 -1.00000000e-04  1.32722263e-04
  -1.00000000e-04  1.09634138e-04]
 [ 4.41624525e-04  3.14042709e-04  2.43320296e-04 -1.00000000e-04
   1.67429498e-04 -1.00000000e-04  1.27386752e-04 -1.00000000e-04
  -1.00000000e-04 -1.00000000e-04]
 [-1.00000000e-04 -1.00000000e-04  2.15002643e-04 -1.00000000e-04
   1.47218280e-04 -1.00000000e-04 -1.00000000e-04 -1.00000000e-04
   8.99244330e-05  8.19731849e-05]
 [ 3.57012186e-04  2.50669070e-04  1.92765294e-04  1.56413676e-04
   1.31463299e-04  1.13293065e-04  9.94913487e-05 -1.00000000e-04
  -1.00000000e-04 -1.00000000e-04]
 [-1.00000000e-04  2.27987392e-04 -1.00000000e-04  1.41580289e-04
   1.18828344e-04 -1.00000000e-04 -1.00000000e-04 -1.00000000e-04
   7.20605865e-05  6.56153340e-05]]

