LPD vs ACEA
X [0.00684413 0.08212956 0.15741499 0.23270042 0.30798585 0.38327128
 0.45855671 0.53384214 0.60912757 0.684413  ]
Y [ 0.152595  1.83114   3.509685  5.18823   6.866775  8.54532  10.223865
 11.90241  13.580955 15.2595  ]
[[ 1.90978901e-02  8.38664554e-03 -1.00000000e-04  3.88153204e-03
  -1.00000000e-04  2.52194980e-03  2.14502348e-03 -1.00000000e-04
  -1.00000000e-04  1.48075937e-03]
 [ 1.62276394e-03  8.09368709e-04  5.69158042e-04 -1.00000000e-04
   3.67937657e-04 -1.00000000e-04  2.75308855e-04 -1.00000000e-04
   2.21116648e-04 -1.00000000e-04]
 [-1.00000000e-04  3.70359678e-04  2.74987282e-04 -1.00000000e-04
   1.85810045e-04 -1.00000000e-04  1.41833556e-04  1.27092605e-04
   1.15236678e-04  1.05482081e-04]
 [ 3.74316740e-04  2.38959040e-04 -1.00000000e-04 -1.00000000e-04
  -1.00000000e-04  1.07730487e-04  9.53817833e-05  8.56768195e-05
  -1.00000000e-04  7.13588947e-05]
 [ 2.69560869e-04 -1.00000000e-04 -1.00000000e-04  1.09687924e-04
  -1.00000000e-04 -1.00000000e-04  7.18287202e-05  6.46022769e-05
  -1.00000000e-04  5.39054848e-05]
 [-1.00000000e-04 -1.00000000e-04 -1.00000000e-04  8.75829709e-05
  -1.00000000e-04 -1.00000000e-04  5.75985606e-05 -1.00000000e-04
  -1.00000000e-04  4.33089070e-05]
 [ 1.72759074e-04 -1.00000000e-04  8.89014835e-05  7.28882720e-05
   6.20265698e-05  5.41159720e-05  4.80724149e-05  4.32925300e-05
  -1.00000000e-04  3.61929105e-05]
 [-1.00000000e-04 -1.00000000e-04  7.60186205e-05 -1.00000000e-04
   5.31621606e-05  4.64123698e-05  4.12492667e-05  3.71619246e-05
   3.38404189e-05  3.10848831e-05]
 [ 1.27095407e-04  8.58901250e-05  6.63955030e-05 -1.00000000e-04
  -1.00000000e-04  4.06282015e-05 -1.00000000e-04  3.25519126e-05
   2.96492600e-05  2.72401323e-05]
 [-1.00000000e-04  7.61277591e-05  5.89342392e-05  4.84784778e-05
  -1.00000000e-04 -1.00000000e-04  3.21280006e-05  2.89592636e-05
   2.63817093e-05  2.42416583e-05]]

