LPD vs ZWF
X [0.00684413 0.08212956 0.15741499 0.23270042 0.30798585 0.38327128
 0.45855671 0.53384214 0.60912757 0.684413  ]
Y [0.02658 0.31896 0.61134 0.90372 1.1961  1.48848 1.78086 2.07324 2.36562
 2.658  ]
[[-1.00000000e-04 -1.00000000e-04  7.33656270e-03 -1.00000000e-04
   5.37907683e-03  4.74524342e-03 -1.00000000e-04  3.83771341e-03
  -1.00000000e-04  3.22161731e-03]
 [ 1.06573379e-03  8.48723919e-04 -1.00000000e-04 -1.00000000e-04
  -1.00000000e-04 -1.00000000e-04  4.27850599e-04 -1.00000000e-04
  -1.00000000e-04  3.33664734e-04]
 [ 4.62676518e-04  3.84089978e-04  3.26684883e-04 -1.00000000e-04
  -1.00000000e-04  2.27213669e-04  2.06780024e-04 -1.00000000e-04
   1.75783136e-04  1.63764206e-04]
 [ 2.93719825e-04 -1.00000000e-04  2.11610433e-04 -1.00000000e-04
   1.65029083e-04 -1.00000000e-04  1.35903958e-04 -1.00000000e-04
   1.15981369e-04 -1.00000000e-04]
 [-1.00000000e-04  1.81826576e-04 -1.00000000e-04  1.37263164e-04
   1.22489603e-04 -1.00000000e-04 -1.00000000e-04 -1.00000000e-04
  -1.00000000e-04 -1.00000000e-04]
 [ 1.69452343e-04 -1.00000000e-04  1.23967697e-04  1.08985111e-04
  -1.00000000e-04 -1.00000000e-04  8.05399336e-05 -1.00000000e-04
   6.89495786e-05  6.44157743e-05]
 [ 1.39834420e-04  1.18977286e-04  1.02680216e-04 -1.00000000e-04
   8.07879411e-05 -1.00000000e-04 -1.00000000e-04  6.17058408e-05
  -1.00000000e-04 -1.00000000e-04]
 [-1.00000000e-04  1.01435450e-04 -1.00000000e-04  7.71683022e-05
   6.90309147e-05 -1.00000000e-04 -1.00000000e-04  5.27834673e-05
  -1.00000000e-04 -1.00000000e-04]
 [ 1.03601884e-04 -1.00000000e-04  7.64230314e-05  6.73360862e-05
   6.02598037e-05  5.45997428e-05  4.99703112e-05 -1.00000000e-04
  -1.00000000e-04  4.00656412e-05]
 [ 9.17166424e-05 -1.00000000e-04  6.77576566e-05 -1.00000000e-04
   5.34656355e-05 -1.00000000e-04  4.43566553e-05 -1.00000000e-04
  -1.00000000e-04  3.55810529e-05]]

