GDH vs ZWF
X [ 0.866573 10.398876 19.931179 29.463482 38.995785 48.528088 58.060391
 67.592694 77.124997 86.6573  ]
Y [0.02658 0.31896 0.61134 0.90372 1.1961  1.48848 1.78086 2.07324 2.36562
 2.658  ]
[[7.63481712e-04 6.71109751e-04 1.03736680e-03 5.27592090e-04
  4.66901944e-04 4.19126942e-04 3.87947058e-04 3.64527847e-04
  3.46021622e-04 3.30828650e-04]
 [2.57584420e-09 9.88787273e-09 2.67852895e-09 1.06158105e-09
  4.89213134e-08 7.39354983e-10 1.07736919e-09 4.41730030e-09
  1.85162996e-12 1.86898764e-11]
 [3.71010945e-10 3.93512796e-09 2.15345031e-09 1.01112896e-09
  6.14075597e-08 1.30443115e-07 8.79580662e-08 2.60119892e-09
  1.18787669e-08 1.80940967e-08]
 [3.04453018e-09 1.45813037e-08 1.68880845e-10 1.25378106e-10
  2.67253948e-08 6.68807144e-12 2.86012307e-08 2.61374853e-09
  1.54414696e-10 2.30700480e-09]
 [4.93827201e-12 6.90635889e-10 1.10516041e-11 8.70015141e-11
  4.02939546e-08 1.91650067e-08 2.02299931e-10 4.86638063e-09
  2.52197207e-08 3.13474275e-08]
 [3.22276469e-11 1.54183448e-11 4.13711143e-08 2.95811491e-08
  2.82999755e-08 4.17724899e-09 9.88202853e-10 2.11026233e-11
  2.86192314e-09 1.20012214e-07]
 [2.51793564e-09 2.36174628e-09 4.62098420e-09 3.24860364e-10
  9.85153825e-10 7.82076071e-10 3.42286088e-09 2.50654678e-09
  1.13359846e-07 4.30918374e-08]
 [2.16323433e-08 1.00399840e-07 3.34915724e-11 1.31860696e-08
  1.57499644e-06 6.08419058e-09 9.22264265e-09 5.48830741e-08
  1.46252355e-07 2.51115142e-08]
 [8.45891546e-11 2.01274869e-09 3.27081223e-10 8.52224957e-10
  7.68152621e-08 2.34256006e-08 5.69218117e-09 2.04111073e-09
  3.09056547e-08 2.59509166e-09]
 [4.41610606e-08 2.14429621e-07 3.17443538e-09 3.47864531e-10
  1.05713400e-10 1.87271433e-10 8.93160888e-12 1.78749304e-09
  1.98150657e-09 6.76616668e-07]]

