CITRA_SYN vs GLT
X [ 0.4  4.8  9.2 13.6 18.  22.4 26.8 31.2 35.6 40. ]
Y [  5.70584  68.47008 131.23432 193.99856 256.7628  319.52704 382.29128
 445.05552 507.81976 570.584  ]
[[6.85148727e-09 3.39315914e-07 1.52597861e-09 4.04699163e-10
  1.81042338e-06 3.41913116e-08 1.98797845e-09 9.07107722e-13
  9.36647648e-10 1.33459604e-10]
 [6.66757168e-11 1.27405741e-10 1.34400453e-07 6.15318041e-08
  2.81121837e-08 1.79128641e-08 6.85679807e-08 3.75070458e-09
  1.23760713e-09 3.76268753e-07]
 [2.15334065e-10 8.01175348e-10 1.47380435e-07 2.63725883e-08
  1.66957559e-11 2.23413614e-11 5.20422152e-11 6.23537664e-08
  6.83887341e-09 5.65856806e-09]
 [9.55850253e-09 6.94930291e-09 2.30547896e-10 7.93005709e-09
  1.78145027e-11 1.48785539e-09 8.66797281e-11 1.88555039e-10
  5.15493946e-09 8.82875200e-09]
 [4.77760585e-10 4.91791713e-11 1.94200420e-09 3.53152692e-09
  4.09081127e-08 3.74674025e-07 3.87196648e-08 7.42667949e-09
  2.46656984e-09 2.82931878e-09]
 [1.91060210e-11 8.12908101e-08 8.66755394e-08 2.22581487e-07
  1.73648864e-11 3.07028496e-11 2.50950409e-09 1.96644091e-09
  7.85402765e-09 1.86666407e-08]
 [5.01565673e-09 2.24610016e-11 1.51993751e-10 2.03587236e-08
  6.29447583e-08 1.22824755e-10 3.01538010e-08 6.77200276e-10
  2.37660200e-11 1.99841268e-07]
 [3.27930847e-11 1.44092713e-08 2.21416216e-09 1.35800704e-10
  1.79340542e-10 4.11902414e-08 6.03194850e-08 3.50020645e-10
  2.38213449e-10 2.34836817e-10]
 [5.40746826e-11 6.16238563e-11 2.50978829e-11 2.87227747e-09
  2.28734416e-08 1.22819843e-09 1.10474370e-06 2.91252799e-11
  2.51378629e-09 2.79179146e-09]
 [3.87680317e-09 4.07972657e-09 1.88722682e-09 7.52427010e-11
  2.36613691e-08 1.11175212e-10 2.10884643e-10 3.08293623e-09
  1.48443474e-10 7.44664483e-10]]

