CITRA_SYN vs ACEA
X [ 0.4  4.8  9.2 13.6 18.  22.4 26.8 31.2 35.6 40. ]
Y [ 0.152595  1.83114   3.509685  5.18823   6.866775  8.54532  10.223865
 11.90241  13.580955 15.2595  ]
[[7.22886515e-07 1.32718128e-10 3.34299011e-09 2.16132909e-08
  2.91509450e-08 1.04447515e-06 1.97359962e-10 3.38511177e-08
  1.05466869e-08 1.04560625e-07]
 [1.38075107e-10 6.68852373e-09 6.78086443e-08 1.05651075e-08
  1.85370088e-10 1.25739754e-09 7.91470458e-08 2.19913971e-08
  3.72324835e-09 3.56853258e-09]
 [1.70699677e-09 1.86405234e-07 1.01834563e-09 4.67134820e-09
  5.76788415e-09 1.29181243e-09 3.42297877e-08 8.39807241e-07
  2.58915428e-11 4.87753458e-11]
 [1.86306761e-08 1.32687068e-09 5.18823384e-09 3.63424180e-10
  1.08962977e-07 7.13464522e-11 1.61795620e-07 7.74065700e-10
  2.63176429e-09 2.77474749e-10]
 [7.91483323e-10 6.68066687e-09 4.18190060e-09 1.45427279e-09
  1.10371723e-08 4.52305914e-10 1.25763600e-09 2.10500328e-09
  8.77010464e-10 4.68578953e-10]
 [7.44617612e-09 8.56188746e-11 2.09102091e-11 7.01546174e-08
  1.13905364e-11 5.33600087e-11 3.17996940e-09 4.17282059e-08
  1.89945641e-08 6.62085006e-10]
 [1.04191569e-08 1.55791076e-09 8.51717785e-08 4.77931345e-09
  7.86843923e-11 8.30475742e-10 2.95912450e-08 9.24056912e-09
  6.02525031e-10 2.59655691e-07]
 [2.36225139e-10 1.95794710e-09 4.66906405e-09 2.64790554e-08
  1.66882961e-11 1.45827799e-08 5.45981900e-09 1.81143191e-09
  7.28595504e-09 5.34614965e-09]
 [3.84250110e-12 2.14327602e-09 4.53642077e-11 3.15426164e-08
  7.58132085e-09 1.00052896e-08 3.56096713e-09 1.78842551e-11
  2.06518893e-09 2.16839123e-08]
 [1.26030468e-07 4.11368065e-10 7.01373590e-09 4.77374855e-08
  1.24835035e-10 7.10621373e-12 4.67939190e-11 2.69195663e-09
  1.93997659e-11 4.12296419e-07]]

