ATP_MAINTENANCE vs GDH
X [ 0.130166    0.57452579  1.01888559  1.46324538  1.90760517  2.35196497
  2.79632476  3.24068455  3.68504434  4.12940414  4.57376393  5.01812372
  5.46248352  5.90684331  6.3512031   6.7955629   7.23992269  7.68428248
  8.12864228  8.57300207  9.01736186  9.46172166  9.90608145 10.35044124
 10.79480103 11.23916083 11.68352062 12.12788041 12.57224021 13.0166    ]
Y [ 0.866573    3.82487393  6.78317486  9.74147579 12.69977672 15.65807766
 18.61637859 21.57467952 24.53298045 27.49128138 30.44958231 33.40788324
 36.36618417 39.3244851  42.28278603 45.24108697 48.1993879  51.15768883
 54.11598976 57.07429069 60.03259162 62.99089255 65.94919348 68.90749441
 71.86579534 74.82409628 77.78239721 80.74069814 83.69899907 86.6573    ]
[[1.86826715e-11 3.44688724e-12 1.86806880e-12 1.30147521e-12
  1.00705625e-12 8.25620413e-13 7.02411961e-13 6.13295219e-13
  5.45893955e-13 4.93188544e-13 4.50886399e-13 4.16215907e-13
  3.87306396e-13 3.62847817e-13 3.41898489e-13 3.23765929e-13
  3.07922897e-13 2.93966455e-13 2.81584583e-13 2.70527962e-13
  2.60597664e-13 2.51631538e-13 2.43496843e-13 2.36085863e-13
  2.29305065e-13 2.23081021e-13 2.17345180e-13 2.12046760e-13
  2.07135314e-13 2.02571543e-13]
 [2.21570155e-03 3.87692277e-03 2.97137407e-03 2.28979532e-03
  1.82562590e-03 1.49418088e-03 1.24767637e-03 1.05849442e-03
  9.09678929e-04 7.90266556e-04 6.92864303e-04 6.12310784e-04
  5.44901332e-04 4.87911429e-04 4.39296862e-04 3.97496562e-04
  3.61299080e-04 3.29756198e-04 3.02108057e-04 2.77747437e-04
  2.56180377e-04 2.37002488e-04 2.19880042e-04 2.04534041e-04
  1.90732846e-04 1.78280999e-04 1.67011808e-04 1.56783695e-04
  1.47474931e-04 1.38981780e-04]
 [1.02453604e-07 1.90044840e-03 1.59952984e-03 1.21419205e-03
  9.44353397e-04 7.54736756e-04 6.16857359e-04 5.13335434e-04
  4.33503875e-04 3.70569354e-04 3.20037768e-04 2.78833362e-04
  2.44788847e-04 2.16337955e-04 1.92324053e-04 1.71876744e-04
  1.54330120e-04 1.39167252e-04 1.25981629e-04 1.14449859e-04
  1.04311954e-04 9.53569480e-05 8.74121376e-05 8.03350616e-05
  7.40073385e-05 6.83299422e-05 6.32195315e-05 5.86055594e-05
  5.44279954e-05 5.06354951e-05]
 [2.36960237e-08 1.26755381e-03 1.21659288e-03 9.51320959e-04
  7.48667741e-04 6.02228612e-04 4.94401714e-04 4.12884967e-04
  3.49746325e-04 2.99813622e-04 2.59620377e-04 2.26775492e-04
  1.99585327e-04 1.76821642e-04 1.57575034e-04 1.41159764e-04
  1.27050344e-04 1.14838287e-04 1.04201960e-04 9.48852045e-05
  8.66818819e-05 7.94245415e-05 7.29759917e-05 6.72229494e-05
  6.20711966e-05 5.74418517e-05 5.32684687e-05 4.94947524e-05
  4.60727587e-05 4.29614513e-05]
 [8.02101833e-09 9.89494580e-04 1.03563229e-03 8.25258145e-04
  6.54260104e-04 5.28381990e-04 4.34927760e-04 3.63956794e-04
  3.08828362e-04 2.65141340e-04 2.29919765e-04 2.01099515e-04
  1.77213590e-04 1.57195334e-04 1.40253541e-04 1.25790783e-04
  1.13348670e-04 1.02570547e-04 9.31753655e-05 8.49391050e-05
  7.76813868e-05 7.12555749e-05 6.55414680e-05 6.04397569e-05
  5.58678008e-05 5.17563729e-05 4.80471351e-05 4.46906288e-05
  4.16447220e-05 3.88733260e-05]
 [3.39811471e-09 8.37945551e-04 9.30698277e-04 7.51167988e-04
  5.98436394e-04 4.84541387e-04 3.99505770e-04 3.34731143e-04
  2.84320036e-04 2.44318199e-04 2.12035015e-04 1.85597436e-04
  1.63670762e-04 1.45282953e-04 1.29712102e-04 1.16412527e-04
  1.04965265e-04 9.50441050e-05 8.63918481e-05 7.88033955e-05
  7.21135222e-05 6.61878661e-05 6.09162456e-05 5.62075979e-05
  5.19861180e-05 4.81882878e-05 4.47605604e-05 4.16575337e-05
  3.88405105e-05 3.62763423e-05]
 [1.77248215e-09 7.43579656e-04 8.62290476e-04 7.02414500e-04
  5.61556786e-04 4.55505461e-04 3.75998758e-04 3.15301757e-04
  2.67999493e-04 2.30429184e-04 2.00086891e-04 1.75224660e-04
  1.54594651e-04 1.37286954e-04 1.22625151e-04 1.10097613e-04
  9.93112799e-05 8.99599879e-05 8.18022402e-05 7.46453997e-05
  6.83342268e-05 6.27424543e-05 5.77665084e-05 5.33207639e-05
  4.93339373e-05 4.57462766e-05 4.25074035e-05 3.95745949e-05
  3.69114295e-05 3.44867045e-05]
 [1.08904033e-09 6.79455150e-04 8.14149991e-04 6.67867985e-04
  5.35350500e-04 4.34837295e-04 3.59243797e-04 3.01436929e-04
  2.56340332e-04 2.20496534e-04 1.91533367e-04 1.67791266e-04
  1.48083821e-04 1.31545089e-04 1.17530866e-04 1.05553652e-04
  9.52387371e-05 8.62941615e-05 7.84895697e-05 7.16411532e-05
  6.56007697e-05 6.02478868e-05 5.54836260e-05 5.12262273e-05
  4.74076098e-05 4.39707066e-05 4.08673876e-05 3.80568353e-05
  3.55042472e-05 3.31798038e-05]
 [7.52058935e-10 6.33141038e-04 7.78408962e-04 6.42081863e-04
  5.15748018e-04 4.19357754e-04 3.46682968e-04 2.91034055e-04
  2.47585586e-04 2.13032640e-04 1.85101120e-04 1.62197320e-04
  1.43180637e-04 1.27217915e-04 1.13689001e-04 1.02124363e-04
  9.21630358e-05 8.35236542e-05 7.59841699e-05 6.93673923e-05
  6.35304658e-05 5.83571554e-05 5.37520861e-05 4.96363887e-05
  4.59443809e-05 4.26209979e-05 3.96197986e-05 3.69013892e-05
  3.44321792e-05 3.21833847e-05]
 [5.63744258e-10 5.98161014e-04 7.50806348e-04 6.22081376e-04
  5.00518155e-04 4.07319333e-04 3.36907249e-04 2.82932710e-04
  2.40763773e-04 2.07213419e-04 1.80083524e-04 1.57831329e-04
  1.39351751e-04 1.23837054e-04 1.10685734e-04 9.94422220e-05
  8.97561830e-05 8.13544852e-05 7.40215426e-05 6.75852848e-05
  6.19069674e-05 5.68736902e-05 5.23928003e-05 4.83876752e-05
  4.47944960e-05 4.15597539e-05 3.86383188e-05 3.59919045e-05
  3.35878626e-05 3.13982146e-05]
 [4.48041973e-10 5.70825354e-04 7.28835326e-04 6.06104729e-04
  4.88335654e-04 3.97682080e-04 3.29076826e-04 2.76440276e-04
  2.35294282e-04 2.02545807e-04 1.76057179e-04 1.54326432e-04
  1.36276765e-04 1.21120780e-04 1.08271859e-04 9.72855849e-05
  8.78201195e-05 7.96089162e-05 7.24415464e-05 6.61500352e-05
  6.05989288e-05 5.56779912e-05 5.12967485e-05 4.73803731e-05
  4.38665355e-05 4.07029769e-05 3.78456115e-05 3.52570409e-05
  3.29053710e-05 3.07632677e-05]
 [3.71636188e-10 5.48883324e-04 7.10924709e-04 5.93041618e-04
  4.78363371e-04 3.89788161e-04 3.22659856e-04 2.71117637e-04
  2.30808658e-04 1.98716478e-04 1.72752863e-04 1.51449094e-04
  1.33751563e-04 1.18889441e-04 1.06288297e-04 9.55128379e-05
  8.62281813e-05 7.81731591e-05 7.11415582e-05 6.49687675e-05
  5.95220182e-05 5.46932554e-05 5.03937896e-05 4.65502623e-05
  4.31015645e-05 3.99964568e-05 3.71917126e-05 3.46506593e-05
  3.23420200e-05 3.02389892e-05]
 [3.18286749e-10 5.30886207e-04 6.96039347e-04 5.82157209e-04
  4.70046188e-04 3.83200780e-04 3.17302863e-04 2.66672761e-04
  2.27061640e-04 1.95516792e-04 1.69991113e-04 1.49043577e-04
  1.31639880e-04 1.17023011e-04 1.04628694e-04 9.40292368e-05
  8.48955527e-05 7.69709564e-05 7.00527653e-05 6.39791511e-05
  5.86195950e-05 5.38678597e-05 4.96367418e-05 4.58541099e-05
  4.24598728e-05 3.94036415e-05 3.66429057e-05 3.41415986e-05
  3.18689588e-05 2.97986209e-05]
 [2.79364908e-10 5.15860243e-04 6.83469322e-04 5.72945422e-04
  4.63001213e-04 3.77618434e-04 3.12761660e-04 2.62903726e-04
  2.23883565e-04 1.92802304e-04 1.67647623e-04 1.47001919e-04
  1.29847217e-04 1.15438208e-04 1.03219206e-04 9.27689568e-05
  8.37632771e-05 7.59492837e-05 6.91272718e-05 6.31377809e-05
  5.78521924e-05 5.31658092e-05 4.89926881e-05 4.52617354e-05
  4.19137226e-05 3.88989817e-05 3.61756055e-05 3.37080504e-05
  3.14659818e-05 2.94234111e-05]
 [2.49952007e-10 5.03126999e-04 6.72711262e-04 5.65046247e-04
  4.56955718e-04 3.72826082e-04 3.08862004e-04 2.59666389e-04
  2.21153242e-04 1.90469792e-04 1.65633516e-04 1.45246895e-04
  1.28305946e-04 1.14075400e-04 1.02006936e-04 9.16848215e-05
  8.27890815e-05 7.50700904e-05 6.83307021e-05 6.24134859e-05
  5.71914540e-05 5.25612310e-05 4.84379549e-05 4.47514219e-05
  4.14431449e-05 3.84640742e-05 3.57728268e-05 3.33342897e-05
  3.11185127e-05 2.90998244e-05]
 [2.27072600e-10 4.92199780e-04 6.63398259e-04 5.58196425e-04
  4.51709944e-04 3.68666233e-04 3.05476185e-04 2.56855040e-04
  2.18781757e-04 1.88443488e-04 1.63883531e-04 1.43721772e-04
  1.26966365e-04 1.12890743e-04 1.00952977e-04 9.07421175e-05
  8.19418454e-05 7.43053589e-05 6.76377314e-05 6.17832947e-05
  5.66164733e-05 5.20350406e-05 4.79550719e-05 4.43071383e-05
  4.10333921e-05 3.80853224e-05 3.54219980e-05 3.30086877e-05
  3.08157676e-05 2.88178442e-05]
 [2.08849250e-10 4.82720256e-04 6.55256440e-04 5.52198930e-04
  4.47114287e-04 3.65020780e-04 3.02508394e-04 2.54390355e-04
  2.16702369e-04 1.86666501e-04 1.62348646e-04 1.42383924e-04
  1.25791116e-04 1.11851273e-04 1.00028061e-04 8.99147266e-05
  8.11981457e-05 7.36339928e-05 6.70292845e-05 6.12298953e-05
  5.61114912e-05 5.15728484e-05 4.75308636e-05 4.39167863e-05
  4.06733321e-05 3.77524594e-05 3.51136340e-05 3.27224590e-05
  3.05495957e-05 2.85698950e-05]
 [1.94039637e-10 4.74418908e-04 6.48077202e-04 5.46903310e-04
  4.43054394e-04 3.61799419e-04 2.99885350e-04 2.52211635e-04
  2.14863981e-04 1.85095261e-04 1.60991307e-04 1.41200687e-04
  1.24751563e-04 1.10931713e-04 9.92097460e-05 8.91826111e-05
  8.05400075e-05 7.30397983e-05 6.64907148e-05 6.07399955e-05
  5.56644010e-05 5.11635955e-05 4.71552011e-05 4.35710657e-05
  4.03544028e-05 3.74575866e-05 3.48404316e-05 3.24688383e-05
  3.03137195e-05 2.83501413e-05]
 [1.81799854e-10 4.67089168e-04 6.41698842e-04 5.42192681e-04
  4.39441321e-04 3.58931880e-04 2.97550012e-04 2.50271608e-04
  2.13226802e-04 1.83695830e-04 1.59782255e-04 1.40146604e-04
  1.23825383e-04 1.10112355e-04 9.84805264e-05 8.85301373e-05
  7.99534055e-05 7.25101350e-05 6.60105865e-05 6.03032116e-05
  5.52657450e-05 5.07986402e-05 4.68201667e-05 4.32627038e-05
  4.00699081e-05 3.71945248e-05 3.45966770e-05 3.22425315e-05
  3.01032243e-05 2.81540134e-05]
 [1.71533562e-10 4.60569974e-04 6.35994017e-04 5.37974817e-04
  4.36204867e-04 3.56362673e-04 2.95457307e-04 2.48532928e-04
  2.11759374e-04 1.82441371e-04 1.58698346e-04 1.39201534e-04
  1.22994910e-04 1.09377599e-04 9.78265379e-05 8.79449283e-05
  7.94272285e-05 7.20349890e-05 6.55798383e-05 5.99113154e-05
  5.49080267e-05 5.04711318e-05 4.65194816e-05 4.29859320e-05
  3.98145358e-05 3.69583677e-05 3.43778345e-05 3.20393351e-05
  2.99142077e-05 2.79778821e-05]
 [1.62814035e-10 4.54734045e-04 6.30861118e-04 5.34175970e-04
  4.33288837e-04 3.54047358e-04 2.93571158e-04 2.46965669e-04
  2.10436493e-04 1.81310377e-04 1.57721031e-04 1.38349332e-04
  1.22245982e-04 1.08714933e-04 9.72366715e-05 8.74170514e-05
  7.89525621e-05 7.16063235e-05 6.51911966e-05 5.95576981e-05
  5.45852219e-05 5.01755651e-05 4.62481019e-05 4.27361147e-05
  3.95840147e-05 3.67451767e-05 3.41802570e-05 3.18558684e-05
  2.97435301e-05 2.78188270e-05]
 [1.55325524e-10 4.49479369e-04 6.26217986e-04 5.30736449e-04
  4.30647740e-04 3.51949932e-04 2.91862266e-04 2.45545580e-04
  2.09237726e-04 1.80285407e-04 1.56835265e-04 1.37576898e-04
  1.21567105e-04 1.08114205e-04 9.67018985e-05 8.69384442e-05
  7.85221673e-05 7.12176116e-05 6.48387520e-05 5.92369941e-05
  5.42924418e-05 4.99074723e-05 4.60019275e-05 4.25094838e-05
  3.93748740e-05 3.65517444e-05 3.40009781e-05 3.16893815e-05
  2.95886375e-05 2.76744711e-05]
 [1.48832154e-10 4.44723313e-04 6.21997564e-04 5.27607420e-04
  4.28244268e-04 3.50040923e-04 2.90306719e-04 2.44252786e-04
  2.08146328e-04 1.79352170e-04 1.56028712e-04 1.36873496e-04
  1.20948855e-04 1.07567090e-04 9.62148194e-05 8.65024929e-05
  7.81301069e-05 7.08634974e-05 6.45176572e-05 5.89447963e-05
  5.40256689e-05 4.96631766e-05 4.57775912e-05 4.23029435e-05
  3.91842615e-05 3.63754369e-05 3.38375606e-05 3.15376146e-05
  2.94474298e-05 2.75428606e-05]
 [1.43151118e-10 4.40398010e-04 6.18144500e-04 5.24748523e-04
  4.26047676e-04 3.48295957e-04 2.88884683e-04 2.43070853e-04
  2.07148444e-04 1.78498838e-04 1.55291171e-04 1.36230238e-04
  1.20383435e-04 1.07066691e-04 9.57693060e-05 8.61037204e-05
  7.77714600e-05 7.05395446e-05 6.42238929e-05 5.86774545e-05
  5.37815751e-05 4.94396357e-05 4.55723017e-05 4.21139282e-05
  3.90098119e-05 3.62140694e-05 3.36879820e-05 3.13986909e-05
  2.93181651e-05 2.74223740e-05]
 [1.38144191e-10 4.36447669e-04 6.14612724e-04 5.22126138e-04
  4.24032260e-04 3.46694673e-04 2.87579627e-04 2.41986061e-04
  2.06232514e-04 1.77715538e-04 1.54614119e-04 1.35639702e-04
  1.19864327e-04 1.06607260e-04 9.53602399e-05 8.57375487e-05
  7.74421183e-05 7.02420458e-05 6.39541030e-05 5.84319171e-05
  5.35573779e-05 4.92343043e-05 4.53837248e-05 4.19402917e-05
  3.88495472e-05 3.60658157e-05 3.35505513e-05 3.12710436e-05
  2.91993851e-05 2.73116545e-05]
 [1.33700420e-10 4.32825488e-04 6.11363577e-04 5.19712020e-04
  4.22176442e-04 3.45219999e-04 2.86377640e-04 2.40986875e-04
  2.05388810e-04 1.76993964e-04 1.53990386e-04 1.35095643e-04
  1.19386051e-04 1.06183942e-04 9.49833100e-05 8.54001316e-05
  7.71386200e-05 6.99678771e-05 6.37054588e-05 5.82056137e-05
  5.33507308e-05 4.90450388e-05 4.52098949e-05 4.17802248e-05
  3.87018002e-05 3.59291346e-05 3.34238423e-05 3.11533479e-05
  2.90898544e-05 2.72095574e-05]
 [1.29731583e-10 4.29492222e-04 6.08364372e-04 5.17482201e-04
  4.20461927e-04 3.43857438e-04 2.85266948e-04 2.40063514e-04
  2.04609090e-04 1.76327077e-04 1.53413896e-04 1.34592768e-04
  1.18943957e-04 1.05792630e-04 9.46348635e-05 8.50881868e-05
  7.68580301e-05 6.97143916e-05 6.34755619e-05 5.79963633e-05
  5.31596485e-05 4.88700184e-05 4.50491421e-05 4.16321934e-05
  3.85651561e-05 3.58027188e-05 3.33066445e-05 3.10444826e-05
  2.89885493e-05 2.71151111e-05]
 [1.26167796e-10 4.26414675e-04 6.05587285e-04 5.15416343e-04
  4.18873134e-04 3.42594655e-04 2.84237502e-04 2.39207650e-04
  2.03886323e-04 1.75708871e-04 1.52879463e-04 1.34126553e-04
  1.18534079e-04 1.05429818e-04 9.43117834e-05 8.47989533e-05
  7.65978428e-05 6.94793290e-05 6.32623634e-05 5.78023035e-05
  5.29824301e-05 4.87076930e-05 4.49000404e-05 4.14948858e-05
  3.84384051e-05 3.56854506e-05 3.31979231e-05 3.09434865e-05
  2.88945567e-05 2.70274845e-05]
 [1.22950319e-10 4.23564742e-04 6.03008393e-04 5.13496953e-04
  4.17396687e-04 3.41421039e-04 2.83280682e-04 2.38412116e-04
  2.03214473e-04 1.75134190e-04 1.52382636e-04 1.33693136e-04
  1.18153011e-04 1.05092495e-04 9.40113839e-05 8.45300055e-05
  7.63559057e-05 6.92607458e-05 6.30641043e-05 5.76218354e-05
  5.28176172e-05 4.85567229e-05 4.47613650e-05 4.13671744e-05
  3.83205084e-05 3.55763708e-05 3.30967882e-05 3.08495344e-05
  2.88071164e-05 2.69459641e-05]
 [1.20032249e-10 4.20917362e-04 6.00607404e-04 5.11708957e-04
  4.16021054e-04 3.40327450e-04 2.82389044e-04 2.37670741e-04
  2.02588332e-04 1.74598584e-04 1.51919571e-04 1.33289152e-04
  1.17797812e-04 1.04778059e-04 9.37313589e-05 8.42792963e-05
  7.61303593e-05 6.90569628e-05 6.28792631e-05 5.74535754e-05
  5.26639488e-05 4.84159546e-05 4.46320567e-05 4.12480851e-05
  3.82105673e-05 3.54746473e-05 3.30024712e-05 3.07619128e-05
  2.87255645e-05 2.68699292e-05]]

ATP_MAINTENANCE vs GDH
X [0.130166   0.17056234 0.21095869 0.25135503 0.29175138 0.33214772
 0.37254407 0.41294041 0.45333676 0.4937331  0.53412945 0.57452579
 0.61492214 0.65531848 0.69571483 0.73611117 0.77650752 0.81690386
 0.85730021 0.89769655 0.9380929  0.97848924 1.01888559 1.05928193
 1.09967828 1.14007462 1.18047097 1.22086731 1.26126366 1.30166   ]
Y [0.866573   1.13550945 1.4044459  1.67338234 1.94231879 2.21125524
 2.48019169 2.74912814 3.01806459 3.28700103 3.55593748 3.82487393
 4.09381038 4.36274683 4.63168328 4.90061972 5.16955617 5.43849262
 5.70742907 5.97636552 6.24530197 6.51423841 6.78317486 7.05211131
 7.32104776 7.58998421 7.85892066 8.1278571  8.39679355 8.66573   ]
[[1.86826715e-11 1.39042835e-11 1.09515667e-11 8.95927808e-12
  7.53651420e-12 6.47811186e-12 5.66563167e-12 5.02603559e-12
  4.51189561e-12 4.09114296e-12 3.74146327e-12 3.44688724e-12
  3.19576325e-12 2.97937187e-12 2.79114136e-12 2.62600071e-12
  2.48001025e-12 2.35002725e-12 2.23357513e-12 2.12865105e-12
  2.03361739e-12 1.94711602e-12 1.86806702e-12 1.79552175e-12
  1.72869043e-12 1.66692208e-12 1.60966955e-12 1.55640889e-12
  1.50676739e-12 1.46036038e-12]
 [3.77010606e-10 2.79373824e-10 2.22646207e-10 1.85160001e-10
  1.58418487e-10 1.38330577e-10 1.22684325e-10 1.10166249e-10
  9.99389626e-11 9.14409994e-11 8.42790593e-11 7.81704191e-11
  7.29054705e-11 6.83257540e-11 6.43092490e-11 6.07610096e-11
  5.76056783e-11 5.47825963e-11 5.22428732e-11 4.99470429e-11
  4.78615636e-11 4.59591364e-11 4.42170815e-11 4.26159539e-11
  4.11391825e-11 3.97730910e-11 3.85054982e-11 3.73262078e-11
  3.62261391e-11 3.51975490e-11]
 [4.33533490e-09 3.03729720e-09 2.37226133e-09 1.96250719e-09
  1.68153202e-09 1.47510126e-09 1.31617189e-09 1.18963078e-09
  1.08631057e-09 1.00028268e-09 9.27521076e-10 8.65181692e-10
  8.11188000e-10 7.63986677e-10 7.22388469e-10 6.85465374e-10
  6.52485139e-10 6.22858044e-10 5.96105829e-10 5.71836329e-10
  5.49724567e-10 5.29498942e-10 5.10931316e-10 4.93828460e-10
  4.78025186e-10 4.63380106e-10 4.49771379e-10 4.37093479e-10
  4.25254208e-10 4.14173880e-10]
 [7.34978023e-05 9.96950187e-05 1.31398107e-04 1.43603138e-04
  1.41444020e-04 3.04618253e-05 3.14789137e-02 3.85902005e-02
  6.68517899e-11 5.23379596e-09 5.86797624e-09 6.73581306e-09
  1.30603799e-02 1.65859446e-02 1.83223643e-02 1.93218726e-02
  1.99868676e-02 2.04795785e-02 2.08754199e-02 2.12122418e-02
  2.15103570e-02 2.17816905e-02 2.20318384e-02 2.22628439e-02
  2.24755823e-02 2.26675989e-02 2.28371650e-02 2.29818937e-02
  2.30982458e-02 2.31845122e-02]
 [1.54514004e-02 1.53805692e-02 1.50698988e-02 1.48374739e-02
  1.46633914e-02 1.45279495e-02 1.44188140e-02 1.66887141e-02
  1.64910309e-02 1.48087657e-02 2.02324130e-08 2.75643882e-02
  3.45769142e-02 8.16014706e-04 1.29260878e-02 1.20427449e-08
  8.46369724e-09 1.54159869e-09 1.19021958e-03 1.48796541e-03
  8.28569767e-05 1.39676403e-08 1.24410100e-08 1.07972791e-08
  9.07873774e-09 7.19468784e-10 4.59428482e-09 2.47423585e-04
  4.41812367e-05 4.42930853e-03]
 [1.33212705e-02 1.31265818e-02 1.27661375e-02 1.25087999e-02
  1.23255918e-02 1.21898278e-02 1.20851773e-02 1.20006669e-02
  1.19289400e-02 1.18650847e-02 1.18058792e-02 1.17492312e-02
  1.16939279e-02 1.16388884e-02 1.15840958e-02 1.15274363e-02
  1.14701100e-02 1.14116959e-02 1.13504108e-02 1.12870560e-02
  1.12214826e-02 1.11517359e-02 1.10788930e-02 1.10020439e-02
  1.09219347e-02 1.08383642e-02 1.07510594e-02 1.06606779e-02
  1.05672761e-02 1.04709591e-02]
 [1.10365440e-02 1.07646213e-02 1.03829617e-02 1.01147020e-02
  9.93348450e-03 9.81228635e-03 9.72959419e-03 9.66927355e-03
  9.62104512e-03 9.57887737e-03 9.53930445e-03 9.50037793e-03
  9.46101033e-03 9.42061622e-03 9.37887516e-03 9.33581604e-03
  9.29136596e-03 9.24563613e-03 9.19877636e-03 9.15086617e-03
  9.10211898e-03 9.05263358e-03 9.00254394e-03 8.95190305e-03
  8.90081315e-03 8.84936446e-03 8.79752875e-03 8.74539244e-03
  8.69294834e-03 8.64020131e-03]
 [8.66168541e-03 8.34996198e-03 7.98360409e-03 7.71096978e-03
  7.51731566e-03 7.40408789e-03 7.35543386e-03 7.33998981e-03
  7.33478965e-03 7.32957210e-03 7.32094691e-03 7.30818687e-03
  7.29142579e-03 7.27098021e-03 7.24727142e-03 7.22062415e-03
  7.19140579e-03 7.15987371e-03 7.12638052e-03 7.09115031e-03
  7.05442513e-03 7.01642101e-03 6.97735365e-03 6.93738173e-03
  6.89667071e-03 6.85536509e-03 6.81361343e-03 6.77150257e-03
  6.72914010e-03 6.68660825e-03]
 [6.30471760e-03 5.97164854e-03 5.71509252e-03 5.51167501e-03
  5.38528515e-03 5.41514242e-03 5.50511450e-03 5.56916574e-03
  5.59205313e-03 5.58396173e-03 5.55750474e-03 5.52187532e-03
  5.48266398e-03 5.44277783e-03 5.40352928e-03 5.36534029e-03
  5.32818083e-03 5.29187508e-03 5.25620457e-03 5.22095459e-03
  5.18596414e-03 5.15109386e-03 5.11629749e-03 5.08144455e-03
  5.04657848e-03 5.01166786e-03 4.97670042e-03 4.94171268e-03
  4.90671462e-03 4.87173316e-03]
 [4.14900114e-03 3.80979504e-03 3.84184363e-03 3.91488608e-03
  4.11035893e-03 4.39363376e-03 4.62674878e-03 4.76378345e-03
  4.81750095e-03 4.81294388e-03 4.77127226e-03 4.70733470e-03
  4.63087501e-03 4.54812153e-03 4.46300092e-03 4.37796174e-03
  4.29450854e-03 4.21353627e-03 4.13554385e-03 4.06077749e-03
  3.98931663e-03 3.92112897e-03 3.85612409e-03 3.79416161e-03
  3.73507190e-03 3.67869180e-03 3.62483578e-03 3.57333417e-03
  3.52401847e-03 3.47673279e-03]
 [2.52395946e-03 2.15297556e-03 2.55732416e-03 2.91348641e-03
  3.31978649e-03 3.72881055e-03 4.03944946e-03 4.22663834e-03
  4.31243729e-03 4.32771804e-03 4.29742751e-03 4.23889064e-03
  4.16350324e-03 4.07860675e-03 3.98889625e-03 3.89736450e-03
  3.80591127e-03 3.71572957e-03 3.62755853e-03 3.54183349e-03
  3.45879619e-03 3.37855792e-03 3.30115015e-03 3.22654478e-03
  3.15467986e-03 3.08547374e-03 3.01882891e-03 2.95464364e-03
  2.89281178e-03 2.83322933e-03]
 [2.21570155e-03 1.14929441e-03 1.74393540e-03 2.24189100e-03
  2.74690944e-03 3.21831600e-03 3.57329688e-03 3.79472375e-03
  3.90660839e-03 3.94115457e-03 3.92501290e-03 3.87692277e-03
  3.80931724e-03 3.73028025e-03 3.64503301e-03 3.55694079e-03
  3.46817123e-03 3.38010748e-03 3.29362483e-03 3.20926212e-03
  3.12733633e-03 3.04801656e-03 2.97137416e-03 2.89741548e-03
  2.82610352e-03 2.75737580e-03 2.69115185e-03 2.62734090e-03
  2.56584797e-03 2.50657587e-03]
 [2.17501997e-05 6.28888525e-04 1.22190935e-03 1.76091509e-03
  2.30248160e-03 2.80185217e-03 3.18216240e-03 3.42655272e-03
  3.55869333e-03 3.61013597e-03 3.60765135e-03 3.57061821e-03
  3.51209392e-03 3.44065681e-03 3.36189974e-03 3.27946310e-03
  3.19571486e-03 3.11218820e-03 3.02986717e-03 2.94937133e-03
  2.87107848e-03 2.79520159e-03 2.72184655e-03 2.65104536e-03
  2.58278176e-03 2.51700730e-03 2.45365374e-03 2.39264002e-03
  2.33387788e-03 2.27727690e-03]
 [3.28250717e-06 3.63083359e-04 8.77741201e-04 1.40426677e-03
  1.94729767e-03 2.45330344e-03 2.84622638e-03 3.10590125e-03
  3.25337019e-03 3.31912588e-03 3.32922982e-03 3.30299124e-03
  3.25373653e-03 3.19034583e-03 3.11866910e-03 3.04255121e-03
  2.96451658e-03 2.88621979e-03 2.80873771e-03 2.73276118e-03
  2.65872108e-03 2.58687464e-03 2.51735961e-03 2.45023413e-03
  2.38550251e-03 2.32313207e-03 2.26306765e-03 2.20523970e-03
  2.14956802e-03 2.09596939e-03]
 [1.29371290e-06 2.21084546e-04 6.45106273e-04 1.13428396e-03
  1.65913521e-03 2.15823821e-03 2.55471608e-03 2.82405442e-03
  2.98322467e-03 3.06088098e-03 3.08230920e-03 3.06633898e-03
  3.02621255e-03 2.97093003e-03 2.90650124e-03 2.83691461e-03
  2.76482344e-03 2.69197660e-03 2.61953319e-03 2.54824851e-03
  2.47860565e-03 2.41090269e-03 2.34531123e-03 2.28191642e-03
  2.22074444e-03 2.16178118e-03 2.10498693e-03 2.05030362e-03
  1.99766282e-03 1.94698925e-03]
 [7.14736506e-07 1.41140901e-04 4.84323030e-04 9.26949067e-04
  1.42326277e-03 1.90704417e-03 2.30067872e-03 2.57531692e-03
  2.74345057e-03 2.83111627e-03 2.86257124e-03 2.85615830e-03
  2.82482912e-03 2.77752220e-03 2.72030598e-03 2.65726509e-03
  2.59114013e-03 2.52376796e-03 2.45637516e-03 2.38977654e-03
  2.32450431e-03 2.26089671e-03 2.19915951e-03 2.13940592e-03
  2.08168577e-03 2.02600530e-03 1.97234085e-03 1.92064907e-03
  1.87087315e-03 1.82294898e-03]
 [4.60396928e-07 9.39242450e-05 3.70899773e-04 7.65882347e-04
  1.22898560e-03 1.69250779e-03 2.07890153e-03 2.35547788e-03
  2.53031355e-03 2.62650948e-03 2.66688314e-03 2.66921614e-03
  2.64617706e-03 2.60654291e-03 2.55634785e-03 2.49971416e-03
  2.43944544e-03 2.37744404e-03 2.31499797e-03 2.25297487e-03
  2.19195217e-03 2.13230875e-03 2.07428327e-03 2.01801722e-03
  1.96358553e-03 1.91101515e-03 1.86029814e-03 1.81140879e-03
  1.76430281e-03 1.71892715e-03]
 [3.24018863e-07 6.48336773e-05 2.89339879e-04 6.39479217e-04
  1.06813966e-03 1.50884059e-03 1.88509323e-03 2.16107483e-03
  2.34071507e-03 2.44413844e-03 2.49249733e-03 2.50281204e-03
  2.48744921e-03 2.45503491e-03 2.41152636e-03 2.36103538e-03
  2.30639696e-03 2.24956146e-03 2.19186727e-03 2.13422934e-03
  2.07726857e-03 2.02140005e-03 1.96689525e-03 1.91392448e-03
  1.86258537e-03 1.81292587e-03 1.76495958e-03 1.71866989e-03
  1.67403105e-03 1.63100055e-03]
 [2.41632248e-07 4.62296320e-05 2.29624658e-04 5.39328551e-04
  9.34324714e-04 1.35124260e-03 1.71555954e-03 1.98907967e-03
  2.17195715e-03 2.28141638e-03 2.33688137e-03 2.35447718e-03
  2.34617521e-03 2.32044670e-03 2.28318121e-03 2.23846457e-03
  2.18913928e-03 2.13718559e-03 2.08398085e-03 2.03048086e-03
  1.97734469e-03 1.92502249e-03 1.87381577e-03 1.82392153e-03
  1.77546133e-03 1.72850321e-03 1.68307708e-03 1.63918559e-03
  1.59681291e-03 1.55592905e-03]
 [1.87677521e-07 3.39321659e-05 1.85153828e-04 4.59246169e-04
  8.22454803e-04 1.21567669e-03 1.56706906e-03 1.83678441e-03
  2.02162064e-03 2.13604491e-03 2.19776052e-03 2.22194956e-03
  2.22011570e-03 2.20053370e-03 2.16902308e-03 2.12964974e-03
  2.08525910e-03 2.03784971e-03 1.98882739e-03 1.93918143e-03
  1.88960360e-03 1.84057544e-03 1.79242687e-03 1.74537966e-03
  1.69957742e-03 1.65510747e-03 1.61201637e-03 1.57032339e-03
  1.53002158e-03 1.49109610e-03]
 [1.50197098e-07 2.55583571e-05 1.51502283e-04 3.94634236e-04
  7.28463259e-04 1.09873639e-03 1.43678975e-03 1.70176246e-03
  1.88752685e-03 2.00597001e-03 2.07312554e-03 2.10322441e-03
  2.10727419e-03 2.09331519e-03 2.06707675e-03 2.03260298e-03
  1.99274437e-03 1.94951606e-03 1.90434758e-03 1.85825440e-03
  1.81195702e-03 1.76596323e-03 1.72062877e-03 1.67619815e-03
  1.63283531e-03 1.59064538e-03 1.54969101e-03 1.51000358e-03
  1.47159194e-03 1.43444864e-03]
 [1.22960226e-07 1.97030263e-05 1.25653270e-04 3.42047649e-04
  6.49087313e-04 9.97547988e-04 1.32224805e-03 1.58185267e-03
  1.76772066e-03 1.88936180e-03 1.96120888e-03 1.99655981e-03
  2.00591833e-03 1.99707370e-03 1.97564573e-03 1.94564495e-03
  1.90992459e-03 1.87051643e-03 1.82887231e-03 1.78603085e-03
  1.74273670e-03 1.69952156e-03 1.65676352e-03 1.61472703e-03
  1.57359410e-03 1.53348681e-03 1.49448199e-03 1.45662386e-03
  1.41993247e-03 1.38441035e-03]
 [1.02453604e-07 1.55090549e-05 1.05517686e-04 2.98884160e-04
  5.81701379e-04 9.09692498e-04 1.22129630e-03 1.47514305e-03
  1.66046369e-03 1.78459642e-03 1.86046011e-03 1.90044840e-03
  1.91456695e-03 1.91034775e-03 1.89329090e-03 1.86736280e-03
  1.83541176e-03 1.79948351e-03 1.76104992e-03 1.72117239e-03
  1.68061723e-03 1.63993729e-03 1.59952978e-03 1.55967746e-03
  1.52057918e-03 1.48237107e-03 1.44514330e-03 1.40895160e-03
  1.37382647e-03 1.33977935e-03]
 [8.65656622e-08 1.24387968e-05 8.96266214e-05 2.63163615e-04
  5.24192870e-04 8.33138113e-04 1.13207983e-03 1.37995692e-03
  1.56422074e-03 1.69024338e-03 1.76952321e-03 1.81358744e-03
  1.83195543e-03 1.83190238e-03 1.81880408e-03 1.79657531e-03
  1.76805295e-03 1.73529136e-03 1.69977985e-03 1.66260012e-03
  1.62453891e-03 1.58616812e-03 1.54790254e-03 1.51004120e-03
  1.47279742e-03 1.43632060e-03 1.40071270e-03 1.36603970e-03
  1.33234156e-03 1.29963802e-03]
 [7.39683032e-08 1.01461761e-05 7.69313590e-05 2.33368873e-04
  4.74854094e-04 7.66181165e-04 1.05300324e-03 1.29483108e-03
  1.47764535e-03 1.60504787e-03 1.68721652e-03 1.73485203e-03
  1.75700330e-03 1.76069355e-03 1.75117181e-03 1.73229779e-03
  1.70689152e-03 1.67701118e-03 1.64415986e-03 1.60943679e-03
  1.57364702e-03 1.53737988e-03 1.50106638e-03 1.46502015e-03
  1.42946756e-03 1.39457001e-03 1.36043977e-03 1.32715261e-03
  1.29475654e-03 1.26327890e-03]
 [6.37854193e-08 8.40262786e-06 6.66741502e-05 2.08328679e-04
  4.32303141e-04 7.07393983e-04 9.82698702e-04 1.21849498e-03
  1.39956160e-03 1.52791696e-03 1.61251290e-03 1.66327027e-03
  1.68878528e-03 1.69583445e-03 1.68954126e-03 1.67370705e-03
  1.65113205e-03 1.62387406e-03 1.59344634e-03 1.56096289e-03
  1.52724445e-03 1.49289640e-03 1.45836424e-03 1.42397490e-03
  1.38996702e-03 1.35651177e-03 1.32373189e-03 1.29171122e-03
  1.26050542e-03 1.23014857e-03]
 [5.54220224e-08 7.05425434e-06 5.82988965e-05 1.87132474e-04
  3.95418211e-04 6.55580640e-04 9.19996250e-04 1.14984779e-03
  1.32894677e-03 1.45789709e-03 1.54452056e-03 1.59800240e-03
  1.62650610e-03 1.63656905e-03 1.63318984e-03 1.62011076e-03
  1.60010899e-03 1.57523939e-03 1.54702215e-03 1.51658319e-03
  1.48475717e-03 1.45216305e-03 1.41925962e-03 1.38638577e-03
  1.35379074e-03 1.32165618e-03 1.29011266e-03 1.25925205e-03
  1.22913681e-03 1.19980703e-03]
 [4.84609459e-08 5.99510371e-06 5.13932218e-05 1.69066960e-04
  3.63284922e-04 6.09738209e-04 8.63896206e-04 1.08793988e-03
  1.26491190e-03 1.39416024e-03 1.48246547e-03 1.53832222e-03
  1.56948201e-03 1.58224953e-03 1.58150221e-03 1.57092208e-03
  1.55326147e-03 1.53056954e-03 1.50437116e-03 1.47580189e-03
  1.44570784e-03 1.41472021e-03 1.38330923e-03 1.35182471e-03
  1.32052569e-03 1.28960260e-03 1.25919385e-03 1.22939835e-03
  1.20028463e-03 1.17189852e-03]
 [4.26008255e-08 5.15111152e-06 4.56471107e-05 1.53569583e-04
  3.35156062e-04 5.69024584e-04 8.13542447e-04 1.03194873e-03
  1.20668572e-03 1.33598665e-03 1.42567559e-03 1.48360057e-03
  1.51712061e-03 1.53231878e-03 1.53395135e-03 1.52564069e-03
  1.51011287e-03 1.48940963e-03 1.46505825e-03 1.43820172e-03
  1.40969612e-03 1.38018291e-03 1.35014275e-03 1.31993499e-03
  1.28982750e-03 1.26001866e-03 1.23065405e-03 1.20183888e-03
  1.17364747e-03 1.14613049e-03]
 [3.76210559e-08 4.46962533e-06 4.08248992e-05 1.40193150e-04
  3.10416820e-04 5.32731736e-04 7.68205105e-04 9.81165536e-04
  1.15359867e-03 1.28275022e-03 1.37356693e-03 1.43329175e-03
  1.46891168e-03 1.48629590e-03 1.49008361e-03 1.48383733e-03
  1.47025598e-03 1.45137179e-03 1.42871318e-03 1.40342888e-03
  1.37638293e-03 1.34822613e-03 1.31944779e-03 1.29041617e-03
  1.26140687e-03 1.23262552e-03 1.20422420e-03 1.17631360e-03
  1.14897352e-03 1.12225919e-03]]

