GLT vs ACEA
X [ 5.70584 11.41168 17.11752 22.82336 28.5292  34.23504 39.94088 45.64672
 51.35256 57.0584 ]
Y [0.152595 0.30519  0.457785 0.61038  0.762975 0.91557  1.068165 1.22076
 1.373355 1.52595 ]
[[9.95660598e-05 9.49732110e-05 9.08058329e-05 8.70051668e-05
  8.35231048e-05 8.03198471e-05 7.73621276e-05 7.46219419e-05
  7.20754441e-05 6.97022551e-05]
 [2.17481124e-04 2.06336223e-04 1.96379912e-04 1.87419736e-04
  1.79304466e-04 1.71913294e-04 1.65148318e-04 1.58929204e-04
  1.53189312e-04 1.47872829e-04]
 [3.56570301e-04 3.36246764e-04 3.18401444e-04 3.02571933e-04
  2.88409637e-04 2.75645883e-04 2.64069346e-04 2.53511235e-04
  2.43834669e-04 2.34927260e-04]
 [5.20155271e-04 4.87144962e-04 4.58709979e-04 4.33878476e-04
  4.11949645e-04 3.92402341e-04 3.74839209e-04 3.58950960e-04
  3.44492122e-04 3.31265409e-04]
 [7.12113034e-04 6.61757891e-04 6.19290645e-04 5.82824871e-04
  5.51061349e-04 5.23069255e-04 4.98160305e-04 4.75811987e-04
  4.55619422e-04 4.37262463e-04]
 [9.36914288e-04 8.63079162e-04 8.02240747e-04 7.50932473e-04
  7.06879305e-04 6.68511753e-04 6.34704264e-04 6.04624103e-04
  5.77639280e-04 5.53259394e-04]
 [1.19960578e-03 1.09430882e-03 1.00971078e-03 9.39710296e-04
  8.80497834e-04 8.29543688e-04 7.85090050e-04 7.45865373e-04
  7.10926562e-04 6.79552292e-04]
 [1.50569334e-03 1.35873520e-03 1.24381376e-03 1.15058859e-03
  1.07292328e-03 1.00689590e-03 9.49857964e-04 8.99943066e-04
  8.55790684e-04 8.16381169e-04]
 [1.86086079e-03 1.65953953e-03 1.50649743e-03 1.38483482e-03
  1.28501711e-03 1.20117100e-03 1.12944165e-03 1.06717355e-03
  1.01246657e-03 9.63918672e-04]
 [2.27045143e-03 1.99951379e-03 1.79938128e-03 1.64345473e-03
  1.51743267e-03 1.41280700e-03 1.32413931e-03 1.24776171e-03
  1.18109393e-03 1.12225919e-03]]

