ACEA vs ZWF
X [0.152595 0.30519  0.457785 0.61038  0.762975 0.91557  1.068165 1.22076
 1.373355 1.52595 ]
Y [0.02658 0.05316 0.07974 0.10632 0.1329  0.15948 0.18606 0.21264 0.23922
 0.2658 ]
[[0.00257357 0.00253786 0.00250225 0.00246701 0.00243234 0.00239836
  0.00236515 0.00233275 0.00230118 0.00227045]
 [0.00230908 0.00227138 0.00223424 0.00219785 0.00216235 0.00212779
  0.00209423 0.00206167 0.00203011 0.00199951]
 [0.00210663 0.00206842 0.00203105 0.00199467 0.00195937 0.00192518
  0.0018921  0.00186012 0.00182923 0.00179938]
 [0.00194485 0.0019068  0.00186979 0.00183392 0.00179924 0.00176577
  0.00173349 0.00170237 0.00167237 0.00164345]
 [0.00181155 0.00177399 0.00173761 0.00170246 0.00166859 0.00163598
  0.0016046  0.00157442 0.00154538 0.00151743]
 [0.00169916 0.00166227 0.00162663 0.00159231 0.00155931 0.0015276
  0.00149714 0.00146789 0.0014398  0.00141281]
 [0.00160271 0.00156656 0.00153172 0.00149825 0.00146612 0.0014353
  0.00140575 0.00137741 0.00135023 0.00132414]
 [0.00151874 0.00148335 0.00144933 0.0014167  0.00138542 0.00135547
  0.00132679 0.00129932 0.001273   0.00124776]
 [0.00144478 0.00141015 0.00137693 0.00134512 0.00131467 0.00128555
  0.0012577  0.00123105 0.00120553 0.00118109]
 [0.00137898 0.00134511 0.00131267 0.00128164 0.00125199 0.00122366
  0.00119659 0.00117071 0.00114595 0.00112226]]

