LPD vs ACEA
X [0.00684413 0.01368826 0.02053239 0.02737652 0.03422065 0.04106478
 0.04790891 0.05475304 0.06159717 0.0684413 ]
Y [0.152595 0.30519  0.457785 0.61038  0.762975 0.91557  1.068165 1.22076
 1.373355 1.52595 ]
[[0.01909789 0.01772877 0.01615872 0.01469864 0.01343852 0.01236764
  0.01145437 0.01066862 0.009986   0.00938745]
 [0.01673085 0.01478395 0.01304836 0.01162182 0.01046131 0.00950774
  0.00871292 0.00804103 0.00746576 0.00696768]
 [0.01414414 0.01197444 0.01029028 0.00900152 0.00799648 0.00719413
  0.00653971 0.00599598 0.00553709 0.00514458]
 [0.01142847 0.00934145 0.00787514 0.00681082 0.0060073  0.00537984
  0.00487619 0.00446275 0.00411704 0.00382349]
 [0.00878272 0.00704006 0.0058974  0.00509454 0.0044987  0.00403782
  0.0036698  0.00336851 0.00311684 0.00290313]
 [0.00649198 0.00522242 0.00441109 0.0038434  0.00342089 0.00309232
  0.00282832 0.00261081 0.00242799 0.00227183]
 [0.00476466 0.0039181  0.00336645 0.00297253 0.00267407 0.00243842
  0.00224661 0.00208679 0.00195114 0.00183427]
 [0.00358496 0.00302856 0.00265016 0.00237151 0.00215544 0.0019817
  0.00183818 0.00171713 0.00161332 0.00152308]
 [0.00280154 0.00242287 0.00215358 0.00194915 0.00178706 0.00165447
  0.00154342 0.0014487  0.00136669 0.00129482]
 [0.00227045 0.00199951 0.00179938 0.00164345 0.00151743 0.00141281
  0.00132414 0.00124776 0.00118109 0.00112226]]

