CITRA_SYN vs LPD
X [0.4 0.8 1.2 1.6 2.  2.4 2.8 3.2 3.6 4. ]
Y [0.00684413 0.01368826 0.02053239 0.02737652 0.03422065 0.04106478
 0.04790891 0.05475304 0.06159717 0.0684413 ]
[[0.0177695  0.01760125 0.0174225  0.01723196 0.01702875 0.01681229
  0.01658222 0.01633842 0.01608099 0.01581028]
 [0.02198313 0.02127428 0.02058248 0.01988338 0.01916876 0.01843647
  0.01768765 0.01692569 0.01615563 0.01538371]
 [0.02195019 0.02058927 0.01931833 0.01807727 0.01685245 0.01564575
  0.01446636 0.01332705 0.01224148 0.01122204]
 [0.02031107 0.01842974 0.01670895 0.01507982 0.01353414 0.01208289
  0.01074282 0.00952903 0.00845033 0.00750735]
 [0.01817525 0.01594027 0.01393976 0.01211248 0.01045794 0.00898978
  0.00771813 0.00664149 0.00574583 0.00500856]
 [0.01601739 0.0135729  0.01144347 0.00957727 0.00797373 0.0066343
  0.00554538 0.00467715 0.00399124 0.00344928]
 [0.014024   0.01148319 0.00933978 0.00754485 0.0060853  0.00493632
  0.00405315 0.00338113 0.00286848 0.00247306]
 [0.01225478 0.00970163 0.00762327 0.00596419 0.00468717 0.00373471
  0.00303498 0.00251978 0.00213507 0.00184207]
 [0.01071493 0.00820866 0.00624455 0.00475117 0.00366009 0.00288303
  0.00233125 0.00193363 0.00164024 0.00141806]
 [0.00938745 0.00696768 0.00514458 0.00382349 0.00290313 0.00227183
  0.00183427 0.00152308 0.00129482 0.00112226]]

CITRA_SYN vs LPD
X [0.4 0.8 1.2 1.6 2.  2.4 2.8 3.2 3.6 4. ]
Y [0.00684413 0.01368826 0.02053239 0.02737652 0.03422065 0.04106478
 0.04790891 0.05475304 0.06159717 0.0684413 ]
[[0.0177695  0.01760125 0.0174225  0.01723196 0.01702875 0.01681229
  0.01658222 0.01633842 0.01608099 0.01581028]
 [0.02198313 0.02127428 0.02058248 0.01988338 0.01916876 0.01843647
  0.01768765 0.01692569 0.01615563 0.01538371]
 [0.02195019 0.02058927 0.01931833 0.01807727 0.01685245 0.01564575
  0.01446636 0.01332705 0.01224148 0.01122204]
 [0.02031107 0.01842974 0.01670895 0.01507982 0.01353414 0.01208289
  0.01074282 0.00952903 0.00845033 0.00750735]
 [0.01817525 0.01594027 0.01393976 0.01211248 0.01045794 0.00898978
  0.00771813 0.00664149 0.00574583 0.00500856]
 [0.01601739 0.0135729  0.01144347 0.00957727 0.00797373 0.0066343
  0.00554538 0.00467715 0.00399124 0.00344928]
 [0.014024   0.01148319 0.00933978 0.00754485 0.0060853  0.00493632
  0.00405315 0.00338113 0.00286848 0.00247306]
 [0.01225478 0.00970163 0.00762327 0.00596419 0.00468717 0.00373471
  0.00303498 0.00251978 0.00213507 0.00184207]
 [0.01071493 0.00820866 0.00624455 0.00475117 0.00366009 0.00288303
  0.00233125 0.00193363 0.00164024 0.00141806]
 [0.00938745 0.00696768 0.00514458 0.00382349 0.00290313 0.00227183
  0.00183427 0.00152308 0.00129482 0.00112226]]

