GDH vs ZWF
X [0.866573 1.733146 2.599719 3.466292 4.332865 5.199438 6.066011 6.932584
 7.799157 8.66573 ]
Y [0.02658 0.05316 0.07974 0.10632 0.1329  0.15948 0.18606 0.21264 0.23922
 0.2658 ]
[[2.49281562e-08 2.63352072e-08 2.77389429e-08 2.91410738e-08
  3.05435709e-08 3.19478382e-08 3.33558945e-08 3.47694900e-08
  3.61905360e-08 3.76210559e-08]
 [1.56973303e-04 1.58683922e-04 1.60391060e-04 1.62093820e-04
  1.63790505e-04 1.65479819e-04 1.67159839e-04 1.68828509e-04
  1.70483540e-04 1.72122288e-04]
 [8.71825182e-04 8.72355020e-04 8.72576736e-04 8.72510990e-04
  8.72177889e-04 8.71596507e-04 8.70785136e-04 8.69761222e-04
  8.68541254e-04 8.67141473e-04]
 [1.45776305e-03 1.44526254e-03 1.43274068e-03 1.42023831e-03
  1.40778887e-03 1.39541926e-03 1.38315137e-03 1.37100283e-03
  1.35898749e-03 1.34711662e-03]
 [1.67197548e-03 1.64932507e-03 1.62710858e-03 1.60535530e-03
  1.58408381e-03 1.56330402e-03 1.54301966e-03 1.52322958e-03
  1.50392899e-03 1.48511069e-03]
 [1.69515059e-03 1.66697614e-03 1.63952007e-03 1.61281430e-03
  1.58687241e-03 1.56169539e-03 1.53727491e-03 1.51359645e-03
  1.49064125e-03 1.46838770e-03]
 [1.64082493e-03 1.60971754e-03 1.57953214e-03 1.55030275e-03
  1.52203790e-03 1.49472936e-03 1.46835720e-03 1.44289495e-03
  1.41831144e-03 1.39457326e-03]
 [1.55820162e-03 1.52552223e-03 1.49394225e-03 1.46348924e-03
  1.43416083e-03 1.40593584e-03 1.37878151e-03 1.35265828e-03
  1.32752257e-03 1.30333093e-03]
 [1.46800298e-03 1.43450682e-03 1.40227636e-03 1.37132416e-03
  1.34163159e-03 1.31316160e-03 1.28586680e-03 1.25969420e-03
  1.23458908e-03 1.21049644e-03]
 [1.37897662e-03 1.34511239e-03 1.31267061e-03 1.28164270e-03
  1.25199044e-03 1.22365925e-03 1.19658641e-03 1.17070596e-03
  1.14595174e-03 1.12225919e-03]]

