ATP_MAINTENANCE vs ACEA
X [0.130166 0.260332 0.390498 0.520664 0.65083  0.780996 0.911162 1.041328
 1.171494 1.30166 ]
Y [0.152595 0.30519  0.457785 0.61038  0.762975 0.91557  1.068165 1.22076
 1.373355 1.52595 ]
[[2.94577444e-12 2.64691569e-12 2.40301938e-12 2.20022043e-12
  2.02895336e-12 1.88239203e-12 1.75557750e-12 1.64475272e-12
  1.54708745e-12 1.46036038e-12]
 [2.50137925e-02 3.14308861e-02 2.63954343e-02 2.29524773e-02
  2.07699535e-02 1.92518036e-02 1.81058980e-02 1.71826629e-02
  1.64005275e-02 1.57103017e-02]
 [1.02786002e-02 9.82731532e-03 9.44908613e-03 9.12276296e-03
  8.83550710e-03 8.57889174e-03 8.34692694e-03 8.13528180e-03
  7.94063534e-03 7.76043772e-03]
 [5.51646312e-03 4.95672759e-03 4.52944982e-03 4.18816022e-03
  3.90677777e-03 3.66927173e-03 3.46512886e-03 3.28709451e-03
  3.12999596e-03 2.98999488e-03]
 [4.18391634e-03 3.71525255e-03 3.36068959e-03 3.07976576e-03
  2.84988241e-03 2.65720724e-03 2.49269849e-03 2.35014597e-03
  2.22511508e-03 2.11433907e-03]
 [3.41652657e-03 3.02451765e-03 2.73012108e-03 2.49812008e-03
  2.30905356e-03 2.15110604e-03 2.01660517e-03 1.90030972e-03
  1.79849496e-03 1.70842768e-03]
 [2.95582365e-03 2.61176975e-03 2.35487151e-03 2.15323612e-03
  1.98940180e-03 1.85284108e-03 1.73675527e-03 1.63652102e-03
  1.54886436e-03 1.47139062e-03]
 [2.65360609e-03 2.34146799e-03 2.10944436e-03 1.92789450e-03
  1.78071061e-03 1.65823476e-03 1.55425686e-03 1.46456810e-03
  1.38619661e-03 1.31697376e-03]
 [2.43627545e-03 2.14736734e-03 1.93336788e-03 1.76632296e-03
  1.63113270e-03 1.51878262e-03 1.42349573e-03 1.34136736e-03
  1.26964602e-03 1.20632796e-03]
 [2.27045143e-03 1.99951379e-03 1.79938128e-03 1.64345473e-03
  1.51743267e-03 1.41280700e-03 1.32413931e-03 1.24776171e-03
  1.18109393e-03 1.12225919e-03]]

