ATP_MAINTENANCE vs ACEA
X [ 0.130166  1.561992  2.993818  4.425644  5.85747   7.289296  8.721122
 10.152948 11.584774 13.0166  ]
Y [ 0.152595  1.83114   3.509685  5.18823   6.866775  8.54532  10.223865
 11.90241  13.580955 15.2595  ]
[[9.29398145e-02 9.29871606e-02 9.30001988e-02 9.30062731e-02
  9.30098204e-02 9.30121259e-02 9.30137504e-02 9.30149422e-02
  9.30158796e-02 9.30166235e-02]
 [9.23108803e-08 2.19188514e-11 5.11799578e-10 4.06802081e-09
  9.64859082e-10 2.62751154e-10 1.79561255e-10 1.07963283e-09
  4.68969398e-10 8.40260195e-09]
 [2.42279848e-07 2.92165576e-08 2.65414271e-08 7.23970728e-09
  1.50239821e-11 1.39329816e-09 4.12843467e-11 6.04572932e-08
  1.96636579e-07 3.94556893e-09]
 [2.35434665e-08 5.85890383e-08 4.46537345e-08 3.27657996e-08
  1.79740499e-10 1.82519945e-10 1.05312135e-07 1.65787384e-11
  1.33293954e-07 1.25193383e-07]
 [4.38187591e-08 1.07370902e-09 1.17027643e-08 9.36934658e-11
  5.86270810e-10 7.70658258e-12 1.16745667e-10 3.42897075e-08
  9.73043600e-11 5.06760814e-11]
 [4.42137339e-11 1.68426678e-09 4.82259476e-07 3.32019656e-09
  2.27743154e-07 1.71990424e-10 7.45452545e-11 1.30372594e-09
  8.17520658e-08 2.19371938e-08]
 [8.61216054e-09 1.54493266e-07 4.89188745e-10 1.91496582e-09
  3.44084694e-09 1.00768734e-09 3.64779520e-11 6.16841245e-10
  2.16658083e-07 7.10250303e-08]
 [1.32897253e-08 5.02816948e-11 1.72710135e-09 3.49581598e-10
  1.08827931e-08 4.39462649e-09 1.78222908e-10 7.28077598e-11
  5.68448923e-11 5.20574046e-07]
 [1.39219975e-11 3.48417939e-09 5.25226551e-09 1.58057105e-08
  1.37248650e-09 4.57736224e-08 1.72723593e-09 6.33191313e-12
  8.09818879e-12 8.08553124e-12]
 [7.60930869e-08 1.36852523e-09 7.34974326e-10 4.24645746e-12
  3.25779386e-08 1.70724253e-10 1.44201525e-09 8.48842583e-09
  8.22737067e-07 2.02849930e-09]]

