ATP_MAINTENANCE vs GDH
X [ 0.130166  1.561992  2.993818  4.425644  5.85747   7.289296  8.721122
 10.152948 11.584774 13.0166  ]
Y [ 0.866573 10.398876 19.931179 29.463482 38.995785 48.528088 58.060391
 67.592694 77.124997 86.6573  ]
[[6.91499722e-02 9.34164778e-02 9.42097760e-02 9.43922056e-02
  9.44646548e-02 9.45031445e-02 9.45279453e-02 9.45464766e-02
  9.45617964e-02 9.45749351e-02]
 [7.31970266e-04 1.18482245e-07 5.19169201e-08 6.91548707e-09
  1.13907350e-07 6.18907958e-11 9.92428761e-09 4.87005193e-09
  4.47389883e-08 5.42418443e-09]
 [8.48558052e-04 9.34989908e-09 4.94446337e-07 9.43477258e-10
  9.34944104e-08 3.99334610e-10 8.47315929e-11 1.29325292e-11
  3.60888619e-10 3.01248104e-10]
 [8.82901727e-04 7.86579646e-09 9.06800204e-11 2.37888954e-10
  5.33328737e-09 2.00146282e-12 7.93298947e-10 1.57488899e-08
  1.21957977e-08 9.27877930e-09]
 [8.99025483e-04 6.87798850e-11 5.92647525e-07 1.07580992e-06
  1.00100082e-08 4.15623091e-11 9.50016773e-10 1.66786969e-07
  1.97930631e-10 2.01165657e-08]
 [9.08439703e-04 8.17481039e-10 2.06569114e-09 2.45518095e-09
  8.53372248e-08 8.06917644e-10 6.62081875e-11 9.54678675e-10
  1.42859091e-11 4.17544466e-09]
 [9.14627026e-04 1.01320269e-09 9.63701584e-11 3.11217718e-11
  8.37386191e-09 3.20061467e-09 6.07428336e-11 1.17283505e-08
  1.32190332e-07 4.79605300e-07]
 [9.20257043e-04 3.48438487e-10 6.46067892e-11 8.82506068e-08
  4.35917415e-09 6.36504022e-10 1.23269572e-09 2.74754693e-09
  4.66148631e-09 1.25565216e-09]
 [9.22280188e-04 1.21124513e-09 6.10406015e-09 8.96346330e-10
  2.39397994e-10 2.23689595e-10 6.87008096e-10 1.33039116e-10
  1.63222315e-07 7.06858192e-10]
 [9.24813996e-04 3.86730391e-11 1.35046196e-10 8.97823149e-10
  4.74836497e-08 2.26216366e-11 5.42228484e-11 6.49493766e-11
  3.17458726e-10 2.70095562e-10]]

