LPD vs ATP_MAINTENANCE
X [0.00684413 0.08212956 0.15741499 0.23270042 0.30798585 0.38327128
 0.45855671 0.53384214 0.60912757 0.684413  ]
Y [ 0.130166  1.561992  2.993818  4.425644  5.85747   7.289296  8.721122
 10.152948 11.584774 13.0166  ]
[[9.29927946e-02 6.75885778e-08 2.64029267e-07 1.41993492e-07
  3.16924371e-10 7.49638083e-10 4.65202699e-09 1.12190346e-10
  2.22888374e-11 2.62122428e-09]
 [9.29827657e-02 3.25751002e-09 2.93355137e-07 4.11924748e-07
  6.23856984e-11 4.46138366e-09 1.12316573e-11 3.58167342e-10
  3.66510533e-09 7.74260095e-10]
 [9.29821789e-02 2.56548171e-07 1.28159190e-10 1.21396736e-07
  3.49631433e-08 1.45021253e-10 3.76021652e-11 7.60911689e-09
  1.10954822e-08 1.58770774e-11]
 [9.29819698e-02 5.84992055e-11 5.02928119e-08 4.50370422e-09
  3.74641263e-09 5.10392395e-10 4.48723632e-09 8.13660297e-09
  1.20945369e-11 3.09596793e-11]
 [9.29818590e-02 9.64209631e-10 1.87819835e-08 7.20894374e-12
  1.96291006e-09 3.47135591e-08 2.14526421e-07 5.50565257e-11
  9.29651335e-09 2.98779527e-09]
 [9.29818016e-02 1.48468764e-07 3.86817818e-08 9.04430832e-08
  3.38770820e-09 1.57259802e-07 4.31638837e-11 2.91453765e-09
  8.21911935e-10 1.94304540e-10]
 [9.29817523e-02 8.50368827e-10 1.43247272e-08 4.14495545e-08
  2.06497847e-07 1.02225511e-11 2.76432928e-07 7.43202222e-07
  1.88606308e-09 4.24015467e-09]
 [9.29817305e-02 2.47919688e-11 2.02429855e-08 3.45727630e-09
  8.23881104e-10 6.03482040e-08 6.70005054e-08 2.71906559e-08
  3.50852458e-10 1.61785889e-11]
 [9.29816958e-02 1.21168783e-07 4.14334879e-08 5.29093714e-09
  7.41809880e-09 4.82323070e-11 4.73711859e-10 2.46887832e-07
  9.08744878e-10 9.40177217e-10]
 [9.29817119e-02 4.73680043e-10 3.83670426e-07 1.04758692e-07
  5.04866863e-07 8.11875716e-08 3.89027007e-11 7.01730779e-10
  4.71590988e-10 5.71771221e-07]]

