GLT vs ACEA
X [  5.70584  68.47008 131.23432 193.99856 256.7628  319.52704 382.29128
 445.05552 507.81976 570.584  ]
Y [ 0.152595  1.83114   3.509685  5.18823   6.866775  8.54532  10.223865
 11.90241  13.580955 15.2595  ]
[[5.42429322e-09 3.92471317e-09 1.13939707e-08 5.35082903e-08
  1.76905872e-10 6.53229835e-10 1.19633682e-11 6.19763270e-10
  7.43061663e-08 2.97290266e-09]
 [4.07015488e-09 1.71009693e-08 3.79326016e-09 9.06281516e-09
  1.21854482e-09 4.27925568e-08 1.79127123e-07 3.73742060e-08
  3.31396564e-08 6.66069137e-12]
 [7.55970786e-08 1.12602629e-09 6.00773662e-08 2.19935765e-06
  1.63852403e-07 1.89308778e-07 2.37724895e-07 5.92574878e-11
  2.53208384e-07 1.94095658e-08]
 [2.71488555e-09 1.28988018e-11 1.15413026e-08 9.54795889e-08
  8.37608951e-09 5.59501621e-08 1.98630498e-07 3.45882901e-09
  2.69108358e-09 5.14156265e-11]
 [3.09522626e-10 3.07038342e-07 1.58504669e-10 6.55242978e-09
  1.83307976e-08 1.14898990e-09 3.86490826e-09 2.75560016e-06
  9.56726474e-07 1.83707938e-09]
 [7.59687055e-08 2.25716137e-10 9.89600635e-07 2.04910936e-07
  2.22704980e-07 1.11742206e-07 5.17415977e-09 1.86395148e-09
  3.15392183e-08 1.95311640e-08]
 [6.55817400e-10 1.06737613e-08 3.84695787e-09 7.61632388e-08
  2.62890421e-09 2.38557895e-10 6.13657463e-08 6.53043059e-07
  2.64181957e-10 3.71141340e-10]
 [3.05339753e-09 5.90344851e-08 5.22245802e-07 5.02415143e-07
  9.72838590e-09 1.52617323e-08 1.11614075e-07 3.57097676e-08
  2.56006502e-07 3.44544917e-07]
 [1.13462289e-08 1.91499452e-08 1.73565087e-08 2.82428495e-07
  1.79976507e-08 1.52294080e-08 1.97085739e-08 3.49905990e-07
  3.59383882e-06 1.05978345e-10]
 [1.41975268e-09 8.50665399e-09 1.12089635e-06 1.94117900e-08
  2.86299873e-11 1.82358977e-09 2.01880316e-07 2.89017853e-08
  4.49923612e-10 3.44957809e-06]]

