ATP_syn vs ZWF
X [  10.8733  130.4796  250.0859  369.6922  489.2985  608.9048  728.5111
  848.1174  967.7237 1087.33  ]
Y [0.02658 0.31896 0.61134 0.90372 1.1961  1.48848 1.78086 2.07324 2.36562
 2.658  ]
[[2.28095159e-03 2.78041641e-02 5.15928572e-02 5.33471336e-02
  5.32408318e-02 5.31346827e-02 5.31304112e-02 5.31962067e-02
  5.33048127e-02 5.34349203e-02]
 [4.03201872e-07 4.95813451e-09 1.37513792e-10 1.89076998e-10
  1.16042342e-10 3.29904297e-08 3.03834057e-10 2.28682028e-10
  2.37785854e-11 1.57031176e-09]
 [1.37059313e-07 2.35502011e-08 6.89288338e-09 2.33352968e-08
  1.92248419e-08 1.06728417e-07 8.94749084e-10 2.75437849e-09
  4.68431960e-11 7.31275640e-09]
 [2.03345474e-09 5.87624334e-09 1.54015700e-08 1.52855839e-07
  1.57313147e-08 2.09125096e-10 1.77878960e-07 7.64656305e-10
  6.77973693e-08 3.81741808e-07]
 [2.62170285e-10 5.32991934e-10 1.01111788e-08 1.08462362e-07
  1.15341736e-09 9.33621779e-09 1.57528868e-08 1.47812659e-07
  1.89406024e-08 6.37410458e-09]
 [1.69548819e-09 4.25090088e-08 3.78412484e-11 5.15515186e-10
  1.97313201e-08 7.47645130e-08 3.78198490e-10 4.97403674e-10
  4.35366391e-07 2.26848775e-08]
 [1.66102687e-11 2.65131184e-09 1.90416034e-08 3.34923140e-11
  5.74096326e-12 4.97638764e-10 1.47616142e-10 4.81090767e-09
  7.68144865e-08 4.75018435e-11]
 [1.92961203e-11 6.30846200e-11 2.74531719e-07 2.66031927e-11
  5.83258757e-10 3.80990042e-10 5.93677165e-11 8.74766926e-12
  2.94858782e-09 4.60357389e-07]
 [2.78746926e-12 1.52778866e-11 3.33861117e-09 9.89168515e-07
  7.83911602e-10 5.00311164e-12 2.55667991e-08 6.03575435e-10
  1.91358049e-08 2.06090786e-10]
 [1.33935319e-11 4.67478487e-08 4.57933951e-12 3.47424201e-09
  2.58743604e-08 5.43537670e-08 2.00072510e-07 3.65031607e-11
  3.73198961e-09 9.22466104e-09]]

