ACEA vs ZWF
X [ 0.152595  1.83114   3.509685  5.18823   6.866775  8.54532  10.223865
 11.90241  13.580955 15.2595  ]
Y [0.02658 0.31896 0.61134 0.90372 1.1961  1.48848 1.78086 2.07324 2.36562
 2.658  ]
[[9.44556613e-08 1.79038539e-09 3.40992878e-09 7.77198730e-09
  2.67851134e-09 1.25754510e-07 5.48052670e-09 4.30117697e-09
  4.53508286e-10 1.13977656e-07]
 [3.63410974e-08 1.37163393e-13 9.21853808e-07 5.11376363e-09
  9.62309565e-10 2.16739848e-08 1.54609551e-11 3.26861835e-09
  3.56568043e-09 4.66955931e-07]
 [3.81446097e-08 9.62145088e-10 5.56115954e-10 4.38951719e-09
  7.04679870e-08 7.33132988e-08 3.52721261e-08 1.64247851e-08
  1.63019909e-09 1.58668634e-11]
 [6.26856317e-10 6.84688928e-09 2.68992921e-07 7.23133020e-09
  5.35079059e-08 1.61707783e-08 2.53014651e-09 3.65271018e-07
  6.42882197e-07 2.16037537e-09]
 [3.12371364e-08 4.96247350e-08 3.48435347e-09 4.10371830e-08
  3.23415827e-10 4.69707406e-09 1.63856766e-07 1.28545739e-06
  1.08458233e-09 4.75300382e-09]
 [4.71725259e-09 9.32320887e-12 1.91328341e-07 6.04990946e-09
  1.62093908e-09 1.12818963e-08 1.06711109e-08 9.26197379e-11
  2.74283502e-07 1.84009241e-09]
 [1.24806325e-09 6.79833478e-09 4.66807926e-10 8.76922295e-08
  4.22404883e-09 7.66255053e-08 2.61392656e-09 1.00656396e-07
  1.56291801e-07 1.68329441e-07]
 [1.14344649e-08 2.29682575e-08 2.80313239e-09 2.17570508e-07
  1.09765619e-09 3.17349742e-07 3.40232469e-08 1.00337432e-08
  1.58068607e-09 3.88209798e-09]
 [6.38611208e-09 4.64628677e-09 3.23685856e-09 2.22547314e-10
  6.62882765e-12 7.21450899e-10 3.46966453e-09 1.13252013e-07
  1.50843806e-07 2.72091185e-08]
 [2.65352000e-08 1.64390960e-10 5.15904324e-08 3.12804382e-09
  5.21558352e-11 2.13518166e-06 1.36144034e-07 7.36314685e-08
  3.35957831e-11 2.31169327e-09]]

