CITRA_SYN vs LPD
X [ 0.4  4.8  9.2 13.6 18.  22.4 26.8 31.2 35.6 40. ]
Y [0.00684413 0.08212956 0.15741499 0.23270042 0.30798585 0.38327128
 0.45855671 0.53384214 0.60912757 0.684413  ]
[[2.01320864e-07 3.79287851e-11 1.01144237e-08 2.05257589e-10
  2.11446911e-07 5.52397736e-07 2.78548189e-08 6.19247524e-08
  2.17233267e-07 3.73315563e-09]
 [8.39984072e-12 9.41014019e-09 1.54290583e-09 5.17210053e-09
  3.69440256e-10 1.72292033e-07 1.22148707e-08 1.46210086e-08
  2.44198621e-07 2.42106113e-09]
 [1.32064026e-09 1.76165156e-08 3.11712608e-10 2.35641817e-09
  1.04957819e-08 1.06159041e-08 1.48871691e-08 8.06003225e-11
  2.85229450e-08 1.74192955e-08]
 [4.72868469e-08 3.06936920e-10 3.61187853e-09 7.19315210e-08
  1.65439768e-07 4.35872405e-09 2.35590234e-08 1.99034123e-10
  8.22404879e-11 4.21374709e-10]
 [1.93451740e-07 2.64306468e-08 4.01196854e-11 2.85966623e-07
  1.61948699e-09 2.34385844e-10 3.74288267e-09 1.25577304e-09
  3.51422980e-09 9.79510730e-10]
 [4.57117429e-09 4.97311858e-09 1.49366342e-09 2.92638702e-09
  4.80015220e-08 1.56958353e-11 2.22388964e-09 1.19814381e-09
  1.59576961e-08 1.30896303e-08]
 [2.96371254e-08 3.24352143e-08 1.18027810e-11 5.80009131e-09
  1.27661215e-09 4.04527842e-10 9.91658336e-09 1.59353565e-11
  3.22542843e-09 6.22681805e-11]
 [6.59721801e-10 1.28243477e-09 1.09529318e-10 2.16083262e-08
  7.87671731e-09 5.35243693e-11 1.59825680e-09 1.27554880e-08
  7.05738188e-09 1.09408082e-09]
 [2.97240710e-08 5.19495969e-09 3.67090042e-09 3.41356970e-10
  4.77642513e-09 5.47724601e-10 5.75447586e-08 5.61941601e-09
  8.53892630e-08 3.55971643e-11]
 [9.42572524e-09 1.34495479e-08 3.17047235e-09 5.17048446e-09
  3.35440062e-10 5.68518497e-10 8.62185850e-10 8.22938502e-08
  4.40892703e-08 1.21560026e-08]]

