CITRA_SYN vs ATP_MAINTENANCE
X [ 0.4  4.8  9.2 13.6 18.  22.4 26.8 31.2 35.6 40. ]
Y [ 0.130166  1.561992  2.993818  4.425644  5.85747   7.289296  8.721122
 10.152948 11.584774 13.0166  ]
[[9.13307539e-02 2.30826047e-09 6.57194826e-10 1.33296171e-09
  1.85829130e-11 1.15680248e-08 4.58066118e-09 2.00196075e-11
  3.27162870e-08 2.81040111e-08]
 [9.29880166e-02 1.11464458e-08 5.39910028e-09 1.01631215e-10
  6.36864077e-10 3.66944124e-09 1.99514175e-09 9.06621867e-10
  6.31628896e-09 3.12583737e-10]
 [9.29985454e-02 1.44161880e-07 1.55923371e-08 1.40296325e-09
  1.57348710e-07 4.34442546e-08 9.46493865e-10 2.44087351e-10
  5.89685355e-10 1.61154082e-09]
 [9.30017755e-02 6.10651529e-11 2.21497382e-07 2.47600310e-10
  7.03594116e-09 5.71116288e-09 1.22214479e-09 9.03712793e-09
  3.09516345e-11 3.00597036e-09]
 [9.30033438e-02 2.85938441e-11 2.56303530e-10 5.36892278e-09
  1.66154884e-07 1.86492428e-07 4.98199770e-09 4.69915773e-09
  2.30757925e-09 1.53788095e-08]
 [9.30042536e-02 2.79542918e-08 2.00863317e-10 8.42190845e-08
  6.65001609e-10 7.19060322e-09 2.83407986e-09 6.40284339e-10
  3.61205350e-09 5.18138504e-10]
 [9.30048912e-02 1.29270495e-11 5.73171940e-10 1.46247286e-09
  1.82274600e-09 3.13424916e-09 2.77178280e-12 3.90932178e-12
  9.79732961e-10 2.14815077e-09]
 [9.30052369e-02 4.03440041e-10 8.17613017e-11 2.14188663e-11
  1.31350800e-06 3.44580527e-12 2.77575740e-10 6.39183289e-10
  3.26124572e-09 5.08727787e-08]
 [9.30055775e-02 1.77757313e-11 3.08158533e-09 5.68448399e-09
  1.49113332e-07 1.34965721e-08 1.90293089e-11 2.04570515e-11
  8.68916050e-11 3.64260531e-08]
 [9.30058417e-02 6.02528422e-12 7.83134220e-12 3.44382117e-12
  4.46819709e-09 8.50847896e-10 3.58262559e-11 1.05123235e-07
  1.19235466e-09 4.55324358e-09]]

