ACEA
[0.30519    0.36944053 0.43369105 0.49794158 0.56219211 0.62644263
 0.69069316 0.75494368 0.81919421 0.88344474 0.94769526 1.01194579
 1.07619632 1.14044684 1.20469737 1.26894789 1.33319842 1.39744895
 1.46169947 1.52595   ]
[0.001999513788556551, 0.0019085581832926752, 0.0018275554588637103, 0.0017547898548433782, 0.001688938883859578, 0.001628963173029576, 0.0015740324020753942, 0.0015234737154113502, 0.0014767348200393027, 0.0014333575135120477, 0.0013929577847610437, 0.001355210665403448, 0.00131983950325361, 0.001286606536762398, 0.0012553061523953696, 0.001225760134619934, 0.001197811872926362, 0.0011713242360681347, 0.0011461758177629365, 0.0011222591862327961]
ACEB
[0.0705538  0.08540723 0.10026066 0.11511409 0.12996753 0.14482096
 0.15967439 0.17452782 0.18938125 0.20423468 0.21908812 0.23394155
 0.24879498 0.26364841 0.27850184 0.29335527 0.30820871 0.32306214
 0.33791557 0.352769  ]
[0.0013103758441591958, 0.0012734143081892793, 0.0012462178560469785, 0.0012253614192272902, 0.0012088556582614087, 0.001195465701851497, 0.0011843842869174767, 0.0011750609497094393, 0.0011671076104386782, 0.00116024265069602, 0.0011542567603071278, 0.0011489911059922038, 0.0011443229716533523, 0.0011401560064632735, 0.001136413655007387, 0.0011330340372614862, 0.0011299668203912535, 0.0011271706858669026, 0.001124611035826982, 0.0011222591862327961]
ACK
[1.446      1.75042105 2.05484211 2.35926316 2.66368421 2.96810526
 3.27252632 3.57694737 3.88136842 4.18578947 4.49021053 4.79463158
 5.09905263 5.40347368 5.70789474 6.01231579 6.31673684 6.62115789
 6.92557895 7.23      ]
[0.0011226140610187806, 0.0011225940547400328, 0.0011225742099272424, 0.0011225544587125584, 0.0011225349264733808, 0.0011225155041824349, 0.0011224962633447635, 0.0011224771956087722, 0.0011224582023772434, 0.0011224395050826335, 0.0011224207735146682, 0.0011224022155581163, 0.0011223838716844334, 0.0011223656677855054, 0.0011223475792161532, 0.0011223296211140636, 0.0011223118141652016, 0.001122294162361675, 0.0011222766001176626, 0.0011222591862327961]
ACN_1
[1.944826   2.35426305 2.76370011 3.17313716 3.58257421 3.99201126
 4.40144832 4.81088537 5.22032242 5.62975947 6.03919653 6.44863358
 6.85807063 7.26750768 7.67694474 8.08638179 8.49581884 8.90525589
 9.31469295 9.72413   ]
[0.0011218187342720387, 0.0011219156086537216, 0.0011219834586894354, 0.0011220335844195452, 0.0011220720991936472, 0.0011221026244571386, 0.001122127447846819, 0.0011221479988559842, 0.0011221652906243478, 0.0011221801035727584, 0.001122192865841672, 0.0011222040224374307, 0.0011222137973659065, 0.0011222225023866045, 0.001122230243125605, 0.0011222375766295704, 0.0011222435007117644, 0.0011222492891482477, 0.001122254416044987, 0.0011222591862327961]
ACN_2
[1.973142   2.38854032 2.80393863 3.21933695 3.63473526 4.05013358
 4.46553189 4.88093021 5.29632853 5.71172684 6.12712516 6.54252347
 6.95792179 7.37332011 7.78871842 8.20411674 8.61951505 9.03491337
 9.45031168 9.86571   ]
[0.0011218918896096922, 0.0011219733198506816, 0.0011220304505209335, 0.0011220722503195635, 0.0011221043858870008, 0.0011221297551202187, 0.0011221503617796374, 0.0011221674059545403, 0.0011221817436738116, 0.0011221939679418183, 0.0011222045006617043, 0.001122213673296336, 0.0011222217908033114, 0.001122228958395347, 0.001122235345937425, 0.0011222410914283735, 0.00112224651444525, 0.001122250974565222, 0.0011222551826445151, 0.0011222591862327961]
ACS
[1.46       1.76736842 2.07473684 2.38210526 2.68947368 2.99684211
 3.30421053 3.61157895 3.91894737 4.22631579 4.53368421 4.84105263
 5.14842105 5.45578947 5.76315789 6.07052632 6.37789474 6.68526316
 6.99263158 7.3       ]
[0.0011222505388090876, 0.001122252420602133, 0.0011222538020816085, 0.001122254728149534, 0.001122255478005453, 0.0011222560740448075, 0.0011222565762804583, 0.0011222569843186653, 0.001122257346795833, 0.001122257616953685, 0.0011222578599624842, 0.0011222580903591235, 0.001122258363945849, 0.001122258457461152, 0.001122258610554023, 0.0011222587516503638, 0.0011222588733326342, 0.001122258989731489, 0.0011222591055184406, 0.0011222591862327961]
ATP_MAINTENANCE
[0.260332   0.31513874 0.36994547 0.42475221 0.47955895 0.53436568
 0.58917242 0.64397916 0.69878589 0.75359263 0.80839937 0.86320611
 0.91801284 0.97281958 1.02762632 1.08243305 1.13723979 1.19204653
 1.24685326 1.30166   ]
[0.015710301696020463, 0.021471147683366044, 0.008768125935084527, 0.006136984023466681, 0.0038794384682837306, 0.002830789364016386, 0.0024161108839069433, 0.002143164462505422, 0.0019367539819797363, 0.0017757236321198273, 0.0016483440620529153, 0.0015458663945491417, 0.0014616921364953887, 0.0013910829175792251, 0.0013307403138530642, 0.0012783769574663283, 0.0012323779183739216, 0.0011915750206793077, 0.0011550932145301068, 0.0011222591862327961]
ATP_syn
[ 21.7466      26.32483158  30.90306316  35.48129474  40.05952632
  44.63775789  49.21598947  53.79422105  58.37245263  62.95068421
  67.52891579  72.10714737  76.68537895  81.26361053  85.84184211
  90.42007368  94.99830526  99.57653684 104.15476842 108.733     ]
[0.002294446035530073, 0.002283981055290903, 0.0021724952391492603, 0.00203901555974727, 0.0019151957420256774, 0.0018058021949570113, 0.0017098040973759937, 0.0016255391071739326, 0.0015514902687488218, 0.0014863248896684093, 0.0014288608183461197, 0.0013780463542029668, 0.001332954262103413, 0.0012927758866839488, 0.0012568136257514878, 0.0012244706429188278, 0.0011952402877906082, 0.0011686936072346453, 0.0011444684104417854, 0.0011222591862327961]
CITRA_SYN
[0.8        0.96842105 1.13684211 1.30526316 1.47368421 1.64210526
 1.81052632 1.97894737 2.14736842 2.31578947 2.48421053 2.65263158
 2.82105263 2.98947368 3.15789474 3.32631579 3.49473684 3.66315789
 3.83157895 4.        ]
[0.015383707981862267, 0.01372869079642223, 0.011900117162422253, 0.010134058466722447, 0.008549327610745271, 0.007188611944198449, 0.006050730256578401, 0.005113147155649045, 0.00434584462482942, 0.003718763540656633, 0.003205141465100732, 0.002782547992193029, 0.0024327978397636696, 0.0021414091593556354, 0.001896949858131414, 0.0016904219257063316, 0.0015147375535731547, 0.0013642964583544877, 0.0012346531890266826, 0.0011222591862327961]
CYTBO
[1.70809    2.06768789 2.42728579 2.78688368 3.14648158 3.50607947
 3.86567737 4.22527526 4.58487316 4.94447105 5.30406895 5.66366684
 6.02326474 6.38286263 6.74246053 7.10205842 7.46165632 7.82125421
 8.18085211 8.54045   ]
[3.659053761595045e-12, 9.116435754085717e-08, 0.0005242148111228998, 0.000899609886142459, 0.0010369736109079465, 0.0010933303494622478, 0.0011182282498397422, 0.0011295142160161946, 0.0011344279706691676, 0.0011361732087459622, 0.001136267490127907, 0.0011354720801544879, 0.0011341883901260826, 0.0011326381713210431, 0.0011309493976394199, 0.0011291964854063048, 0.0011274273381256265, 0.0011256704277310457, 0.0011239439388980091, 0.0011222591862327961]
EDA
[0.01550482 0.01876899 0.02203317 0.02529734 0.02856151 0.03182568
 0.03508986 0.03835403 0.0416182  0.04488237 0.04814655 0.05141072
 0.05467489 0.05793906 0.06120324 0.06446741 0.06773158 0.07099575
 0.07425993 0.0775241 ]
[0.0011225139669230736, 0.001122489724916719, 0.0011224569454790253, 0.0011224253711939023, 0.0011223979763864836, 0.0011223750971901861, 0.0011223560949896528, 0.0011223402935069354, 0.0011223270844459665, 0.001122315874952142, 0.0011223063299710075, 0.0011222981068017728, 0.0011222909622340493, 0.0011222847045478219, 0.0011222791826425726, 0.0011222742816894686, 0.0011222694109841312, 0.0011222659665401941, 0.0011222623722143552, 0.0011222591862327961]
EDD
[0.0222718 0.0269606 0.0316494 0.0363382 0.041027  0.0457158 0.0504046
 0.0550934 0.0597822 0.064471  0.0691598 0.0738486 0.0785374 0.0832262
 0.087915  0.0926038 0.0972926 0.1019814 0.1066702 0.111359 ]
[0.001123062847705619, 0.001123027325369896, 0.001122990604345018, 0.0011229519998396677, 0.0011229122612552986, 0.0011228712136582243, 0.0011228293112994555, 0.0011227867411156536, 0.0011227436015610096, 0.0011227000294289028, 0.0011226561148328592, 0.001122611985720484, 0.0011225677117851869, 0.001122523373544842, 0.00112247903668499, 0.001122434761564417, 0.0011223905938090074, 0.0011223466171839957, 0.0011223027827878796, 0.0011222591862327961]
ENO
[ 2.34378     2.83720737  3.33063474  3.82406211  4.31748947  4.81091684
  5.30434421  5.79777158  6.29119895  6.78462632  7.27805368  7.77148105
  8.26490842  8.75833579  9.25176316  9.74519053 10.23861789 10.73204526
 11.22547263 11.7189    ]
[0.0012585402723544797, 0.001229066653191362, 0.0012084238122011788, 0.001193106167763313, 0.0011812629212879062, 0.0011718185978162536, 0.0011641042676887323, 0.0011576804626903438, 0.001152244640798919, 0.0011475844057841802, 0.0011435434225941206, 0.0011400052086222184, 0.001136880945167326, 0.0011341016634215128, 0.0011316128661827093, 0.0011293711900494847, 0.001127341339111281, 0.0011254945968315053, 0.0011238071406556142, 0.0011222591862327961]
FBA
[ 4.33956     5.25315158  6.16674316  7.08033474  7.99392632  8.90751789
  9.82110947 10.73470105 11.64829263 12.56188421 13.47547579 14.38906737
 15.30265895 16.21625053 17.12984211 18.04343368 18.95702526 19.87061684
 20.78420842 21.6978    ]
[0.0011064055897552754, 0.0011099357156923355, 0.0011123915431348265, 0.0011141986550860924, 0.0011155841092564212, 0.0011166800451420788, 0.0011175686526314617, 0.001118303700644534, 0.001118921748922644, 0.001119448706805933, 0.0011199033534799146, 0.0011202991590010649, 0.0011206480181101517, 0.0011209567733505422, 0.0011212323006455117, 0.0011214796516586772, 0.0011217030114181782, 0.0011219055593109871, 0.0011220902093401067, 0.0011222591862327961]
FBP
[0.0431166  0.05219378 0.06127096 0.07034814 0.07942532 0.08850249
 0.09757967 0.10665685 0.11573403 0.12481121 0.13388839 0.14296557
 0.15204275 0.16111993 0.17019711 0.17927428 0.18835146 0.19742864
 0.20650582 0.215583  ]
[0.0011222935966153599, 0.0011222917985792703, 0.0011222899719086797, 0.0011222882805575784, 0.0011222863518437639, 0.0011222845417957392, 0.0011222827450886803, 0.0011222809185963498, 0.0011222791278941453, 0.0011222772973351817, 0.0011222754906323646, 0.0011222736690960499, 0.0011222718650982493, 0.0011222700531037736, 0.0011222683679033678, 0.0011222664190148842, 0.0011222646170735338, 0.0011222628480010944, 0.001122260992254269, 0.0011222591862327961]
FUMA
[10.66828    12.91423368 15.16018737 17.40614105 19.65209474 21.89804842
 24.14400211 26.38995579 28.63590947 30.88186316 33.12781684 35.37377053
 37.61972421 39.86567789 42.11163158 44.35758526 46.60353895 48.84949263
 51.09544632 53.3414    ]
[0.001122217182097777, 0.001122226352572534, 0.0011222336189134255, 0.001122237531044475, 0.001122241214425236, 0.0011222441490418495, 0.0011222465025959173, 0.0011222484654738428, 0.0011222501503649297, 0.0011222515558133052, 0.0011222528093242882, 0.0011222538390968698, 0.001122254810603929, 0.001122255644029328, 0.0011222563955070213, 0.0011222570660644519, 0.0011222576267878957, 0.001122258223702885, 0.001122258649857306, 0.0011222591862327961]
GDH
[1.733146   2.09801884 2.46289168 2.82776453 3.19263737 3.55751021
 3.92238305 4.28725589 4.65212874 5.01700158 5.38187442 5.74674726
 6.11162011 6.47649295 6.84136579 7.20623863 7.57111147 7.93598432
 8.30085716 8.66573   ]
[0.00017212228775821496, 0.0004350649258167004, 0.0007534366923559752, 0.0010361229462515261, 0.0012421408344696818, 0.0013739994254052764, 0.0014486568784665378, 0.0014829669234275565, 0.0014899225608187168, 0.0014787278699894579, 0.0014557058825300064, 0.001425157135145204, 0.0013900019252086374, 0.0013522251802843112, 0.0013131768552381768, 0.001273773643910974, 0.0012346343843121618, 0.0011961721654644803, 0.0011586570506599604, 0.0011222591862327961]
GLT
[11.41168    13.81413895 16.21659789 18.61905684 21.02151579 23.42397474
 25.82643368 28.22889263 30.63135158 33.03381053 35.43626947 37.83872842
 40.24118737 42.64364632 45.04610526 47.44856421 49.85102316 52.25348211
 54.65594105 57.0584    ]
[0.00014787282858475645, 0.00018342096610976324, 0.00022057463937263062, 0.00025936349759621453, 0.0002998165437469509, 0.0003419619090947478, 0.00038582676822519686, 0.00043143717553490026, 0.0004788179588358175, 0.0005279925297107038, 0.0005789827871947793, 0.0006318089306241931, 0.0006864893236858462, 0.0007430403443878721, 0.0008014762480571579, 0.0008618089414073912, 0.0009240479970399248, 0.000988200324206069, 0.0010542703418015401, 0.0011222591862327961]
GND
[0.81621    0.98804368 1.15987737 1.33171105 1.50354474 1.67537842
 1.84721211 2.01904579 2.19087947 2.36271316 2.53454684 2.70638053
 2.87821421 3.05004789 3.22188158 3.39371526 3.56554895 3.73738263
 3.90921632 4.08105   ]
[0.0011082202738491567, 0.0011104580375609927, 0.0011122169282840326, 0.0011136432365466363, 0.0011148280645748368, 0.001115830823667898, 0.00111669260243247, 0.0011174425560701033, 0.0011181020596690708, 0.0011186873045712074, 0.00111921067142311, 0.0011196818944313501, 0.00112010870264369, 0.001120497271514682, 0.0011208527887394926, 0.0011211794188703559, 0.0011214806018329704, 0.0011217592889389114, 0.0011220181894920555, 0.0011222591862327961]
GPM
[ 2.19868  2.66156  3.12444  3.58732  4.0502   4.51308  4.97596  5.43884
  5.90172  6.3646   6.82748  7.29036  7.75324  8.21612  8.679    9.14188
  9.60476 10.06764 10.53052 10.9934 ]
[0.0011742307882187226, 0.0011620183751303748, 0.001153760003513911, 0.0011477982017691292, 0.0011432900187270912, 0.001139760665654357, 0.0011369221346894528, 0.0011345894318762742, 0.001132638069666317, 0.001130982051268117, 0.0011295585056306824, 0.0011283218295347903, 0.0011272374456950578, 0.0011262788033258467, 0.0011254253183837647, 0.0011246605015014053, 0.0011239713215644605, 0.0011233468396935446, 0.001122778574088525, 0.0011222591862327961]
GROWTH
[1.948274   2.35843695 2.76859989 3.17876284 3.58892579 3.99908874
 4.40925168 4.81941463 5.22957758 5.63974053 6.04990347 6.46006642
 6.87022937 7.28039232 7.69055526 8.10071821 8.51088116 8.92104411
 9.33120705 9.74137   ]
[0.0002379219862831741, 0.00028708817665060296, 0.00033594248600984304, 0.0003844888686105405, 0.00043273113236864995, 0.0004806729994789097, 0.0005283181724846179, 0.0005756702336557761, 0.0006227327161263445, 0.000669509113914805, 0.0007160028635292964, 0.0007622173031689557, 0.0008081556154121106, 0.0008538211627814982, 0.0008992170620909689, 0.0009443464238805163, 0.0009892123679397105, 0.0010338178351475844, 0.0010781658121186933, 0.0011222591862327961]
LPD
[0.01368826 0.01657    0.01945174 0.02233348 0.02521522 0.02809695
 0.03097869 0.03386043 0.03674217 0.03962391 0.04250565 0.04538739
 0.04826913 0.05115087 0.05403261 0.05691434 0.05979608 0.06267782
 0.06555956 0.0684413 ]
[0.006967676534736352, 0.006133273261491193, 0.005396778853040003, 0.004751972530559264, 0.00419213374597632, 0.003709683394226336, 0.0032963171946648853, 0.0029434196010747113, 0.0026425504602629077, 0.002385849793557793, 0.002166293367422674, 0.001977797597913336, 0.001815211415999849, 0.0016742397487323252, 0.001551335094874068, 0.0014435829623926013, 0.001348593393600169, 0.0012644038897003183, 0.0011894029004156051, 0.0011222591862327961]
MAD
[1.328538   1.60823021 1.88792242 2.16761463 2.44730684 2.72699905
 3.00669126 3.28638347 3.56607568 3.84576789 4.12546011 4.40515232
 4.68484453 4.96453674 5.24422895 5.52392116 5.80361337 6.08330558
 6.36299779 6.64269   ]
[0.0012214473840195515, 0.0012163588491016627, 0.0012112562502711974, 0.001206139333913888, 0.0012010081886600417, 0.0011958626270888754, 0.0011907024958412243, 0.0011855279105950768, 0.0011803386190115364, 0.0011751345027920393, 0.0011699155724874323, 0.001164681515514657, 0.0011594324795279178, 0.0011541681768903625, 0.001148888811390887, 0.001143593997605752, 0.0011382837587604277, 0.0011329579190727875, 0.0011276164288787117, 0.0011222591862327961]
MDH
[1.222984   1.48045432 1.73792463 1.99539495 2.25286526 2.51033558
 2.76780589 3.02527621 3.28274653 3.54021684 3.79768716 4.05515747
 4.31262779 4.57009811 4.82756842 5.08503874 5.34250905 5.59997937
 5.85744968 6.11492   ]
[0.0012659664825447553, 0.0012601690744221386, 0.0012542868783956237, 0.0012482794004073817, 0.0012421100858023275, 0.001235745985293259, 0.0012291593667041372, 0.0012223271548968202, 0.0012152324893823557, 0.0012078642667610843, 0.0012002189983067707, 0.0011923001258787628, 0.001184121962713384, 0.0011757028528400872, 0.001167072370843624, 0.0011582673086658936, 0.0011493314279637506, 0.0011403147446783252, 0.0011312716521362026, 0.0011222591862327961]
MQO
[0.924566   1.11921147 1.31385695 1.50850242 1.70314789 1.89779337
 2.09243884 2.28708432 2.48172979 2.67637526 2.87102074 3.06566621
 3.26031168 3.45495716 3.64960263 3.84424811 4.03889358 4.23353905
 4.42818453 4.62283   ]
[0.0009939783164094648, 0.0009883030746904722, 0.0009850247542540999, 0.0009835853504574035, 0.0009838081611937696, 0.0009857151847423474, 0.0009894030011845846, 0.0009949380373755622, 0.001002280714954156, 0.00101125645431847, 0.0010215733142758157, 0.0010328686776216796, 0.001044761913663702, 0.001056897064376836, 0.0010689714778810454, 0.0010807472898673688, 0.001092052880824145, 0.0011027759614874672, 0.0011128547022328354, 0.0011222591862327961]
NADH_req
[ 4.6147      5.58621579  6.55773158  7.52924737  8.50076316  9.47227895
 10.44379474 11.41531053 12.38682632 13.35834211 14.32985789 15.30137368
 16.27288947 17.24440526 18.21592105 19.18743684 20.15895263 21.13046842
 22.10198421 23.0735    ]
[0.0009328875833187487, 0.0009471412436273094, 0.0009606732885103333, 0.0009735501554313514, 0.0009858300291269162, 0.0009975623652082309, 0.001008792747397908, 0.0010195598686602901, 0.001029898424675597, 0.001039839278924718, 0.0010494099205329793, 0.0010586350282393356, 0.0010675367323572953, 0.0010761350065579824, 0.0010844479425557083, 0.0010924919478195348, 0.001100282009945562, 0.0011078316961157426, 0.0011151535908344187, 0.0011222591862327961]
NDHII
[ 6.16612     7.46425053  8.76238105 10.06051158 11.35864211 12.65677263
 13.95490316 15.25303368 16.55116421 17.84929474 19.14742526 20.44555579
 21.74368632 23.04181684 24.33994737 25.63807789 26.93620842 28.23433895
 29.53246947 30.8306    ]
[0.0014075850938257155, 0.0013806911412733286, 0.00135614031041129, 0.001333614584229339, 0.0013128551863843545, 0.0012936487383370244, 0.001275817134454549, 0.001259210365060438, 0.0012437008409128389, 0.0012291791777785483, 0.0012155506320099796, 0.0012027329376489732, 0.0011906540227209724, 0.001179250473546136, 0.0011684661565277833, 0.001158251009854214, 0.0011485606756725488, 0.0011393552501269548, 0.001130598857036082, 0.0011222591862327961]
PCK
[1.617554   1.95809168 2.29862937 2.63916705 2.97970474 3.32024242
 3.66078011 4.00131779 4.34185547 4.68239316 5.02293084 5.36346853
 5.70400621 6.04454389 6.38508158 6.72561926 7.06615695 7.40669463
 7.74723232 8.08777   ]
[0.0013005107907407747, 0.001274312754179433, 0.0012529675133165716, 0.0012352028837635724, 0.0012201666882228346, 0.0012072617609745354, 0.0011960564075373296, 0.0011862300760188218, 0.001177539375845502, 0.001169795107443799, 0.0011628491258364815, 0.0011565825828636184, 0.0011508994185900439, 0.0011457218756110038, 0.001140982449925184, 0.0011366294947279497, 0.0011326165700033608, 0.0011289052837767661, 0.0011254620461076568, 0.0011222591862327961]
PDH
[192.3412     232.83408421 273.32696842 313.81985263 354.31273684
 394.80562105 435.29850526 475.79138947 516.28427368 556.77715789
 597.27004211 637.76292632 678.25581053 718.74869474 759.24157895
 799.73446316 840.22734737 880.72023158 921.21311579 961.706     ]
[0.001234798253151529, 0.0012093200503328811, 0.0011932053082432338, 0.0011818655321675362, 0.0011732919793946454, 0.0011664663503300385, 0.0011608170232544136, 0.0011559981071320887, 0.0011517877010187843, 0.0011480370277818818, 0.0011446424224291873, 0.0011415294635567837, 0.001138643361950422, 0.0011359427023655824, 0.0011333958942295378, 0.0011309781983902076, 0.0011286699834873323, 0.0011264555309887232, 0.0011243220900256882, 0.0011222591862327961]
PFK
[0.0370506  0.04485073 0.05265085 0.06045098 0.06825111 0.07605123
 0.08385136 0.09165148 0.09945161 0.10725174 0.11505186 0.12285199
 0.13065212 0.13845224 0.14625237 0.15405249 0.16185262 0.16965275
 0.17745287 0.185253  ]
[7.640326251963346e-07, 2.56830659499905e-06, 0.00010426730317352025, 0.0008099033833098022, 0.001014647401181361, 0.001068989348611211, 0.0010931070156647315, 0.0011061599179113468, 0.001113911691576575, 0.0011187181848509975, 0.0011217277971966354, 0.0011235687091611913, 0.0011246131552749546, 0.0011250958033614572, 0.0011251714723910773, 0.0011249462048069198, 0.0011244948432478866, 0.0011238715104918912, 0.00112311628679364, 0.0011222591862327961]
PGI
[0.464912   0.56278821 0.66066442 0.75854063 0.85641684 0.95429305
 1.05216926 1.15004547 1.24792168 1.34579789 1.44367411 1.54155032
 1.63942653 1.73730274 1.83517895 1.93305516 2.03093137 2.12880758
 2.22668379 2.32456   ]
[0.0007771937188993618, 0.0008547240000332858, 0.0009091372598138907, 0.0009491606693019346, 0.0009797123438604325, 0.0010037362000297656, 0.0010230879124294304, 0.001038989561253964, 0.0010522759429423465, 0.0010635353448121337, 0.0010731936117265263, 0.0010815663056667473, 0.0010888910528165955, 0.001095351817314716, 0.0011010915524129069, 0.0011062236575783446, 0.0011108390856906054, 0.0011150117360694605, 0.0011188013834691583, 0.0011222591862327961]
PGK
[ 3.22178     3.90004947  4.57831895  5.25658842  5.93485789  6.61312737
  7.29139684  7.96966632  8.64793579  9.32620526 10.00447474 10.68274421
 11.36101368 12.03928316 12.71755263 13.39582211 14.07409158 14.75236105
 15.43063053 16.1089    ]
[0.0011222973926346825, 0.0011222879569023267, 0.001122281734459938, 0.001122277332947313, 0.0011222740542989205, 0.001122271477887287, 0.0011222694440269172, 0.0011222677897141733, 0.0011222663996016426, 0.0011222652687918472, 0.001122264240648726, 0.0011222633765269998, 0.0011222627010450718, 0.0011222619574524488, 0.0011222613533911953, 0.0011222608493519715, 0.0011222604861809142, 0.001122259934893979, 0.0011222595199395155, 0.0011222591862327961]
PGL
[ 2.31934     2.80762211  3.29590421  3.78418632  4.27246842  4.76075053
  5.24903263  5.73731474  6.22559684  6.71387895  7.20216105  7.69044316
  8.17872526  8.66700737  9.15528947  9.64357158 10.13185368 10.62013579
 11.10841789 11.5967    ]
[0.0011219384092076335, 0.001122009334842617, 0.0011220587975652606, 0.001122095336762851, 0.0011221233431716762, 0.0011221456409229885, 0.0011221636438204076, 0.0011221782895827089, 0.0011221911928644551, 0.0011222018777207667, 0.0011222111191523615, 0.0011222191932530824, 0.001122226307254751, 0.0011222326034347196, 0.0011222382303385234, 0.0011222432693911025, 0.0011222485830294758, 0.0011222519655585247, 0.001122255763174273, 0.0011222591862327961]
PIT
[1.4292     1.73008421 2.03096842 2.33185263 2.63273684 2.93362105
 3.23450526 3.53538947 3.83627368 4.13715789 4.43804211 4.73892632
 5.03981053 5.34069474 5.64157895 5.94246316 6.24334737 6.54423158
 6.84511579 7.146     ]
[0.001111071459323834, 0.0011134706336834038, 0.0011151702953320502, 0.0011164364332926944, 0.001117416755513878, 0.0011181983779431654, 0.001118835740340791, 0.0011193656373618866, 0.0011198130345991266, 0.001120195939006068, 0.0011205272856589024, 0.0011208166339619534, 0.0011210720501678073, 0.0011212985636134, 0.001121501136465641, 0.001121683279200779, 0.0011218479762564542, 0.0011219975819260729, 0.0011221341070242262, 0.0011222591862327961]
PPC
[ 4.2878      5.19049474  6.09318947  6.99588421  7.89857895  8.80127368
  9.70396842 10.60666316 11.50935789 12.41205263 13.31474737 14.21744211
 15.12013684 16.02283158 16.92552632 17.82822105 18.73091579 19.63361053
 20.53630526 21.439     ]
[0.001037460448859171, 0.0010435397927119738, 0.0010493845990048325, 0.0010550074922463014, 0.001060420177993477, 0.0010656334565463308, 0.001070657402627776, 0.0010755013140670983, 0.0010801739482534233, 0.0010846833854900085, 0.001089037194780123, 0.0010932425893754082, 0.0010973060793599309, 0.0011012340124312687, 0.0011050321737407953, 0.0011087062529566713, 0.0011122610245304786, 0.001115701804525837, 0.0011190330687072053, 0.0011222591862327961]
PPS
[0.00327544 0.00396501 0.00465457 0.00534414 0.00603371 0.00672327
 0.00741284 0.0081024  0.00879197 0.00948154 0.0101711  0.01086067
 0.01155024 0.0122398  0.01292937 0.01361893 0.0143085  0.01499807
 0.01568763 0.0163772 ]
[0.0011222404580712, 0.0011222414449553297, 0.0011222425380637599, 0.0011222434477319038, 0.001122244399347277, 0.0011222453395142505, 0.0011222462873541343, 0.0011222473365118109, 0.0011222483435280389, 0.0011222493086299077, 0.0011222502898008842, 0.00112225117801821, 0.0011222522739483495, 0.0011222532730463378, 0.0011222542576488515, 0.0011222553066168256, 0.0011222562307689357, 0.0011222572139949565, 0.001122258197897664, 0.0011222591862327961]
PTA
[0.54       0.65368421 0.76736842 0.88105263 0.99473684 1.10842105
 1.22210526 1.33578947 1.44947368 1.56315789 1.67684211 1.79052632
 1.90421053 2.01789474 2.13157895 2.24526316 2.35894737 2.47263158
 2.58631579 2.7       ]
[0.0011223798232195686, 0.0011223593664737095, 0.0011223433945141837, 0.0011223305818501784, 0.0011223200882871905, 0.0011223113255005043, 0.001122303897100124, 0.0011222975246580036, 0.0011222919982956017, 0.001122287132385921, 0.0011222828887848784, 0.0011222790896879887, 0.0011222756867300017, 0.0011222726253712503, 0.001122269850238593, 0.0011222671878580684, 0.0011222650251656776, 0.001122262921317041, 0.0011222609796256216, 0.0011222591862327961]
PYK
[0.149432   0.18089137 0.21235074 0.24381011 0.27526947 0.30672884
 0.33818821 0.36964758 0.40110695 0.43256632 0.46402568 0.49548505
 0.52694442 0.55840379 0.58986316 0.62132253 0.65278189 0.68424126
 0.71570063 0.74716   ]
[0.0035573515714086763, 0.0026673751200657868, 0.002274280928778813, 0.0020386030552605084, 0.001875447891537574, 0.001752937566450028, 0.0016560397935505421, 0.0015765885705841835, 0.0015096982262031064, 0.001452233719369778, 0.0014020735719135723, 0.0013577207905860122, 0.0013180829976955051, 0.0012823407037547152, 0.0012498646583544528, 0.001220161892523362, 0.0011928399221839002, 0.001167581351099259, 0.0011441262243866537, 0.0011222591862327961]
RPE
[1.200206   1.45288095 1.70555589 1.95823084 2.21090579 2.46358074
 2.71625568 2.96893063 3.22160558 3.47428053 3.72695547 3.97963042
 4.23230537 4.48498032 4.73765526 4.99033021 5.24300516 5.49568011
 5.74835505 6.00103   ]
[0.0011532224140757617, 0.001146546808400812, 0.0011418307252401662, 0.0011383218337423018, 0.0011356092206411311, 0.0011334494684521969, 0.001131689179893942, 0.0011302267168273265, 0.001128992910249494, 0.0011279376317282065, 0.0011270247046357772, 0.0011262273423884067, 0.0011255247931558068, 0.0011249012520285603, 0.001124343787461268, 0.0011238426736279168, 0.0011233898249564417, 0.0011229783415771144, 0.001122603047211296, 0.0011222591862327961]
RPI
[1.6        1.93684211 2.27368421 2.61052632 2.94736842 3.28421053
 3.62105263 3.95789474 4.29473684 4.63157895 4.96842105 5.30526316
 5.64210526 5.97894737 6.31578947 6.65263158 6.98947368 7.32631579
 7.66315789 8.        ]
[0.0010802053150307678, 0.00108935699991978, 0.0010957947101888155, 0.0011005694084168264, 0.0011042517328040296, 0.0011071780090322388, 0.0011095592633494885, 0.0011115349507030455, 0.0011132003159578553, 0.0011146233067195854, 0.001115853196204117, 0.0011169268074939223, 0.001117872121279671, 0.0011187107967398167, 0.0011194600499161815, 0.0011201333131899214, 0.0011207417257887544, 0.001121294092850079, 0.001121797901432867, 0.0011222591862327961]
SDH
[0.312368   0.37812968 0.44389137 0.50965305 0.57541474 0.64117642
 0.70693811 0.77269979 0.83846147 0.90422316 0.96998484 1.03574653
 1.10150821 1.16726989 1.23303158 1.29879326 1.36455495 1.43031663
 1.49607832 1.56184   ]
[0.0011896375951729993, 0.001174011924172047, 0.0011633584699797944, 0.0011556299362610425, 0.0011497673386402212, 0.0011451676873871764, 0.0011414627041088, 0.001138414316513033, 0.0011358623606932852, 0.0011336946297078872, 0.0011318304831785216, 0.0011302102787835893, 0.0011287890786446707, 0.0011275323681778728, 0.0011264131250619844, 0.001125409932116506, 0.0011245057705912163, 0.0011236865278187564, 0.0011229408300484228, 0.0011222591862327961]
SK
[15.36326    18.59763053 21.83200105 25.06637158 28.30074211 31.53511263
 34.76948316 38.00385368 41.23822421 44.47259474 47.70696526 50.94133579
 54.17570632 57.41007684 60.64444737 63.87881789 67.11318842 70.34755895
 73.58192947 76.8163    ]
[0.0011222660888930288, 0.0011222645611063888, 0.0011222641318372737, 0.0011222627290378804, 0.0011222621408215165, 0.0011222616498159912, 0.0011222612609536038, 0.0011222609349914251, 0.0011222606637864446, 0.0011222604353470541, 0.0011222602384729106, 0.0011222600526692218, 0.0011222599048828295, 0.001122259816429193, 0.0011222595912937416, 0.0011222595426671064, 0.0011222594100832783, 0.00112225931587413, 0.0011222592622842072, 0.0011222591862327961]
SQR
[0.683234   0.82707274 0.97091147 1.11475021 1.25858895 1.40242768
 1.54626642 1.69010516 1.83394389 1.97778263 2.12162137 2.26546011
 2.40929884 2.55313758 2.69697632 2.84081505 2.98465379 3.12849253
 3.27233126 3.41617   ]
[0.0011230770813067594, 0.0011228823312744295, 0.0011227513452725265, 0.0011226572109516476, 0.0011225862983394153, 0.0011225308894153806, 0.0011224865859451425, 0.0011224501592989643, 0.0011224198006385515, 0.001122394059928548, 0.0011223720015232884, 0.0011223527961039816, 0.001122335993554097, 0.0011223211515363554, 0.0011223089508772498, 0.001122296189113073, 0.001122285985086917, 0.0011222758039978076, 0.0011222671807179416, 0.0011222591862327961]
TPI
[ 4.83686     5.85514632  6.87343263  7.89171895  8.91000526  9.92829158
 10.94657789 11.96486421 12.98315053 14.00143684 15.01972316 16.03800947
 17.05629579 18.07458211 19.09286842 20.11115474 21.12944105 22.14772737
 23.16601368 24.1843    ]
[0.00111913815850454, 0.0011198339629180998, 0.0011203176221908735, 0.0011206733856271216, 0.0011209460726820776, 0.001121161794616667, 0.0011213366435770791, 0.0011214812606448702, 0.0011216028521889466, 0.0011217065013319357, 0.0011217959224597044, 0.001121873855136637, 0.0011219423878307297, 0.0011220030969862627, 0.0011220572745343014, 0.0011221059371289935, 0.0011221498217679365, 0.001122189658924054, 0.0011222259610192146, 0.0011222591862327961]
XCH_ACE1
[ 20.          24.21052632  28.42105263  32.63157895  36.84210526
  41.05263158  45.26315789  49.47368421  53.68421053  57.89473684
  62.10526316  66.31578947  70.52631579  74.73684211  78.94736842
  83.15789474  87.36842105  91.57894737  95.78947368 100.        ]
[0.0011222593087774294, 0.0011222592991964658, 0.0011222592891460652, 0.0011222592573240677, 0.0011222592717271469, 0.0011222593454462437, 0.0011222592561594186, 0.0011222592482912743, 0.0011222592411957643, 0.0011222592357874074, 0.0011222592278167375, 0.0011222592231011335, 0.001122259208096138, 0.0011222590257295728, 0.0011222591862727362, 0.0011222591980663027, 0.0011222591986843437, 0.001122259174375759, 0.001122259173359899, 0.0011222591862327961]
XCH_ACE2
[ 20.          24.21052632  28.42105263  32.63157895  36.84210526
  41.05263158  45.26315789  49.47368421  53.68421053  57.89473684
  62.10526316  66.31578947  70.52631579  74.73684211  78.94736842
  83.15789474  87.36842105  91.57894737  95.78947368 100.        ]
[0.0011222593072497122, 0.001122259718087107, 0.0011222592893393678, 0.0011222592757088414, 0.0011222592706080798, 0.0011222592739656412, 0.0011222593502178075, 0.0011222592490852427, 0.001122259235803812, 0.0011222592369935925, 0.0011222592235212692, 0.0011222592004241638, 0.0011222592176052607, 0.0011222592041347406, 0.0011222592031434955, 0.0011222592001888065, 0.0011222591932469248, 0.0011222590585944815, 0.0011222591906621987, 0.0011222591862327961]
XCH_GLC
[ 20.          24.21052632  28.42105263  32.63157895  36.84210526
  41.05263158  45.26315789  49.47368421  53.68421053  57.89473684
  62.10526316  66.31578947  70.52631579  74.73684211  78.94736842
  83.15789474  87.36842105  91.57894737  95.78947368 100.        ]
[0.0011159242679685893, 0.0011173204133559265, 0.0011182983453189002, 0.0011190213449822116, 0.0011195773235138811, 0.00112001794173855, 0.0011203756062266928, 0.0011206715724647745, 0.0011209204374330148, 0.0011211326063462407, 0.0011213155912956016, 0.0011214749313377252, 0.0011216148681424203, 0.0011217387797429579, 0.0011218492156503904, 0.0011219482252403875, 0.0011220374844205807, 0.0011221183523141389, 0.001122191942981598, 0.0011222591862327961]
XCH_P
[ 20.          24.21052632  28.42105263  32.63157895  36.84210526
  41.05263158  45.26315789  49.47368421  53.68421053  57.89473684
  62.10526316  66.31578947  70.52631579  74.73684211  78.94736842
  83.15789474  87.36842105  91.57894737  95.78947368 100.        ]
[0.0011222589112130019, 0.0011222589718778654, 0.0011222590136207645, 0.0011222590412563376, 0.001122259070943507, 0.001122259088475674, 0.0011222593402907262, 0.001122259069703042, 0.0011222591218811313, 0.0011222591779685373, 0.0011222597381305805, 0.0011222591515313795, 0.001122259127503214, 0.001122259275174159, 0.0011222591684102218, 0.0011222591686714575, 0.001122259176356111, 0.0011222591798309006, 0.0011222591754460635, 0.0011222591862327961]
ZWF
[0.05316    0.06435158 0.07554316 0.08673474 0.09792632 0.10911789
 0.12030947 0.13150105 0.14269263 0.15388421 0.16507579 0.17626737
 0.18745895 0.19865053 0.20984211 0.22103368 0.23222526 0.24341684
 0.25460842 0.2658    ]
[0.0013451123854556393, 0.0013312789256109186, 0.0013176983362405907, 0.0013043695239999405, 0.0012912901419223947, 0.0012784574790058764, 0.0012658680937158522, 0.0012535176751578814, 0.0012414021413434564, 0.0012295169572867366, 0.0012178573195901759, 0.0012064183586072417, 0.0011951951244978526, 0.0011841826953665003, 0.0011733760446249147, 0.0011627702292906633, 0.0011523602369863336, 0.0011421418399978928, 0.001132109644930904, 0.0011222591862327961]
