-0.10816224591805289
-4.816426078189797e-18
-1.1304717088241616e-22
-3.0019825929959254e-22
-1.2842983756491865e-20
-2.891715547644649e-17
-1.9991311055393957e-19
-5.59682439751757e-19
-7.088565538150642e-19
-2.623370952014291e-21
-9.881265687158989e-22
-8.185206902285851e-07
-0.0008363255930813739
-0.00023215841709065866
-1.3887967633418303e-08
-0.003319228878189983
-4.708383624656406e-07
-0.010630025137535973
-0.002456911253577203
-1.0987735347873162e-24
-8.354186257519739e-20
-0.22480761951593986
-9.41619936118315e-17
-4.444027956526957e-16
-1.2003231113681222e-13
-1.5813867790101726e-18
-1.0332331823524099e-15
-8.480866639384604e-16
-2.3979353765846724e-12
-1.0582572173785996e-12
-5.280931556526707e-09
-5.2103593593413324e-14
-1.7375425145492246e-12
-2.329863667584211e-16
-4.532913440288202e-15
-8.014095765810178e-13
-3.678426587963508e-16
8.620684151788829e-05
8.730605391278567e-05
-5.24241677959193e-22
-2.4695043250688467e-23
-9.861506832166552e-14
-3.141284024673028e-08
-8.229857719377487e-06
1.8854698859403407e-06
-1.8666804135494504e-32
-2.0007087840028213e-08
-5.646699136240332e-16
-1.9787647971310604e-12
-4.2706158916937363e-16
7.579185124419389e-43
-2.300794227296545e-29
-2.913332248091665e-19
-1.4305858745102196e-24
-4.825122174701079e-24
0.23
-6.845297528452801e-13
-1.3378312517520197e-12
-1.0547938552457614e-11
-1.9451749723372193e-95
-0.0005159992330944357
0.0005734319375641582
-0.22381394492869866
-1.5430885016367794e-05
-3.11656593479636e-11
-1.3453328042731842e-15
-5.519648953971829e-12
-1.003853703825805e-27
