0.22947432625805472
0.22877981628956487
0.22543293582035806
0.22778108392515045
0.45749733992569214
0.45372898016657653
0.45744593733776084
0.45652895280343564
0.32880324330218996
0.27883727695661403
0.2784183738125153
0.2162591678315573
0.15038839815577312
0.07820629225296545
0.13452790844905277
0.05134304315709883
0.0625036470599867
0.07763497207005143
0.060874707920630246
0.0019314444658149513
3.41077155451774
2.490823182637869
0.0008305025410481728
0.4309112055141053
0.8659665064436213
0.2369415763426436
0.2305763454583862
0.22604022984102937
0.2006805375935362
0.1890359885158799
0.2107325218219721
0.24321952806679756
0.24017603249698805
28.586425480906872
27.523318122062335
0.20469210393475168
0.21018567429394397
0.0017108844657879728
0.001710633461149716
0.159054311624986
0.21036147558673285
0.8236048333725714
0.451932320054271
0.058573911227611214
2.7069757811338286
0.008682811333446368
0.008617494956860117
0.045480681648579345
0.04339249975681217
0.028896310772822294
0.23000001059074293
0.23
0.23
0.23
0.23
0.23
0.9202016891436413
0.22721377793406353
1.350479363632674
1.3240122887279281e-05
3.003415818119328
0.23000002178568943
0.006265504988710716
0.03162494882965691
1.3035174149785407e-06
2.581527260603785e-06
2.4604704640297965e-06
1.4494441213138676e-07
