-0.01630758817072853
-1.007052306374889e-19
-1.2521758516401718e-21
-1.893569280623714e-21
-9.722322922989832e-23
-1.4324265255136054e-17
-6.67036353567087e-18
-3.8105090879586347e-19
-9.784287014289635e-20
-2.1834987088179214e-17
-1.0596614502608275e-21
-0.016087238147655353
-0.004937161548674749
-0.005421477311462834
-0.0058882925667192755
-0.0055321481925627
-9.183987115506771e-08
-0.008090932742074244
-0.009973435680913757
-2.0665486869621675e-27
-3.7712521288050857e-19
-0.22313086751830652
-6.2503980745077404e-18
-3.921051004685683e-14
-1.2978286112048848e-13
-4.550287332965289e-17
-2.69332642566024e-16
-7.236381097337198e-16
-1.6342692086229045e-12
-3.228139337171192e-14
-2.5679578153957854e-09
-4.04870719724988e-13
-5.124960871007041e-15
-1.7743347966742755e-16
-7.064960423274989e-16
0.0026032595820200547
-2.7236717830817072e-17
8.592744967223492e-05
8.61334895589867e-05
-2.5239031746529427e-22
-1.6551252601401058e-22
-6.694470440889715e-14
-3.364820715646845e-08
-1.099012406590982e-05
1.8998267179687535e-06
-5.795153757734289e-30
-2.210318047057555e-08
-1.7542867702996563e-15
-5.953378838513561e-14
-5.564245339113391e-15
1.1145124998807169e-42
-4.854553285366728e-30
-3.2536350775269526e-31
-1.3686423656631333e-29
-1.5705126111968704e-25
0.23
-4.43937404750252e-13
-3.166439253854403e-13
-9.99906094484244e-14
7.944963629986572e-12
-0.00025493271367276995
0.0005099600558499175
-1.705247326783762e-05
-1.8546269186266415e-05
-8.887033301427743e-05
-1.0457827911289729e-15
-2.2004496124973529e-13
-1.5774789218741181e-27
