0.240984276414905
0.22811311544274002
0.23205856053961516
0.23163388005176994
0.4572125870103452
0.4636266509385623
0.4817892203221233
0.4743473979319845
0.3108683004914755
0.2935493740188704
0.2887257595509763
0.21247328100426507
0.13258948769134465
0.070518650290912
0.14535975126129794
0.06521133152905544
0.06780717847944509
0.07048552744990291
0.07028111601235788
0.0008035014837472021
0.46456283430621176
0.47197941399380655
4.591729856134874e-05
0.40890019663600563
0.44017282323546003
0.2094626991472268
0.2161744907103857
0.21084451640648308
0.1299581085294261
0.11125190825269833
0.16099163799379518
0.2105506792592264
0.21512647215934758
25.67069209468144
21.56678456036791
0.12889836917312747
0.12748089272285798
0.0017108794373695566
0.0017108574163950587
0.07634942225008937
0.07586833388433098
0.5437398073325586
0.5337217652086512
0.012524225528847098
2.286782134721344
0.00865424563943201
0.008633701868915737
0.0037866392148338942
0.003921451906391842
0.004446607048088262
0.23000194073324343
0.23016411837320555
0.2300466780945456
0.2300479732868184
0.23000063454262532
0.23
0.883847471415827
0.21194864117239476
0.7590929248060528
2.171031542364361e-05
2.7144843940996757
0.23003842972971958
0.043774308304146324
0.0411465237797423
5.655272695672103e-06
2.476135857953965e-07
1.1616012606828628e-05
6.4817203100282e-07
