0.23813611212073924
0.22771651746781651
0.239083038708427
0.23716954881618907
0.4748135129770329
0.47605228525304377
0.4631990046473155
0.45918778978347374
0.28955478677499497
0.2875589755783686
0.2914350855006397
0.2148814364292723
0.13965833661723617
0.07015904334694457
0.13846652662331563
0.06503626324941109
0.06978878261024206
0.06904520724530244
0.06891857041317809
0.00038830198861913775
0.5173778505166315
0.4898583956653212
3.504219985036429e-05
0.36543218591182364
0.4322885783635934
0.21632623561722233
0.21554799490289545
0.21347808531570467
0.17804167916823
0.12346643516997083
0.16535895849107884
0.2047205305944981
0.2144640155247282
25.129731886532614
24.224342270393635
0.12800621902362516
0.12387998055704959
0.0017108769594188576
0.001710870529562135
0.07527312173393681
0.0715323128973336
0.5506104243895233
0.5277948770295465
0.012194946932558738
2.3052223707967574
0.008660737339349966
0.008626417892454458
0.004369781600415739
0.004147670942019443
0.004234944852964174
0.23019885137448748
0.23021193234295995
0.23009747999025087
0.23002137393492358
0.2300428439115351
0.8816130420969717
0.21555727141021158
0.750925166187809
1.5230966993815396e-05
2.7095301267778082
0.2300010019895331
0.02961801391073249
0.030468043558280693
2.2610429243551473e-06
2.2573071141257075e-07
1.6617236693208812e-05
1.3715868446238834e-06
