0.2627600515931562
0.23561852644979508
0.23607568044051988
0.23172270310516635
0.478374226940384
0.49852209022025773
0.49992190061548447
0.47171672603754594
0.3068533110812701
0.2998644003250604
0.29757534288584087
0.21717030658032258
0.14663289462307136
0.07545136530694486
0.14391232702947032
0.07059713450336244
0.07409322444135108
0.07458166185583429
0.07290749450165646
0.0009259664461578285
0.5793538610246809
0.5381253236980031
5.55939791111696e-05
0.3764927469081624
0.4397320018074282
0.21568087749836182
0.21527234126510505
0.21530961155723516
0.17920341566001044
0.15039274445315373
0.18717877449831388
0.21425774945942877
0.21717506816503931
27.671080837291054
27.913741869263088
0.12287555513984437
0.12580852956683455
0.0017108689757458248
0.001710932918831585
0.07642207237473699
0.07600550801443158
0.550478322261448
0.5367143127851265
0.012639855747044062
2.315868868010688
0.00865007044519827
0.008661620153410033
0.004661710078922943
0.004538896326696175
0.004301251425388711
0.23011500427147213
0.23022397538614134
0.23179042342013467
0.23000003485505532
0.23018977808778562
0.23
0.8752807294396869
0.215500400488105
0.7574116573674802
2.140640522581582e-05
2.726530712496863
0.23000005860936823
0.04336777793917625
0.04227208055749627
1.1370351246722037e-05
2.590794712797037e-07
3.638622869046577e-05
2.22506690647965e-06
