0.23041815887215822
0.22877903761166793
0.23177760580838266
0.23934082766412393
0.47127614917384597
0.4724338132697131
0.4672934395223838
0.46962707261147724
0.27870507953169277
0.28961537615721633
0.2877781434118448
0.21745616377650098
0.14006209872814254
0.07235186338065247
0.14073725951799781
0.07090816924601982
0.07142473935767385
0.07009735327863809
0.061999419693054315
0.0009001610702863322
0.5365541768843741
0.5196932763080472
5.2014658451355384e-05
0.3767806878550586
0.43997062988519464
0.21444023696788636
0.21782145506177744
0.21613215456305138
0.14869624098502443
0.12679453888005315
0.14297292463243483
0.21581807183158042
0.21063402980910417
24.71001081454092
25.34842307391246
0.12603455074044384
0.12200913471720608
0.0017109264251055553
0.0017108616079737483
0.07581786332775092
0.07451900577486636
0.5359668550291043
0.4821963652582536
0.012194930414133158
2.3072467494770903
0.008662222321771173
0.008653865489597151
0.0030971223648508556
0.004190346699616072
0.0030770398341732285
0.23003875678107022
0.23007425201806658
0.2301693219812302
0.23001446970689915
0.23000000491823033
0.23
0.8880744525483784
0.21042083054205227
0.7494483969128591
1.4842593680155473e-05
2.6987688251449
0.2300417950975031
0.03079730224627623
0.0261012126583796
2.1544220538082483e-07
2.51805488200622e-07
1.756279673274231e-05
6.8410878776771e-07
