-0.06919516013473419
0.07203317359522736
0.07225593413701233
0.0758846459811643
0.2872050786891699
0.28661727967545375
0.2846916807295806
0.2898637799088635
0.009986909106525277
1.714811580112295e-05
2.0669512451418137e-05
-0.008162894406229113
-0.010316005063879403
-0.018001484237731385
-0.00833380429764611
-0.007162999560124753
-0.009572373429740965
-0.0038004355738840544
-0.0038005342229293845
5.1787420343968936e-14
6.16406250458876e-09
-0.224742361581901
8.328406606275862e-07
0.0014515787996816501
0.20795956840908306
0.009972851143438356
0.005318985554918073
0.003949797314106877
0.0010446431046419256
0.0007870056261578864
-0.009133974366772307
0.0035040528340493727
0.004602115401265927
0.2639408538847519
0.4242930457491749
0.0006651464080409245
0.0002239019498761362
0.0017020290790621428
0.0017019137244657409
0.0008491603061531774
-0.011842658390901274
0.3075258328090305
-0.005156663660874206
0.004012589226232677
1.0587216224654339
0.005790476734088451
0.0027058885522191177
0.0007206345294971167
0.0006900879718478239
0.0006951255860764966
0.22991971445457637
0.22992221270101174
0.22993412685530235
0.2299614616176082
0.22999895500778914
0.23
0.37125977807413013
0.007559271971726255
0.43769733608765327
1.174635028371171e-11
1.0653572387237724
0.22998181273700163
4.3839815384079384e-07
2.2906884219756682e-07
-3.515747609128589e-05
3.867499361091833e-08
-2.973606315165105e-05
7.569434734874504e-11
