-0.057699617369201726
0.08381283870249963
0.07868683472439471
0.07711461448922374
0.29869949870255785
0.30686847126862976
0.3029680730321249
0.29111573447799804
0.012247896412591242
2.3927625469585003e-05
4.16169044318436e-05
-0.0071218167063400615
-0.006779920519215788
-0.0015776817376988784
-0.005061614970527095
-0.005702399162453256
-0.002208611064349009
-0.003584552438081822
-0.0015991088590256604
2.8880394258864957e-13
9.747087719293545e-09
-0.22258623626139695
9.622912426662218e-07
0.001218557397558686
0.2058455529271163
0.006474653617600731
0.006620161686246592
0.004435594668050175
0.0023560131890583568
0.0020299834975708243
-0.008012833150325567
0.01028296301135585
0.007408145986853457
0.3015119705365477
0.3555257272291235
0.0029441757685110897
0.00038373769040496176
0.0017024396096979501
0.001703800989928737
0.002360798488505239
0.001934441001129639
0.32064626163560367
0.001115156209880217
0.0029546064484088103
1.054350735998158
0.0027177387276329764
0.00274794416141455
0.0007124872560161842
0.0006952468518632768
0.0007103554657948604
0.22999970018666493
0.2299999994908462
0.22998092997776265
0.22999464276733406
0.22998145762490524
0.23
0.3721756527075663
0.004319239318981524
0.44004538051854525
1.0436175889701277e-10
1.3084197385203156
0.2299044973721676
-0.024364397937919918
1.1030885846559831e-07
-2.3389264604258903e-05
3.8783387585650886e-08
-3.0400533171542188e-05
7.729134508586743e-11
