-0.05885995959558873
0.0815111471829242
0.0739197736041069
0.08138617907309448
0.2919377559897918
0.2972381106588568
0.2865753120384365
0.2994510436816304
0.0003181028418052252
0.00014351453961076156
0.00017747529384961027
-0.0068543466689629535
-0.005051788447363209
-0.0012300848178357813
-0.011512626201352454
-0.006632159376665936
-0.0025245127990182062
0.00036586601372755946
-0.0021959517830485113
1.1513922542330343e-13
9.960913638612225e-09
-0.21554249393560068
9.558156920406292e-07
0.0020084006049537048
0.21642785227880976
0.006378309144945107
0.006149001147250417
0.008985132775744545
0.0010446431046419256
9.37239964757358e-05
0.0013820820539268096
0.0035455949061188553
0.011130469292613505
0.43834235990596687
0.32417522796850495
0.0005229113939711997
0.00027874291965251203
0.0017031654430705275
0.001702057691719421
0.0009867043925300834
0.0027872550502501155
0.31056335043607547
-0.06519091354967164
0.005197753495732754
1.0654204434141226
0.00259275061673456
0.0026802046277697553
0.0007086184029116469
0.0007160009737236283
0.000691282307786654
0.22855731226977172
0.22975746933274344
0.2298851085431899
0.22999999999313023
0.2299999999988247
0.3740734543175415
0.0031008568994856565
0.44430011249388107
1.0356672809933016e-12
1.0649055387571225
0.22998503230034711
-0.0286343887680618
-0.027391418971609013
-2.9620902002723968e-05
3.948651396372724e-08
-2.6579637729521986e-05
1.8632775236188683e-10
