-0.044977244283521595
0.07936720553863237
0.08623483569166268
0.075452660334927
0.2863327763008335
0.2947522270872422
0.2953697267936044
0.2879916924867414
0.018100850799279682
0.000281984567365591
8.717008679923935e-05
-0.004778421794722124
-0.007492474585039169
-0.004123955966389717
-0.007402088421782837
-0.0021821206105502038
-0.0023062592725167923
-0.002525681446527363
-0.0021918983797410154
3.9240372320714545e-13
8.032589209640373e-09
-0.22471650963258352
9.453174486894911e-07
0.003362309898312904
0.21480909705373796
0.00786013149416788
0.005583882657124905
0.009355641107880328
0.0013617972274628663
0.0017137060873097538
0.003426311123564039
0.008360792347343722
0.005394970924230949
0.24898227548986102
0.4284742524274856
0.0006440607619344924
0.00033967771792579963
0.001702676439901888
0.0017018957059386913
0.0009414169899670819
0.0020528653340514055
0.32568941711529803
-0.007541281346682446
0.005562046679307022
1.0623499217988701
0.006002335716286688
0.0025916328135744014
0.0006853226291836082
0.0007082779189165186
0.0007193451879495841
0.22973465206313204
0.2299776552116781
0.22994664263458198
0.22999529677179661
0.2299804083858678
0.23
0.37168259605727555
0.010581605099089973
0.4249590209803451
9.168205619000664e-11
1.2767772854477317
0.2299947724064451
-0.01499119693976323
5.657714033008447e-07
-1.3242484606098295e-05
4.031048442408414e-08
3.932917894642782e-08
6.856602116096283e-11
