0.23802124201870642
0.227364331083346
0.23208704133209548
0.2535188740954216
0.4664285786336948
0.4664025842306819
0.46989642907854723
0.46548651834945654
0.2925871027809997
0.25305626957801897
0.2836109305390642
0.21065850518052512
0.14499329513067022
0.07015841770112513
0.1376144918659597
0.06603643875101159
0.07086861839872485
0.07061948018671423
0.07293405290993006
0.0007283128817933991
0.4357242142186434
0.5150606803232511
4.095958588395602e-05
0.3106116761031861
0.43868273456860596
0.203416992395667
0.21139259345750308
0.20198456000198797
0.12164883302532789
0.17357598780692984
0.14191083147787634
0.21294616991615745
0.21387669062433676
22.84117547226254
27.87097293447806
0.12863349008916303
0.12864830888269266
0.0017108672688940837
0.0017108684643153316
0.07639592377246325
0.07613216449250834
0.5402845739049502
0.532584470317844
0.02883944670637818
2.311276162765158
0.008654253216742406
0.008588353652722045
0.02880889324111521
0.029093640225976766
0.027019692957662517
0.23007567272698415
0.23010831696003342
0.23002262304426146
0.23001168867778507
0.23000784443321565
0.23
0.8691340211051035
0.21479255323150598
0.7570211486279034
1.865844000500527e-05
2.709357073170776
0.23001420927078256
0.031807702256346
0.04466897437554036
1.3469599346702063e-06
1.268243538213767e-06
7.565230824249674e-05
2.013021327988206e-06
