-0.0624622722901125
0.0820395931918151
0.08108464279680648
0.07475163848277258
0.3087260343493492
0.29335149450959574
0.291050031904958
0.2991391567257597
1.9463086726456264e-05
0.00014077751619368518
7.430199108243374e-05
-0.006914442441899581
-0.0060806618643888585
-0.001431310563561513
-0.0185994447964705
-0.0046168278077807585
-0.0040202293013673574
-0.0019953188984312303
-0.0026667162948444674
2.1993647767577343e-13
9.0236548712636e-09
-0.22049700725608978
9.145103820749471e-07
0.0011223611908544842
0.21167540604620982
0.0063058876076908955
0.006260760861835562
0.0055050961863155196
0.0008436990721985636
0.0015758456151832333
0.0013788420050530794
0.007112277795759883
0.0028595486285836187
0.27858421327031346
0.40400434678499064
0.0026032595820200547
0.0003349442576960381
0.001702132374581707
0.0017018728265657211
0.002018275079863593
0.002252151258941677
0.3091378689695481
-0.002621637575120898
0.003632464300190968
1.0738241118192924
0.0032965451414837563
0.002856501413762229
0.000239142630440614
0.00025506011134672626
0.00024338661813600444
0.22994487366907412
0.2298843254142062
0.22999999989347852
0.22999999993065307
0.22999999992953174
0.23
0.37415400761766293
0.006464364939570086
0.4329764594377548
7.944963629986572e-12
0.9773230928217891
0.22995652121496057
-0.02967569542023391
4.091344095081352e-07
-1.7424705017418927e-05
1.500596823173382e-08
-8.495926970227253e-06
1.9001026778418372e-10
