0.1362896807333444
0.1338430166986584
0.13503517217805397
0.13692928738076934
0.3445526281161264
0.3436744250308307
0.3376393573253209
0.33931321965551675
0.07541895043134599
0.02600852580560098
0.026058703993201704
0.0031777526022993326
-0.004785489990777579
0.0013892992779369483
-0.005992307636216443
-0.005165431319005264
-0.0009819857310072442
-0.0026398316730354616
-0.0024926218512974765
3.8475668705354927e-16
0.0020646059547479406
-0.0023340723434915195
1.581256883983308e-06
3.1959900270071544e-06
0.32294369128299155
0.1571753559036646
0.15732136352495937
0.1573326786497594
0.05912867730003737
0.04745347825350937
0.05924620759695468
0.15739718433998132
0.1582617641128379
2.0634466684227255
1.7250253020561983
0.008352769934763417
0.0066917281963913755
0.001685844064819843
0.0017011123113719268
0.008115652083976922
0.007465472874305094
0.2791551915458298
-0.12586829853649464
0.005916471564923013
1.185231363476631
0.0035968589644669014
0.0037465343415504413
0.0017612489770785541
0.0017530247375348068
0.0016918036418457185
0.21694708502853857
0.20247442068353894
0.20175278215410586
0.20270212288432016
0.20278732015969245
0.23
0.5285774892287634
0.14010339531022187
0.36921788973031255
2.5541403565952056e-07
-0.19064726124286216
0.22204553473548272
0.01424637760214114
0.013780438403144288
1.0367791282427932e-07
9.651497604964805e-08
9.919276214610883e-08
1.838899761162122e-08
