0.21369684655049406
0.22269730362127876
0.21287989010369543
0.21324055588597504
0.44555579720595667
0.44418395964881985
0.4343375108326862
0.4423425509363717
0.24718163077231864
0.1825729793768522
0.18127696616224534
0.1198695937657917
0.07633449974008233
0.05475817118644779
0.07117753856813973
0.029164368195540323
0.045169079377692725
0.03159570914745944
0.03647516750549943
0.002752999353531107
0.7240948762334324
1.255629767835557
6.114520016451429e-05
0.13360353123706636
0.5442609644435595
0.4201436972764553
0.4198781585397502
0.4244923383711014
0.4094128221535261
0.410997064724968
0.4132164721395309
0.40913070037100496
0.41901801921242504
3.345472547355447
2.9440975160372655
0.17126655410817454
0.16754735623074335
0.001711901333913078
0.0017123572956650433
0.07274789610692325
0.07287667295648649
0.6943605406204029
0.48043666480396097
0.3200600095041788
3.240763496114318
0.009074835068508829
0.009075238893343484
0.3518738882155359
0.2815280501606183
0.3720167783381019
0.23000111730733241
0.2300001023727378
0.23000006418906427
0.2300000081511994
0.2300005138185244
1.2524820756425674
0.41911131857872214
0.9922940473993764
3.868855326521272e-05
3.843415701871731
0.23166641110268063
0.345591891153875
0.35725183684271766
1.5878502627358225e-05
1.6551521371448745e-05
9.890624384912973e-06
3.619187911538307e-06
