0.043270518895962076
0.05345444360014758
0.058309456202199614
0.051901058862028934
0.21790908669090361
0.20003637629329116
0.2047971200881501
0.19932160763769807
0.014322134039408936
0.008202226162003144
0.008702652983271098
0.00028475466944705987
-0.004285313049131167
0.00032669934510141095
-0.006417579555048208
-0.005369989047362552
-0.0012483796736828198
-0.0010226688259661876
-0.0017706806786734683
7.608284264007388e-19
1.8497538894866617e-05
-0.07902572704826973
5.8459127679508774e-08
1.2709242109682818e-06
0.2923851759241468
0.15912941874824887
0.10917511409466168
0.10641065751989279
0.04142485645771476
0.011424902465207346
0.006505271081771753
0.062316702195118555
0.10500645651158722
1.8523518767813152
1.5184043717815483
0.0017184632179906483
0.004219009734254153
0.0016644852134208748
0.0016668385354761824
0.005877034762674396
0.00577944086785996
0.26539981469610774
-0.1681305436317304
0.0007774862789806732
1.0159519181404173
2.582620186043424e-05
1.879843872888742e-05
0.0007651944325751756
0.0008350999229201902
0.0008217197286348748
0.17032160559125742
0.1703124150686036
0.17032234494948817
0.1705831055335059
0.17094946285725454
0.3825442347099993
0.09777975371363101
0.4525378824234883
7.330284620600256e-08
-0.5221751297858455
0.17045406635294497
0.009370645511161511
0.005587778949803509
-7.187806145018617e-08
4.494216968191396e-08
-5.115802276359672e-08
4.572301618748657e-09
