0.0047114694423401535
0.011458232386947691
0.007786496132321252
0.014583820703655466
0.1510900265403054
0.15165106762517633
0.14070542614865184
0.13980030408461125
0.01386874511969786
0.009784183928477961
0.006531294058815375
0.00024009182488778793
-0.004155759279283912
0.0028078335869960117
-0.005390176275080066
-0.006548716507825068
-0.0007967017638643188
-0.00751289986995403
-0.0012895500935369345
3.922498224955662e-19
1.6021994191190895e-05
-0.1089659513848775
5.1966673969379574e-08
1.4190882408533694e-06
0.28951565760826614
0.16939651108089007
0.11974184231932924
0.06707901226404063
0.018303185092432683
0.0063652908710701
0.00648218087167804
0.10656195758738063
0.05856216807637822
0.5214138982198275
0.6897145297453401
0.0012045423942183778
0.0004960115813384101
0.0016561884089775782
0.0016543251564482106
0.006945938476558846
0.007013432886572116
0.25888869544055915
-0.14870241159174982
0.0011677401104407425
1.1024697281727476
1.5415029860482204e-05
5.5470744598276655e-05
0.0006854820448972731
0.0006944335223877269
0.000605440373477082
0.16007760416875985
0.15301176878828032
0.1611725296407922
0.2056034880001406
0.17416298209685893
0.539583490500983
0.1618726135825336
0.3673789139490668
2.2087946236052196e-09
-0.4011371545908915
0.15732936166757042
-0.0016657749569453427
0.0073800467589283675
-3.2794909835664545e-08
3.286657404780901e-08
-1.4933277807050356e-08
3.0024869719898185e-09
