time0 0
timef 7200
npoints 100
XVmax 0.1 to 10.0
YVmax 0.1 to 10.0
datapoints 10

CITRA_SYN vs GLT
X [ 0.4  4.8  9.2 13.6 18.  22.4 26.8 31.2 35.6 40. ]
Y [  5.70584  68.47008 131.23432 193.99856 256.7628  319.52704 382.29128
 445.05552 507.81976 570.584  ]
[[5.51904080e-03 1.49416276e-02 1.10172070e-02 8.61335631e-03
  7.05845761e-03 5.97810875e-03 5.18536412e-03 4.57926550e-03
  4.10095486e-03 3.71391367e-03]
 [4.98488864e-05 9.75831647e-04 2.68814757e-03 4.94112218e-03
  7.18430136e-03 9.03772665e-03 1.03990075e-02 1.13174855e-02
  1.18879277e-02 1.22021052e-02]
 [1.47918131e-05 2.33759495e-04 5.77980973e-04 1.07779046e-03
  1.74992162e-03 2.58307388e-03 3.53464686e-03 4.54254347e-03
  5.54301931e-03 6.48426179e-03]
 [7.02639426e-06 1.02121148e-04 2.35363835e-04 4.15681782e-04
  6.52731780e-04 9.55474616e-04 1.33004232e-03 1.77749505e-03
  2.29238267e-03 2.86277455e-03]
 [4.09632212e-06 5.69757747e-05 1.26152636e-04 2.14855414e-04
  3.26841409e-04 4.66294204e-04 6.37572103e-04 8.44781374e-04
  1.09119831e-03 1.37863323e-03]
 [2.68143296e-06 3.63020340e-05 7.83571629e-05 1.30274213e-04
  1.93727742e-04 2.70648647e-04 3.63207723e-04 4.73759985e-04
  6.04737969e-04 7.58487234e-04]
 [1.89146423e-06 2.51434066e-05 5.33286041e-05 8.71749271e-05
  1.27531097e-04 1.75379608e-04 2.31845242e-04 2.98195390e-04
  3.75827799e-04 4.66240874e-04]
 [1.40583586e-06 1.84430201e-05 3.86203828e-05 6.23491507e-05
  9.01044624e-05 1.22433702e-04 1.59964572e-04 2.03410926e-04
  2.53576692e-04 3.11354434e-04]
 [1.08606416e-06 1.41066214e-05 2.92537218e-05 4.67781192e-05
  6.69668885e-05 9.01483452e-05 1.16697337e-04 1.47040465e-04
  1.81660074e-04 2.21098345e-04]
 [8.64356791e-07 1.11396545e-05 2.29247639e-05 3.63818285e-05
  5.16948782e-05 6.90728580e-05 8.87528812e-05 1.11003637e-04
  1.36128850e-04 1.64470534e-04]]

CITRA_SYN vs LPD
X [ 0.4  4.8  9.2 13.6 18.  22.4 26.8 31.2 35.6 40. ]
Y [0.00684413 0.08212956 0.15741499 0.23270042 0.30798585 0.38327128
 0.45855671 0.53384214 0.60912757 0.684413  ]
[[1.77694993e-02 1.52315749e-02 1.16261558e-02 8.65756338e-03
  6.74182625e-03 5.49658532e-03 4.63786444e-03 4.01275531e-03
  3.53780464e-03 3.16468023e-03]
 [7.27052445e-03 5.94655138e-04 2.74093054e-04 1.77450277e-04
  1.31112512e-04 1.03944803e-04 8.60968635e-05 7.34772584e-05
  6.40829001e-05 5.68177844e-05]
 [2.28350569e-03 1.50854237e-04 7.40788109e-05 4.90399422e-05
  3.66441756e-05 2.92486722e-05 2.43363471e-05 2.08365270e-05
  1.82166437e-05 1.61819232e-05]
 [9.94051592e-04 6.75002047e-05 3.39347350e-05 2.26513512e-05
  1.69972052e-05 1.36014589e-05 1.13364292e-05 9.71801875e-06
  8.50394049e-06 7.55950621e-06]
 [5.30773984e-04 3.81405828e-05 1.94079035e-05 1.30104382e-05
  9.78426023e-06 7.83995989e-06 6.54022465e-06 5.61012614e-06
  4.91161927e-06 4.36778596e-06]
 [3.23488304e-04 2.44917771e-05 1.25546195e-05 8.43831015e-06
  6.35441076e-06 5.09583925e-06 4.25336775e-06 3.64992650e-06
  3.19642930e-06 2.84316674e-06]
 [2.15752794e-04 1.70533249e-05 8.78485445e-06 5.91498397e-06
  4.45827726e-06 3.57723349e-06 2.98693442e-06 2.56385033e-06
  2.24574728e-06 1.99786530e-06]
 [1.53444824e-04 1.25566169e-05 6.49133152e-06 4.37627053e-06
  3.30066265e-06 2.64943933e-06 2.21283248e-06 1.89976108e-06
  1.66429436e-06 1.48075954e-06]
 [1.14448556e-04 9.63193820e-06 4.99262061e-06 3.36910113e-06
  2.54228742e-06 2.04130384e-06 1.70525694e-06 1.46420972e-06
  1.28286780e-06 1.14149330e-06]
 [8.85281005e-05 7.62323782e-06 3.95960726e-06 2.67399848e-06
  2.01854466e-06 1.62114904e-06 1.35448282e-06 1.16315113e-06
  1.01918232e-06 9.06926806e-07]]

CITRA_SYN vs ATP_MAINTENANCE
X [ 0.4  4.8  9.2 13.6 18.  22.4 26.8 31.2 35.6 40. ]
Y [ 0.130166  1.561992  2.993818  4.425644  5.85747   7.289296  8.721122
 10.152948 11.584774 13.0166  ]
[[8.33123084e-10 1.55796857e-02 1.48856341e-02 1.45820873e-02
  1.44124202e-02 1.43040723e-02 1.42288807e-02 1.41736404e-02
  1.41313380e-02 1.40979033e-02]
 [1.00650960e-12 6.67631281e-04 4.89844752e-04 4.33036098e-04
  4.04891530e-04 3.88030612e-04 3.76782971e-04 3.68738878e-04
  3.62697491e-04 3.57992370e-04]
 [2.70041042e-13 1.63923720e-04 1.17903768e-04 1.03330588e-04
  9.61213122e-05 9.18031998e-05 8.89223240e-05 8.68615847e-05
  8.53135895e-05 8.41077596e-05]
 [1.23098297e-13 7.25023800e-05 5.18529761e-05 4.53164735e-05
  4.20805704e-05 4.01411358e-05 3.88465752e-05 3.79201934e-05
  3.72240938e-05 3.66817224e-05]
 [7.01533291e-14 4.07279331e-05 2.90493227e-05 2.53513096e-05
  2.35194917e-05 2.24210859e-05 2.16876551e-05 2.11626779e-05
  2.07681202e-05 2.04606476e-05]
 [4.52578301e-14 2.60612431e-05 1.85583789e-05 1.61817692e-05
  1.50039907e-05 1.42975364e-05 1.38257096e-05 1.34879239e-05
  1.32340186e-05 1.30361328e-05]
 [3.15988443e-14 1.81034575e-05 1.28777094e-05 1.12219091e-05
  1.04010766e-05 9.90861143e-06 9.57964837e-06 9.34411069e-06
  9.16704552e-06 9.02903524e-06]
 [2.33057565e-14 1.33074008e-05 9.45870427e-06 8.23894034e-06
  7.63411755e-06 7.27118692e-06 7.02872162e-06 6.85510014e-06
  6.72457094e-06 6.62282653e-06]
 [1.78961014e-14 1.01949252e-05 7.24208076e-06 6.30606418e-06
  5.84185116e-06 5.56325835e-06 5.37711941e-06 5.24382194e-06
  5.14360296e-06 5.06548112e-06]
 [1.41727892e-14 8.06084610e-06 5.72339113e-06 4.98233688e-06
  4.61476086e-06 4.39414069e-06 4.24672474e-06 4.14115169e-06
  4.06177366e-06 3.99989559e-06]]

CITRA_SYN vs GDH
X [ 0.4  4.8  9.2 13.6 18.  22.4 26.8 31.2 35.6 40. ]
Y [ 0.866573 10.398876 19.931179 29.463482 38.995785 48.528088 58.060391
 67.592694 77.124997 86.6573  ]
[[7.85536681e-03 1.54643994e-02 1.37424242e-02 1.23182784e-02
  1.11102759e-02 1.00674250e-02 9.15662152e-03 8.35444744e-03
  7.64340680e-03 7.00992527e-03]
 [1.58428984e-08 6.45459486e-04 3.22317084e-04 1.91375047e-04
  1.25492021e-04 8.76945411e-05 6.40777392e-05 4.84041623e-05
  3.75219184e-05 2.96955583e-05]
 [1.16588605e-09 1.59659177e-04 7.92449429e-05 4.68495217e-05
  3.06438742e-05 2.13801368e-05 1.56052865e-05 1.17786646e-05
  9.12470012e-06 7.21751472e-06]
 [3.49938267e-10 7.08186938e-05 3.51604818e-05 2.07738005e-05
  1.35814960e-05 9.47245548e-06 6.91203342e-06 5.21593777e-06
  4.03988774e-06 3.19491869e-06]
 [1.64411230e-10 3.98423651e-05 1.97920712e-05 1.16915801e-05
  7.64231538e-06 5.32935013e-06 3.88832243e-06 2.93386908e-06
  2.27213211e-06 1.79672873e-06]
 [9.50899696e-11 2.55185594e-05 1.26823955e-05 7.49122294e-06
  4.89624159e-06 3.41408910e-06 2.49075006e-06 1.87922461e-06
  1.45527062e-06 1.15071054e-06]
 [6.19188220e-11 1.77379772e-05 8.81868885e-06 5.20884840e-06
  3.40428668e-06 2.37363290e-06 1.73159542e-06 1.30639404e-06
  1.01162510e-06 7.99876487e-07]
 [4.35189388e-11 1.30449453e-05 6.48731493e-06 3.83173731e-06
  2.50416176e-06 1.74595073e-06 1.27364430e-06 9.60860250e-07
  7.44030305e-07 5.88273623e-07]
 [3.22591029e-11 9.99751968e-06 4.97294752e-06 2.93724970e-06
  1.91952719e-06 1.33828946e-06 9.76232015e-07 7.36465780e-07
  5.70257347e-07 4.50866381e-07]
 [2.48700423e-11 7.90708510e-06 3.93386183e-06 2.32350650e-06
  1.51840217e-06 1.05859875e-06 7.72188775e-07 5.82522338e-07
  4.51045937e-07 3.56605339e-07]]

GLT vs LPD
X [  5.70584  68.47008 131.23432 193.99856 256.7628  319.52704 382.29128
 445.05552 507.81976 570.584  ]
Y [0.00684413 0.08212956 0.15741499 0.23270042 0.30798585 0.38327128
 0.45855671 0.53384214 0.60912757 0.684413  ]
[[6.23697667e-04 5.80531861e-05 3.02344287e-05 2.04365246e-05
  1.54341872e-05 1.23990493e-05 1.03614158e-05 8.89895677e-06
  7.79826225e-06 6.93987688e-06]
 [1.09308954e-02 1.14363124e-03 4.99642521e-04 3.17282912e-04
  2.32170675e-04 1.82999516e-04 1.50995160e-04 1.28510368e-04
  1.11850195e-04 9.90119453e-05]
 [1.63238510e-02 3.06426452e-03 1.18172792e-03 7.11762125e-04
  5.07246978e-04 3.93610374e-04 3.21441824e-04 2.71587476e-04
  2.35098771e-04 2.07242291e-04]
 [1.82861934e-02 5.43949237e-03 2.01268683e-03 1.16190668e-03
  8.09912804e-04 6.20292018e-04 5.02234863e-04 4.21788297e-04
  3.63492943e-04 3.19323921e-04]
 [1.86244161e-02 7.66501260e-03 2.92601645e-03 1.63773981e-03
  1.12089985e-03 8.49074801e-04 6.82536191e-04 5.70318554e-04
  4.89663372e-04 4.28932696e-04]
 [1.83120928e-02 9.39390664e-03 3.85702801e-03 2.11860858e-03
  1.42893286e-03 1.07253560e-03 8.56962926e-04 7.13029136e-04
  6.10275074e-04 5.33302531e-04]
 [1.77603200e-02 1.05808162e-02 4.74763632e-03 2.58966758e-03
  1.72732750e-03 1.28684530e-03 1.02303801e-03 8.48192774e-04
  7.24058718e-04 6.31464615e-04]
 [1.71282221e-02 1.13175999e-02 5.55265427e-03 3.03967440e-03
  2.01186178e-03 1.48999619e-03 1.17970502e-03 9.75235498e-04
  8.30711284e-04 7.23278219e-04]
 [1.64810258e-02 1.17211933e-02 6.24408856e-03 3.46002022e-03
  2.27967458e-03 1.68088958e-03 1.32658160e-03 1.09411486e-03
  9.30365970e-04 8.08972328e-04]
 [1.58473214e-02 1.18915925e-02 6.81104627e-03 3.84443515e-03
  2.52876153e-03 1.85890705e-03 1.46361286e-03 1.20503809e-03
  1.02336056e-03 8.88946416e-04]]

GLT vs ATP_MAINTENANCE
X [  5.70584  68.47008 131.23432 193.99856 256.7628  319.52704 382.29128
 445.05552 507.81976 570.584  ]
Y [ 0.130166  1.561992  2.993818  4.425644  5.85747   7.289296  8.721122
 10.152948 11.584774 13.0166  ]
[[1.37076037e-13 6.12474114e-05 4.39225914e-05 3.85732385e-05
  3.59473451e-05 3.43809613e-05 3.33386628e-05 3.25944573e-05
  3.20361849e-05 3.16017726e-05]
 [1.77803552e-12 1.32093870e-03 9.89930510e-04 8.81746401e-04
  8.27769846e-04 7.95324185e-04 7.73637555e-04 7.58107749e-04
  7.46433775e-04 7.37335815e-04]
 [3.70169602e-12 3.72766965e-03 2.97703462e-03 2.70570315e-03
  2.56576362e-03 2.48024936e-03 2.42252554e-03 2.38091694e-03
  2.34949195e-03 2.32491482e-03]
 [5.97485999e-12 6.55325896e-03 5.48054579e-03 5.05908128e-03
  4.83565506e-03 4.69725055e-03 4.60306136e-03 4.53479952e-03
  4.48304547e-03 4.44245227e-03]
 [8.68417190e-12 8.91934985e-03 7.66566560e-03 7.14984484e-03
  6.87198804e-03 6.69844961e-03 6.57976032e-03 6.49345377e-03
  6.42786106e-03 6.37632011e-03]
 [1.19455401e-11 1.05541378e-02 9.21146079e-03 8.64752676e-03
  8.34128157e-03 8.14917920e-03 8.01743813e-03 7.92146452e-03
  7.84842767e-03 7.79097941e-03]
 [1.59173835e-11 1.15501303e-02 1.01671441e-02 9.58188894e-03
  9.26282499e-03 9.06223747e-03 8.92448342e-03 8.82403195e-03
  8.74753332e-03 8.68732985e-03]
 [2.08218904e-11 1.20819170e-02 1.06849898e-02 1.00928089e-02
  9.76935806e-03 9.56577416e-03 9.42585513e-03 9.32377058e-03
  9.24599777e-03 9.18477316e-03]
 [2.69798085e-11 1.23010400e-02 1.09055789e-02 1.03143492e-02
  9.99110004e-03 9.78750471e-03 9.64751357e-03 9.54534303e-03
  9.46748563e-03 9.40618378e-03]
 [3.48706160e-11 1.23170565e-02 1.09324144e-02 1.03465453e-02
  1.00260430e-02 9.82408798e-03 9.68518165e-03 9.58378024e-03
  9.50649630e-03 9.44563748e-03]]

GLT vs GDH
X [  5.70584  68.47008 131.23432 193.99856 256.7628  319.52704 382.29128
 445.05552 507.81976 570.584  ]
Y [ 0.866573 10.398876 19.931179 29.463482 38.995785 48.528088 58.060391
 67.592694 77.124997 86.6573  ]
[[1.76725853e-09 6.00919507e-05 2.99469321e-05 1.77364446e-05
  1.16194673e-05 8.11921126e-06 5.93504614e-06 4.48627142e-06
  3.48042580e-06 2.75684553e-06]
 [5.40285583e-08 1.26881668e-03 6.41321147e-04 3.83027398e-04
  2.51905335e-04 1.76308790e-04 1.28938679e-04 9.74464966e-05
  7.55580614e-05 5.98059290e-05]
 [2.86554294e-07 3.53494149e-03 1.89689214e-03 1.16452840e-03
  7.76537864e-04 5.47518143e-04 4.02017017e-04 3.04471751e-04
  2.36320999e-04 1.87118753e-04]
 [1.16548045e-06 6.23093224e-03 3.65515725e-03 2.35561944e-03
  1.61634196e-03 1.16022238e-03 8.61958958e-04 6.58055121e-04
  5.13637999e-04 4.08348809e-04]
 [4.23432528e-06 8.55747869e-03 5.47714940e-03 3.73792044e-03
  2.66703235e-03 1.96783524e-03 1.49138227e-03 1.15556270e-03
  9.12175986e-04 7.31570651e-04]
 [1.61986510e-05 1.02198299e-02 7.01534365e-03 5.04777537e-03
  3.75190661e-03 2.85837211e-03 2.22190288e-03 1.75684266e-03
  1.40974349e-03 1.14590835e-03]
 [9.48712539e-05 1.12707239e-02 8.14699884e-03 6.11620255e-03
  4.71147130e-03 3.70033470e-03 2.95223165e-03 2.38699347e-03
  1.95253147e-03 1.61366524e-03]
 [1.10994546e-03 1.18613361e-02 8.89861524e-03 6.89618303e-03
  5.46354114e-03 4.40050063e-03 3.59166251e-03 2.96444351e-03
  2.47056873e-03 2.07666223e-03]
 [8.19506839e-03 1.21337316e-02 9.35064805e-03 7.41719853e-03
  6.00104839e-03 4.92800047e-03 4.09553155e-03 3.43801807e-03
  2.91113941e-03 2.48381299e-03]
 [6.14770089e-03 1.21950416e-02 9.58535022e-03 7.73495330e-03
  6.35643012e-03 5.29637907e-03 4.46284705e-03 3.79609492e-03
  3.25528354e-03 2.81147266e-03]]

LPD vs ATP_MAINTENANCE
X [0.00684413 0.08212956 0.15741499 0.23270042 0.30798585 0.38327128
 0.45855671 0.53384214 0.60912757 0.684413  ]
Y [ 0.130166  1.561992  2.993818  4.425644  5.85747   7.289296  8.721122
 10.152948 11.584774 13.0166  ]
[[1.11409145e-11 8.82414456e-03 7.32731918e-03 6.74718554e-03
  6.43842352e-03 6.24638338e-03 6.11528837e-03 6.02005700e-03
  5.94772487e-03 5.89091005e-03]
 [1.22399841e-12 7.83276241e-04 5.74109072e-04 5.07833868e-04
  4.75123836e-04 4.55572173e-04 4.42549289e-04 4.33245656e-04
  4.26264002e-04 4.20830036e-04]
 [6.47548773e-13 3.48377376e-04 2.49074192e-04 2.18648712e-04
  2.03819727e-04 1.95015771e-04 1.89176580e-04 1.85017252e-04
  1.81902709e-04 1.79482570e-04]
 [4.40223300e-13 2.22774400e-04 1.58057939e-04 1.38429519e-04
  1.28898447e-04 1.23251133e-04 1.19510263e-04 1.16847904e-04
  1.14855553e-04 1.13308160e-04]
 [3.33459124e-13 1.63593390e-04 1.15644832e-04 1.01172070e-04
  9.41568082e-05 9.00040541e-05 8.72548266e-05 8.52990047e-05
  8.38358255e-05 8.26996731e-05]
 [2.68372752e-13 1.29221377e-04 9.11518804e-05 7.96932745e-05
  7.41447086e-05 7.08619662e-05 6.86894516e-05 6.71442744e-05
  6.59884947e-05 6.50911624e-05]
 [2.24545063e-13 1.06773716e-04 7.52119554e-05 6.57295921e-05
  6.11410302e-05 5.84272288e-05 5.66316374e-05 5.53547322e-05
  5.43997368e-05 5.36583495e-05]
 [1.93023015e-13 9.09661156e-05 6.40136630e-05 5.59266103e-05
  5.20150820e-05 4.97022740e-05 4.81722408e-05 4.70843031e-05
  4.62706946e-05 4.56391093e-05]
 [1.69261598e-13 7.92333387e-05 5.57162207e-05 4.86667459e-05
  4.52582554e-05 4.32432560e-05 4.19103919e-05 4.09627287e-05
  4.02540652e-05 3.97039696e-05]
 [1.50708189e-13 7.01802280e-05 4.93221592e-05 4.30743989e-05
  4.00543456e-05 3.82692529e-05 3.70885636e-05 3.62491474e-05
  3.56214591e-05 3.51342381e-05]]

LPD vs GDH
X [0.00684413 0.08212956 0.15741499 0.23270042 0.30798585 0.38327128
 0.45855671 0.53384214 0.60912757 0.684413  ]
Y [ 0.866573 10.398876 19.931179 29.463482 38.995785 48.528088 58.060391
 67.592694 77.124997 86.6573  ]
[[4.92237677e-07 8.55884732e-03 5.24022873e-03 3.43075366e-03
  2.36828488e-03 1.70216575e-03 1.26300044e-03 9.61646491e-04
  7.47979914e-04 5.92293586e-04]
 [3.09089504e-08 7.57892149e-04 3.79172197e-04 2.25650961e-04
  1.48249251e-04 1.03764669e-04 7.59278902e-05 5.74295886e-05
  4.45711864e-05 3.53137993e-05]
 [1.55769417e-08 3.39944932e-04 1.68721455e-04 1.00274531e-04
  6.59246963e-05 4.62105400e-05 3.38737525e-05 2.56695619e-05
  1.99604054e-05 1.58447334e-05]
 [1.04069350e-08 2.17986867e-04 1.07964905e-04 6.41493074e-05
  4.21869158e-05 2.95861129e-05 2.17001281e-05 1.64543925e-05
  1.28026253e-05 1.01689914e-05]
 [7.81303838e-09 1.60294817e-04 7.93155133e-05 4.71219938e-05
  3.09938622e-05 2.17416675e-05 1.59510823e-05 1.20986836e-05
  9.41639007e-06 7.48153696e-06]
 [6.25392893e-09 1.26717211e-04 6.26669262e-05 3.72289572e-05
  2.44891108e-05 1.71812054e-05 1.26073399e-05 9.56416448e-06
  7.44508032e-06 5.91631042e-06]
 [5.21345487e-09 1.04759777e-04 5.17899065e-05 3.07661773e-05
  2.02391618e-05 1.42008740e-05 1.04215594e-05 7.90689745e-06
  6.15571463e-06 4.89225989e-06]
 [4.46984163e-09 8.92836873e-05 4.41282083e-05 2.62141172e-05
  1.72454059e-05 1.21011250e-05 8.88131461e-06 6.73885106e-06
  5.24679009e-06 4.17022703e-06]
 [3.91179755e-09 7.77895553e-05 3.84403208e-05 2.28349000e-05
  1.50228306e-05 1.05420786e-05 7.73754156e-06 5.87134922e-06
  4.57164060e-06 3.63382632e-06]
 [3.47765866e-09 6.89162793e-05 3.40507866e-05 2.02271284e-05
  1.33075482e-05 9.33877259e-06 6.85466242e-06 5.20165237e-06
  4.05038131e-06 3.21964626e-06]]

ATP_MAINTENANCE vs GDH
X [ 0.130166  1.561992  2.993818  4.425644  5.85747   7.289296  8.721122
 10.152948 11.584774 13.0166  ]
Y [ 0.866573 10.398876 19.931179 29.463482 38.995785 48.528088 58.060391
 67.592694 77.124997 86.6573  ]
[[1.86826715e-11 1.22114658e-12 6.59501407e-13 4.64025144e-13
  3.65376423e-13 3.06285523e-13 2.67102800e-13 2.39296362e-13
  2.18580721e-13 2.02571543e-13]
 [1.82439228e-08 8.67747516e-04 4.40427968e-04 2.63494560e-04
  1.73699401e-04 1.21907337e-04 8.94179085e-05 6.77857628e-05
  5.27238107e-05 4.18634603e-05]
 [1.40312189e-09 6.52309810e-04 3.39650233e-04 2.05184912e-04
  1.36262108e-04 9.62672626e-05 7.10533038e-05 5.41892820e-05
  4.23968866e-05 3.38588085e-05]
 [4.81091681e-10 5.82346027e-04 3.06247342e-04 1.85606861e-04
  1.23537154e-04 8.74450297e-05 6.46559586e-05 4.93931529e-05
  3.87071356e-05 3.09609915e-05]
 [2.83152811e-10 5.47472594e-04 2.89463769e-04 1.75725896e-04
  1.17088628e-04 8.29562504e-05 6.13878678e-05 4.69331150e-05
  3.68068281e-05 2.94623393e-05]
 [2.07053194e-10 5.26511994e-04 2.79330171e-04 1.69746107e-04
  1.13177950e-04 8.02285152e-05 5.93979008e-05 4.54321394e-05
  3.56449953e-05 2.85441786e-05]
 [1.68472415e-10 5.12500485e-04 2.72536022e-04 1.65731111e-04
  1.10548850e-04 7.83924344e-05 5.80567805e-05 4.44193281e-05
  3.48600588e-05 2.79230942e-05]
 [1.45584893e-10 5.02465326e-04 2.67659706e-04 1.62846600e-04
  1.08658403e-04 7.70710881e-05 5.70908388e-05 4.36892495e-05
  3.42937735e-05 2.74746425e-05]
 [1.30576627e-10 4.94920600e-04 2.63987747e-04 1.60672932e-04
  1.07232926e-04 7.60741443e-05 5.63616109e-05 4.31377569e-05
  3.38657536e-05 2.71354827e-05]
 [1.20032249e-10 4.89039880e-04 2.61122120e-04 1.58975643e-04
  1.06119328e-04 7.52949660e-05 5.57914149e-05 4.27063422e-05
  3.35307764e-05 2.68699292e-05]]

