time0 0
timef 7200
npoints 100
XVmax 0.1 to 10.0
YVmax 0.1 to 10.0
datapoints 10

PGI vs PFK
X [ 0.232456  2.789472  5.346488  7.903504 10.46052  13.017536 15.574552
 18.131568 20.688584 23.2456  ]
Y [0.0185253 0.2223036 0.4260819 0.6298602 0.8336385 1.0374168 1.2411951
 1.4449734 1.6487517 1.85253  ]
[[5.01231519e-09 3.68479259e-04 3.46771149e-04 3.32204889e-04
  3.21233741e-04 3.12421358e-04 3.05053059e-04 2.98720655e-04
  2.93168827e-04 2.88226697e-04]
 [5.24048838e-09 1.13025913e-03 1.10080787e-03 1.07705485e-03
  1.05790181e-03 1.04188910e-03 1.02812192e-03 1.01603664e-03
  1.00525855e-03 9.95526220e-04]
 [5.25139990e-09 1.16020944e-03 1.12959651e-03 1.10509458e-03
  1.08539022e-03 1.06894096e-03 1.05481246e-03 1.04241895e-03
  1.03137209e-03 1.02140154e-03]
 [5.25527255e-09 1.17046457e-03 1.13939538e-03 1.11460635e-03
  1.09469249e-03 1.07807855e-03 1.06381346e-03 1.05130413e-03
  1.04015653e-03 1.03009693e-03]
 [5.25725575e-09 1.17563821e-03 1.14432595e-03 1.11938515e-03
  1.09936076e-03 1.08265964e-03 1.06832351e-03 1.05575338e-03
  1.04455290e-03 1.03444659e-03]
 [5.25846140e-09 1.17875698e-03 1.14729312e-03 1.12225836e-03
  1.10216586e-03 1.08541125e-03 1.07103102e-03 1.05842344e-03
  1.04719041e-03 1.03705533e-03]
 [5.25927145e-09 1.18084071e-03 1.14927463e-03 1.12417608e-03
  1.10403730e-03 1.08724602e-03 1.07283622e-03 1.06020331e-03
  1.04894820e-03 1.03879357e-03]
 [5.25985372e-09 1.18233221e-03 1.15069157e-03 1.12554683e-03
  1.10537451e-03 1.08855724e-03 1.07412567e-03 1.06147437e-03
  1.05020332e-03 1.04003463e-03]
 [5.26029222e-09 1.18345228e-03 1.15175512e-03 1.12657543e-03
  1.10637791e-03 1.08954076e-03 1.07509269e-03 1.06242750e-03
  1.05114449e-03 1.04096505e-03]
 [5.26063426e-09 1.18432428e-03 1.15258274e-03 1.12737566e-03
  1.10715795e-03 1.09030576e-03 1.07584477e-03 1.06316870e-03
  1.05187618e-03 1.04168847e-03]]

