PGI vs PFK
X [0.232456 0.464912 0.697368 0.929824 1.16228  1.394736 1.627192 1.859648
 2.092104 2.32456 ]
Y [0.0185253 0.0370506 0.0555759 0.0741012 0.0926265 0.1111518 0.1296771
 0.1482024 0.1667277 0.185253 ]
[[5.01231519e-09 8.08986218e-07 2.79817879e-04 3.81657660e-04
  3.86291601e-04 3.84989792e-04 3.82401794e-04 3.79504422e-04
  3.76591742e-04 3.73764903e-04]
 [5.13158715e-09 7.89100118e-07 3.75050383e-04 7.43860264e-04
  7.71651391e-04 7.79050781e-04 7.80877989e-04 7.80503234e-04
  7.79105246e-04 7.77193719e-04]
 [5.17404549e-09 7.79671794e-07 3.76206630e-04 8.77342221e-04
  9.14103950e-04 9.24489083e-04 9.27734657e-04 9.28129865e-04
  9.27171739e-04 9.25510244e-04]
 [5.19581738e-09 7.74417007e-07 3.70778662e-04 9.43721264e-04
  9.84730354e-04 9.96342642e-04 1.00009732e-03 1.00072382e-03
  9.99863421e-04 9.98227378e-04]
 [5.20905907e-09 7.71088701e-07 3.65750832e-04 9.83023574e-04
  1.02642628e-03 1.03864486e-03 1.04261096e-03 1.04330485e-03
  1.04244656e-03 1.04077885e-03]
 [5.21796102e-09 7.68796281e-07 3.61707048e-04 1.00890533e-03
  1.05381858e-03 1.06637557e-03 1.07043566e-03 1.07113892e-03
  1.07025380e-03 1.06854276e-03]
 [5.22435953e-09 7.67122201e-07 3.58493404e-04 1.02720238e-03
  1.07314594e-03 1.08590847e-03 1.09001007e-03 1.09070063e-03
  1.08978106e-03 1.08802594e-03]
 [5.22917622e-09 7.65847005e-07 3.55912327e-04 1.04080835e-03
  1.08749510e-03 1.10039036e-03 1.10450802e-03 1.10517763e-03
  1.10422307e-03 1.10242763e-03]
 [5.23293714e-09 7.64843027e-07 3.53806294e-04 1.05131560e-03
  1.09856130e-03 1.11154676e-03 1.11566739e-03 1.11631362e-03
  1.11532621e-03 1.11349472e-03]
 [5.23595215e-09 7.64032625e-07 3.52060660e-04 1.05967126e-03
  1.10735203e-03 1.12040033e-03 1.12451658e-03 1.12514006e-03
  1.12412264e-03 1.12225919e-03]]

