FBA vs GDH
X [ 2.16978  4.33956  6.50934  8.67912 10.8489  13.01868 15.18846 17.35824
 19.52802 21.6978 ]
Y [0.866573 1.733146 2.599719 3.466292 4.332865 5.199438 6.066011 6.932584
 7.799157 8.66573 ]
[[1.44576139e-08 1.01075787e-04 6.36219267e-04 1.13269088e-03
  1.33051705e-03 1.35843122e-03 1.31422385e-03 1.24279787e-03
  1.16363894e-03 1.08514577e-03]
 [2.45530615e-08 1.36428980e-04 7.59750547e-04 1.25199864e-03
  1.41772656e-03 1.42083337e-03 1.35998019e-03 1.27735185e-03
  1.19043716e-03 1.10640559e-03]
 [2.93175259e-08 1.50413330e-04 8.03602606e-04 1.29169143e-03
  1.44605926e-03 1.44089543e-03 1.37460280e-03 1.28834850e-03
  1.19893748e-03 1.11313016e-03]
 [3.20433482e-08 1.57870004e-04 8.26011895e-04 1.31150824e-03
  1.46008816e-03 1.45079280e-03 1.38180123e-03 1.29375375e-03
  1.20311069e-03 1.11642811e-03]
 [3.38017038e-08 1.62499591e-04 8.39609429e-04 1.32338710e-03
  1.46846168e-03 1.45668905e-03 1.38608482e-03 1.29696784e-03
  1.20559044e-03 1.11838672e-03]
 [3.50285800e-08 1.65652555e-04 8.48737290e-04 1.33130128e-03
  1.47402607e-03 1.46060373e-03 1.38892591e-03 1.29909834e-03
  1.20723364e-03 1.11968413e-03]
 [3.59327214e-08 1.67937912e-04 8.55287328e-04 1.33695164e-03
  1.47799137e-03 1.46338923e-03 1.39094815e-03 1.30061435e-03
  1.20840255e-03 1.12060675e-03]
 [3.66262880e-08 1.69670266e-04 8.60216683e-04 1.34118796e-03
  1.48096051e-03 1.46547464e-03 1.39246077e-03 1.30174811e-03
  1.20927663e-03 1.12129660e-03]
 [3.71756868e-08 1.71028635e-04 8.64060363e-04 1.34448198e-03
  1.48326716e-03 1.46709399e-03 1.39363523e-03 1.30262815e-03
  1.20995483e-03 1.12183182e-03]
 [3.76210559e-08 1.72122288e-04 8.67141473e-04 1.34711662e-03
  1.48511069e-03 1.46838770e-03 1.39457326e-03 1.30333093e-03
  1.21049644e-03 1.12225919e-03]]

