0.22567376713338297
0.22911878216369466
0.22916632648318452
0.22881787967392558
0.4583854046365653
0.4585222856194769
0.45832854269133
0.45894757428712557
0.4566193747168181
0.2714097009773149
0.24175754517432593
0.21037675094361782
0.18731449632302322
0.08420546769078556
0.16358911181422991
0.08353064657213487
0.08278960542480199
0.0686697515651473
0.09165945685615243
0.008407719033389887
3.318623416678645
4.200313817252353
0.0006421930039091088
0.4622535660373128
0.5858661048764482
0.29738236521949585
0.2995813366802789
0.2933655606747987
0.18662082341712072
0.2264935736037098
0.21837373603020507
0.28196660567432097
0.30167839155243414
30.24996966850046
27.090620650537502
0.259527535693446
0.2547676414775214
0.0017111596770696172
0.001710801724967073
0.15400982302827454
0.16591230861587208
0.6601469782654771
0.5732487612480746
0.09826325133458085
2.718277902583691
0.008987772723987465
0.008794382873354196
0.13076549819761968
0.08320455886607656
0.054128226231185975
0.23000009523577059
0.23000000780965443
0.23000000957998878
0.2300000015498942
0.23000013100073005
0.23
1.269266715254268
0.29977026538076246
0.8890263949798932
1.3191126506444798e-05
3.0548555171891305
0.2300911981128554
0.22419571772099192
0.032235846268752
7.661342120108504e-05
4.783687829151252e-06
2.8482370557573444e-06
4.664380296676004e-07
