-1.8063014409430394e-06
-7.0023346224820635e-22
-2.1916160697709396e-20
-5.892011432355291e-22
-1.7280102811739762e-18
-1.0790714404433636e-18
-1.985302292474759e-18
-3.6073037995019384e-19
-1.8336385943241147e-18
-5.042055433882333e-22
-7.984634937814442e-22
-0.00441266762962756
-0.01781050948432285
-0.001999566792467381
-0.0074103881203553545
-0.013492786651022581
-0.004786309074164469
-0.0006944286324816253
-0.008279086403171184
-7.896843996379369e-29
-1.0970606988644793e-20
-0.22707690097443328
-2.1893256707134932e-16
-5.175097432228195e-16
-1.2795426523237524e-12
-1.595489426708488e-17
-3.3453166058625646e-14
-4.2971373426234095e-16
-1.6744124226090686e-11
-1.1022786206214172e-12
-4.7250275946985477e-08
-2.6348577848151036e-13
-2.6875183164308894e-15
-1.6057324736874582e-15
-3.97901086689344e-15
-4.0456674273441e-13
-3.1055255586255075e-17
8.594183190113455e-05
8.608278618527639e-05
-1.9345504860617422e-22
-8.70112592191624e-23
-1.7289311190258464e-13
-1.572235609991692e-07
-1.133725965527349e-05
1.8859638810452248e-06
-2.8365662924378474e-29
-1.1417660703595538e-08
-3.22575169662525e-16
-1.3789701578710662e-12
-8.770910025474417e-17
4.439000814824212e-42
-4.700520442431764e-29
-1.3151598657926984e-23
-5.8370866472397776e-24
-2.899311652874763e-23
0.23
-1.7055999674431703e-12
-7.543303114044191e-14
-2.4179467907059493e-12
-4.339393172916778e-82
-1.0502056823409756
0.0005659477796331927
-2.3519551644279538e-05
-2.6240485204691197e-05
-5.557600302548377e-12
-1.1378808899043373e-15
-9.152869921472308e-13
-2.7788508338727645e-26
