0.2260424456813988
0.22894343816191268
0.2285933013368664
0.22952257587620933
0.45870077209450216
0.45795134016203
0.45840550146833586
0.4581898116493805
0.4644138619197353
0.249192949430965
0.22022504182363592
0.21805240458496442
0.25315857263039493
0.06085696251895922
0.1265006734171735
0.08673707486656153
0.07492842721740224
0.08032996873454408
0.0726343486660939
0.007008346952222556
1.3114359676649099
3.2645656219013595
0.0005835025786056781
0.5235072011118355
0.6274311024316869
0.3457864868574573
0.3092021152659083
0.3020982387685497
0.2178542627662722
0.21606449332861272
0.26319006154939795
0.2876710519839089
0.29273965434883825
27.896119181278763
28.214174272778372
0.2615307330014154
0.32048119574165806
0.001710944355626528
0.0017109284889371267
0.17132742397553175
0.15302942026764368
0.6272522521564845
0.5676432412288752
0.09558317365840076
2.6752444551277526
0.008801931562212187
0.00882072212496819
0.08740453987797836
0.09570277444235713
0.07028114864868637
0.23000004189822842
0.23000000593598144
0.23000009366908003
0.23000000518189814
0.23000000216453143
0.23
1.0396269912051885
0.30697035364340913
0.9188341267422102
1.6259648756637597e-06
2.9775857943992827
0.2300000017941455
0.014308051187951861
0.019391430395089785
0.0003702067569799276
5.670762120704209e-06
6.076467858263412e-06
2.733045946460211e-07
