-0.03892653713946674
0.09435096137370545
0.09347034676238311
0.09363710920281372
0.31743576398619405
0.3172674514186061
0.31001164017850713
0.3101479850577442
0.00023781278735570552
3.082914216664905e-05
1.3447984026128442e-05
-0.006428985085776161
-0.011249710462394945
-0.011563650083777592
-0.011193938287087958
-0.007917447017190231
-0.0033668848349723895
-0.0033420569237636267
-0.0024919911923506326
2.729452559791121e-10
1.3202236649777497e-07
-0.1961682471293294
4.983962906518624e-06
0.0025491582151387837
0.2105154595190596
0.00751187955564957
0.008068150907925415
0.007516956680685509
0.0007456073237192975
0.0009842341467092496
0.002667854912785293
0.007511805454135338
0.007516645790003191
0.4089482269982388
0.32286329774443123
0.0024175304684612505
0.002292207686906672
0.0017070554845540918
0.0017070561279418678
0.0032513893713216886
-0.006447228676628971
0.30709595073655754
-0.04513127050879673
0.007595145696415994
1.0578473152845094
0.007320108182003325
0.00731872688997799
0.00034256201336695325
0.0003423389567921622
0.00034244917978985834
0.2286055250989918
0.2298903857336471
0.2299881116283906
0.2299691300080056
0.22999357657180577
0.23
0.36917259866329566
0.007513644186978858
0.42683416829177484
1.2150901802716564e-10
1.093859148895782
0.2299999999884159
-0.023575837726640753
-0.01909221101487393
1.9394443597103257e-08
1.934458027517182e-08
1.9197975237069884e-08
1.060057835549768e-10
