0.23507909949709338
0.2461263154270939
0.23500800949661774
0.23783276465065045
0.47316062883905197
0.47198516302185106
0.470324764775402
0.5080868620437748
0.30773132120717944
0.2686090578607487
0.26868992219471605
0.20321757256833797
0.1334659037939741
0.06969548667857195
0.13113668547017662
0.06607453355749728
0.06700555795510131
0.0671178164217395
0.06711896030232173
0.00094345145679531
0.48035270530304763
0.5204395999296335
2.0284999861819236e-05
0.3967093772034019
0.44069326662207825
0.21401920193492255
0.21401914085735038
0.2133989038647567
0.13166710548092847
0.15925606071979082
0.15817383440889946
0.21275404069150794
0.21274168794590592
27.198849750778713
24.981226958123
0.13198261814409257
0.13189467817856879
0.0017107190809205
0.0017107179511233344
0.06813535384214715
0.06813783007884783
0.5382867237976757
0.49560938316737585
0.024931932613949104
2.3236454195250933
0.008544628803550081
0.008544488211413848
0.017111902317965753
0.02321738971596218
0.017234178127445588
0.23040782157629547
0.2304548510072399
0.2304234071214255
0.23002097996197945
0.23000000753791267
0.23
0.8962858456379916
0.21263821938968916
0.7700466182570563
2.266311589559192e-05
2.604038314099903
0.23002447132601442
0.04703324843260624
0.04679136780594623
9.756072524038476e-07
9.75652121528901e-07
9.756541786587748e-07
6.788788338741355e-07
