0.24242524057611017
0.25264042025330435
0.24042128186896322
0.24740349315115728
0.5148918736995555
0.5301236968992322
0.4888317711417694
0.5647214613318835
0.30817283826801684
0.29926878566655213
0.29984696622238055
0.22499474163747352
0.1478781443591501
0.07913160461825419
0.14770139239581456
0.07306027099411812
0.07483522103061385
0.0744526446269179
0.07474710704083395
0.0010573488895632616
0.5560397508309445
0.5084886638178439
4.371328674224648e-05
0.5216559880973783
0.44028711621026073
0.21672124854416122
0.21563607833306536
0.21760348060534754
0.17996857670098504
0.17579249231871605
0.1507316365691103
0.21655813932877627
0.2171423313060041
29.519766183760062
29.09778975243598
0.13016946294521686
0.1317674279441565
0.0017109306771940875
0.001710938992565171
0.07651270916434808
0.07623343869637358
0.5514079675052077
0.5410073192914379
0.0372672636435126
2.3169473279604387
0.0086679339479441
0.00867289975769698
0.03356770074089586
0.029193383781619626
0.041339088739688265
0.23037996925710935
0.23177279985849975
0.23140307352562495
0.23000005557029407
0.23003284085010145
0.23
0.8919263757810942
0.21699334854118987
0.7620644040446446
2.2398031464158903e-05
2.726152542893383
0.23006030216220563
0.035812520535198435
0.04479059417274394
9.129694790697632e-05
1.9015642312584053e-06
0.0003237454512296896
2.207463037537745e-06
