-0.07031975317291003
0.07622975752431942
0.07082419136110646
0.07063681282389431
0.2861773677910711
0.2852190654924297
0.28479713014995506
0.28460743653398224
0.0002305565414888526
1.823512562015344e-05
5.975416143396185e-06
-0.008264327417479084
-0.011560293325933122
-0.010627296714687914
-0.011537063906958099
-0.008066566648935639
-0.004111483533373419
-0.0038048982465065935
-0.003795942879049643
4.588787038985023e-14
4.283742708240951e-09
-0.22640541483684015
8.136417016009535e-07
0.0010140970461526367
0.20222984234619099
0.00317458729631109
0.0027407515459945994
0.003609058042555343
0.001798522782271226
0.0010417059855071114
0.0010533894482932535
0.003190097921759262
0.003212409185186995
0.22143985179951506
0.2523812229844484
0.00022830931975855777
0.00022276878839495694
0.0017017653017919942
0.0017017457998522811
0.0009830273038451069
0.000975619273559687
0.3007266085155918
-0.099522650228298
0.003334936061706583
1.038269924544812
0.0025688897546777144
0.002450388744629693
0.0002198381386692126
0.0002200925418492878
0.0002213243579113878
0.22960014170940424
0.22868940076788882
0.2278147831291335
0.22992342508958846
0.22996485816506262
0.23
0.3526915806539562
0.0032484433219050848
0.4223730303382432
1.6616020205391437e-11
0.9864551985211032
0.22996078116980467
-0.02232977812110305
-0.04647935762098075
-0.00030013913433061135
1.2386081652965058e-08
-0.00011060360990988732
5.157657079514531e-11
