-0.04535905176786698
0.08584892747137537
0.0775444576732195
0.08067512115586167
0.29080970009400114
0.29017652874704647
0.2892191970442764
0.29943641000106624
0.0002220404119799233
0.0007477903467822055
0.0081798333915616
-0.004614134285303282
-0.009161768653659806
-0.0017804430293790398
-0.008438320319249203
-0.008138022050110168
-0.0016196326507131088
-0.0022584135492644264
-0.001363421175588883
5.529814674586932e-13
1.5077629629304387e-08
-0.2105487515569333
8.97719352148886e-07
0.001200539731613222
0.21329051946681862
0.0087953128660106
0.010551150635461212
0.00835015825587777
0.002745810215765573
0.0019805287384940004
0.002466882229312231
0.010233889153297385
0.0035676157658322987
0.31327474186385557
0.4832709146457567
0.0003503490635891753
0.000412171897523107
0.0017019830025820954
0.001702131783302715
0.0011193035940072517
0.0015560617307031743
0.3195608108157385
-0.0019349530608510457
0.003509668991495045
1.0495336312102341
0.0030196752699375817
0.002489037686249797
0.00022595237505505024
0.0002346660125185845
0.00024397749924555496
0.2299128191439923
0.22996075140107472
0.2299324055374381
0.22999999999340798
0.22993031007432094
0.23
0.3660355281027853
0.007832429879975596
0.43566378869510336
2.681624964976524e-11
1.3178968680671763
0.22999999993014733
1.0625684369056088e-07
1.4994609280433134e-07
1.317226934119488e-08
1.51747820201745e-08
-1.4936355319164215e-05
1.540964682877676e-10
