0.2296957641270176
0.24965054811859516
0.22732312133165616
0.23188280637317393
0.4526917356277465
0.48533760860094716
0.4752284167289505
0.4890217664167688
0.2898013390713791
0.271456129719797
0.2881331122272171
0.21008935477823762
0.13901452755626267
0.07047517531230114
0.1377986145477978
0.06923030084784533
0.06873919068675506
0.07100277830825626
0.06830871673541077
0.0007947050450360558
0.47844050229704616
0.5740793508937961
4.972711578126482e-05
0.36307743730007236
0.4391725647940493
0.21419229586442315
0.19833844144388563
0.2122751083638583
0.11820963539137086
0.17429752244318444
0.14154668220394223
0.2141892726935645
0.21265882147288145
26.87331740088334
26.17632356759921
0.12706163708899076
0.12089056352756182
0.0017108403471196127
0.001710848969930292
0.07550754744844135
0.07581667900390558
0.5439258639476452
0.5137745733598174
0.03581871554972621
2.2964789627052484
0.00863429858011894
0.008594134586570733
0.027211069554922834
0.03809064960888668
0.028686624726598452
0.2300726613535029
0.2302245327662563
0.23010545412455663
0.23001026214218762
0.23000000120793768
0.23
0.8750502521085387
0.21115082506783947
0.7677339110498604
1.7424730377682604e-05
2.699492084239788
0.23000821410003053
0.03198278551093968
0.02649063598668996
0.0001369045228572659
1.1531304104682659e-06
6.782898869264666e-05
1.3635350714042166e-06
