0.21105350297161407
0.21547838600067656
0.20946589860545384
0.21284120513165525
0.43649124409899903
0.43844750213547007
0.4372152383739594
0.4432200155833312
0.4918755425026632
0.2035428100933232
0.20353450561411535
0.1343098031466779
0.07414545981597806
0.0625103205792057
0.07853782052568437
0.030823634525183524
0.06058671184265157
0.039116644722087875
0.037067820587996334
0.002844524504918771
0.8296231316987095
0.7565449620100608
8.118268498360152e-05
0.12638218755011946
0.7318297081483077
0.42146600033006176
0.4209758950960896
0.41770177575692913
0.4018609059809981
0.4183003328827096
0.40315596244880575
0.4186276811126585
0.4084368446441632
3.368761285131855
2.9403590848898715
0.29245060684258267
0.2759344347734163
0.0017112598172137354
0.0017112517152102292
0.07292031374119759
0.0723718279370995
0.6808094508076248
0.489463547424399
0.3005932502589004
3.2011088216592998
0.009073258011807334
0.00907434094567924
0.15366769693189822
0.23419547346351893
0.33272475663322326
0.23000192795453245
0.23196894842146942
0.23000192280836274
0.23000013378358705
0.23000000910905874
1.266141220995451
0.41003737600218376
1.0013480134443593
3.793691074319674e-05
3.836769006861297
0.2445544253624497
0.3608013780445612
0.2989473327257151
7.753268325104525e-06
1.5448711894160302e-05
2.0871047295813998e-05
6.7002552335412555e-06
