GLT vs GDH
X [ 22.82336     83.68565333 144.54794667 205.41024    266.27253333
 327.13482667 387.99712    448.85941333 509.72170667 570.584     ]
Y [ 3.466292   12.70973733 21.95318267 31.196628   40.44007333 49.68351867
 58.926964   68.17040933 77.41385467 86.6573    ]
[[ 3.68682159e-04  2.35771268e-04  1.25735372e-04  7.75351137e-05
   5.21138076e-05  3.70752082e-05  2.74690225e-05  2.09846991e-05
   1.64207958e-05  1.31011314e-05]
 [ 2.47698947e-03  1.44141034e-03  7.84840077e-04  4.88769022e-04
   3.30032507e-04  2.35271540e-04  1.74431613e-04  1.33247322e-04
   1.04217764e-04  8.30894464e-05]
 [ 5.78847376e-03  3.49119137e-03  2.00739613e-03  1.28420165e-03
   8.79798545e-04  6.32402428e-04  4.71161867e-04  3.60964474e-04
   2.82803934e-04  2.25682799e-04]
 [ 8.95467130e-03  5.85057704e-03  3.62499417e-03  2.42247779e-03
   1.70533600e-03  1.24780626e-03  9.41004870e-04  7.27110888e-04
   5.73214385e-04  4.59553634e-04]
 [ 1.12750301e-02  7.91473867e-03  5.27440671e-03  3.70574978e-03
   2.70306924e-03  2.02964483e-03  1.56033072e-03  1.22341244e-03
   9.75466680e-04  7.89086440e-04]
 [ 1.27594458e-02  9.44090691e-03  6.67745567e-03  4.91357179e-03
   3.71778016e-03  2.87459112e-03  2.26278852e-03  1.80866733e-03
   1.46509036e-03  1.20081033e-03]
 [ 1.36157570e-02  1.04492289e-02  7.72966026e-03  5.90509325e-03
   4.61348347e-03  3.66710026e-03  2.95649337e-03  2.41268294e-03
   1.98994170e-03  1.65686601e-03]
 [ 1.40410758e-02  1.10507109e-02  8.44729353e-03  6.63946598e-03
   5.32054964e-03  4.32731949e-03  3.56235018e-03  2.96289913e-03
   2.48648493e-03  2.10331418e-03]
 [ 1.41813717e-02  1.13601968e-02  8.89491777e-03  7.14030194e-03
   5.83281013e-03  4.82919638e-03  4.04233695e-03  3.41521949e-03
   2.90869824e-03  2.49495481e-03]
 [ 1.41368187e-02 -1.00000000e-04  9.14210969e-03  7.45488988e-03
  -1.00000000e-04 -1.00000000e-04  4.39606368e-03 -1.00000000e-04
   3.24053239e-03  2.81147266e-03]]

