CYTBO vs MDH
X [ 3.41618    12.52599333 21.63580667 30.74562    39.85543333 48.96524667
 58.07506    67.18487333 76.29468667 85.4045    ]
Y [ 2.445968    8.96854933 15.49113067 22.013712   28.53629333 35.05887467
 41.581456   48.10403733 54.62661867 61.1492    ]
[[0.00123084 0.00105888 0.00106217 0.00107673 0.00109287 0.00110931
  0.00112569 0.00114189 0.00115785 0.00117355]
 [0.00120036 0.00102396 0.00094747 0.00094295 0.0009474  0.00095334
  0.00095962 0.00096593 0.00097215 0.00097825]
 [0.00116377 0.00101363 0.00091604 0.0009045  0.00090716 0.00091206
  0.00091745 0.00092294 0.00092838 0.00093371]
 [0.00114834 0.00100981 0.00090471 0.00088909 0.00089084 0.0008953
  0.00090035 0.00090553 0.00091067 0.00091572]
 [0.00113987 0.00100774 0.00089907 0.00088085 0.00088203 0.00088624
  0.00089111 0.00089612 0.00090111 0.00090601]
 [0.00113453 0.00100641 0.00089575 0.00087573 0.00087652 0.00088057
  0.00088532 0.00089024 0.00089513 0.00089994]
 [0.00113086 0.00100548 0.00089357 0.00087224 0.00087275 0.00087668
  0.00088136 0.00088621 0.00089104 0.00089578]
 [0.00112818 0.0010048  0.00089204 0.00086971 0.00087001 0.00087386
  0.00087848 0.00088327 0.00088806 0.00089276]
 [0.00112613 0.00100428 0.00089091 0.0008678  0.00086793 0.00087171
  0.00087629 0.00088104 0.00088579 0.00089046]
 [0.00112452 0.00100386 0.00089004 0.0008663  0.00086629 0.00087002
  0.00087456 0.00087929 0.00088401 0.00088865]]

