ACK vs ACEA
X [ 2.892 10.604 18.316 26.028 33.74  41.452 49.164 56.876 64.588 72.3  ]
Y [ 0.61038  2.23806  3.86574  5.49342  7.1211   8.74878 10.37646 12.00414
 13.63182 15.2595 ]
[[0.0016439  0.00091788 0.00066129 0.00052301 0.00043496 0.00037343
  0.00032781 0.00029251 0.00026434 0.00024131]
 [0.00164314 0.00091754 0.00066108 0.00052286 0.00043484 0.00037334
  0.00032772 0.00029244 0.00026428 0.00024126]
 [0.0016425  0.00091726 0.0006609  0.00052273 0.00043473 0.00037325
  0.00032765 0.00029238 0.00026423 0.00024121]
 [0.00164197 0.00091702 0.00066075 0.00052262 0.00043465 0.00037319
  0.0003276  0.00029233 0.00026419 0.00024117]
 [0.00164151 0.00091682 0.00066062 0.00052253 0.00043458 0.00037313
  0.00032755 0.00029229 0.00026415 0.00024114]
 [0.00164111 0.00091665 0.00066051 0.00052244 0.00043451 0.00037307
  0.0003275  0.00029225 0.00026412 0.00024111]
 [0.00164076 0.00091649 0.00066041 0.00052237 0.00043446 0.00037303
  0.00032747 0.00029222 0.00026409 0.00024108]
 [0.00164046 0.00091636 0.00066033 0.00052231 0.00043441 0.00037299
  0.00032743 0.00029219 0.00026406 0.00024106]
 [0.00164019 0.00091624 0.00066025 0.00052226 0.00043437 0.00037296
  0.0003274  0.00029216 0.00026404 0.00024104]
 [0.00163995 0.00091613 0.00066018 0.00052221 0.00043433 0.00037292
  0.00032738 0.00029214 0.00026402 0.00024103]]

