GLT vs ATP_MAINTENANCE
X [  5.70584     25.18439724  44.66295448  64.14151172  83.62006897
 103.09862621 122.57718345 142.05574069 161.53429793 181.01285517
 200.49141241 219.96996966 239.4485269  258.92708414 278.40564138
 297.88419862 317.36275586 336.8413131  356.31987034 375.79842759
 395.27698483 414.75554207 434.23409931 453.71265655 473.19121379
 492.66977103 512.14832828 531.62688552 551.10544276 570.584     ]
Y [ 0.130166    0.57452579  1.01888559  1.46324538  1.90760517  2.35196497
  2.79632476  3.24068455  3.68504434  4.12940414  4.57376393  5.01812372
  5.46248352  5.90684331  6.3512031   6.7955629   7.23992269  7.68428248
  8.12864228  8.57300207  9.01736186  9.46172166  9.90608145 10.35044124
 10.79480103 11.23916083 11.68352062 12.12788041 12.57224021 13.0166    ]
[[1.37076037e-13 1.70112827e-04 8.56772256e-05 6.40113895e-05
  5.42451652e-05 4.87070274e-05 4.51346175e-05 4.26342544e-05
  4.07834189e-05 3.93564281e-05 3.82216640e-05 3.72971042e-05
  3.65289215e-05 3.58802981e-05 3.53251793e-05 3.48445987e-05
  3.44244192e-05 3.40538610e-05 3.37245992e-05 3.34300620e-05
  3.31650124e-05 3.29252171e-05 3.27072193e-05 3.25081668e-05
  3.23256856e-05 3.21577836e-05 3.20027756e-05 3.18592293e-05
  3.17259143e-05 3.16017726e-05]
 [6.19504277e-13 8.87933409e-04 4.55631844e-04 3.44477465e-04
  2.93423668e-04 2.64214231e-04 2.45290089e-04 2.32012798e-04
  2.22170052e-04 2.14573969e-04 2.08529406e-04 2.03602164e-04
  1.99506824e-04 1.96047925e-04 1.93087014e-04 1.90523232e-04
  1.88281332e-04 1.86304012e-04 1.84546853e-04 1.82974881e-04
  1.81560186e-04 1.80280209e-04 1.79116520e-04 1.78053915e-04
  1.77079735e-04 1.76183349e-04 1.75355781e-04 1.74589377e-04
  1.73877583e-04 1.73214752e-04]
 [1.12544947e-12 1.81550174e-03 9.53807523e-04 7.32903734e-04
  6.29067502e-04 5.68874886e-04 5.29594318e-04 5.01912497e-04
  4.81330648e-04 4.65413361e-04 4.52727419e-04 4.42373951e-04
  4.33760282e-04 4.26479543e-04 4.20242996e-04 4.14839982e-04
  4.10113115e-04 4.05942414e-04 4.02234795e-04 3.98916909e-04
  3.95930153e-04 3.93227168e-04 3.90769211e-04 3.88524319e-04
  3.86465873e-04 3.84571491e-04 3.82822283e-04 3.81202136e-04
  3.79697241e-04 3.78295701e-04]
 [1.65646425e-12 2.93232691e-03 1.58398978e-03 1.24113683e-03
  1.07570773e-03 9.78182056e-04 9.13909481e-04 8.68330641e-04
  8.34295972e-04 8.07892304e-04 7.86798768e-04 7.69551438e-04
  7.55180795e-04 7.43018946e-04 7.32590564e-04 7.23548020e-04
  7.15631108e-04 7.08641121e-04 7.02423672e-04 6.96856931e-04
  6.91843501e-04 6.87304533e-04 6.83175527e-04 6.79403178e-04
  6.75943078e-04 6.72757902e-04 6.69816063e-04 6.67090641e-04
  6.64558552e-04 6.62199888e-04]
 [2.21422345e-12 4.19412325e-03 2.33822081e-03 1.87165791e-03
  1.64014577e-03 1.50094127e-03 1.40810145e-03 1.34175376e-03
  1.29194374e-03 1.25314956e-03 1.22206404e-03 1.19658636e-03
  1.17531747e-03 1.15728915e-03 1.14180998e-03 1.12837269e-03
  1.11659670e-03 1.10619059e-03 1.09692773e-03 1.08862886e-03
  1.08115048e-03 1.07437631e-03 1.06821100e-03 1.06257585e-03
  1.05740512e-03 1.05264350e-03 1.04824425e-03 1.04416738e-03
  1.04037864e-03 1.03684849e-03]
 [2.80051606e-12 5.53450097e-03 3.19555846e-03 2.61362920e-03
  2.31636954e-03 2.13373242e-03 2.01030579e-03 1.92133540e-03
  1.85413895e-03 1.80157190e-03 1.75930804e-03 1.72457647e-03
  1.69552000e-03 1.67084706e-03 1.64963112e-03 1.63119090e-03
  1.61501272e-03 1.60070314e-03 1.58795503e-03 1.57652524e-03
  1.56621876e-03 1.55687731e-03 1.54837104e-03 1.54059248e-03
  1.53345187e-03 1.52687365e-03 1.52079377e-03 1.51515755e-03
  1.50991805e-03 1.50503475e-03]
 [3.41726598e-12 6.87749915e-03 4.12453550e-03 3.44285070e-03
  3.08421579e-03 2.85892096e-03 2.70458298e-03 2.59234026e-03
  2.50704249e-03 2.44001220e-03 2.38593385e-03 2.34137258e-03
  2.30401102e-03 2.27222851e-03 2.24485822e-03 2.22103794e-03
  2.20011685e-03 2.18159456e-03 2.16507934e-03 2.15026137e-03
  2.13689076e-03 2.12476497e-03 2.11371735e-03 2.10361005e-03
  2.09432762e-03 2.08577286e-03 2.07786326e-03 2.07052837e-03
  2.06370765e-03 2.05734872e-03]
 [4.06655887e-12 8.15728498e-03 5.08861234e-03 4.32620689e-03
  3.91311510e-03 3.64794730e-03 3.46390360e-03 3.32891559e-03
  3.22572549e-03 3.14428382e-03 3.07836231e-03 3.02390157e-03
  2.97814481e-03 2.93915424e-03 2.90552840e-03 2.87622840e-03
  2.85046771e-03 2.82763998e-03 2.80727003e-03 2.78898037e-03
  2.77246703e-03 2.75748273e-03 2.74382403e-03 2.73132217e-03
  2.71983588e-03 2.70924602e-03 2.69945145e-03 2.69036566e-03
  2.68191431e-03 2.67403306e-03]
 [4.75064915e-12 9.33082625e-03 6.05228399e-03 5.22825547e-03
  4.76870318e-03 4.46776892e-03 4.25640156e-03 4.10017477e-03
  3.98010907e-03 3.88497712e-03 3.80774460e-03 3.74378986e-03
  3.68995489e-03 3.64400952e-03 3.60433441e-03 3.56972527e-03
  3.53926806e-03 3.51225641e-03 3.48813566e-03 3.46646455e-03
  3.44688714e-03 3.42911350e-03 3.41290489e-03 3.39806298e-03
  3.38442165e-03 3.37184066e-03 3.36020084e-03 3.34940026e-03
  3.33935116e-03 3.32997768e-03]
 [5.47196961e-12 1.03778485e-02 6.98561495e-03 6.11694902e-03
  5.61890037e-03 5.28695347e-03 5.05137894e-03 4.87609202e-03
  4.74075022e-03 4.63314830e-03 4.54556443e-03 4.47288897e-03
  4.41161204e-03 4.35924410e-03 4.31397128e-03 4.27444095e-03
  4.23962399e-03 4.20872342e-03 4.18111258e-03 4.15629184e-03
  4.13385797e-03 4.11348196e-03 4.09489266e-03 4.07786458e-03
  4.06220884e-03 4.04776561e-03 4.03439914e-03 4.02199328e-03
  4.01044788e-03 3.99967634e-03]
 [6.23319516e-12 1.12942286e-02 7.86635052e-03 6.96689502e-03
  6.43759933e-03 6.07948253e-03 5.82311672e-03 5.63128401e-03
  5.48258397e-03 5.36401921e-03 5.26729764e-03 5.18689945e-03
  5.11901464e-03 5.06093188e-03 5.01066919e-03 4.96674512e-03
  4.92803050e-03 4.89364926e-03 4.86291142e-03 4.83526631e-03
  4.81026895e-03 4.78755566e-03 4.76682684e-03 4.74783299e-03
  4.73036477e-03 4.71424526e-03 4.69932372e-03 4.68547178e-03
  4.67257780e-03 4.66054579e-03]
 [7.03720111e-12 1.20852134e-02 8.67999156e-03 7.76027048e-03
  7.20593546e-03 6.82618782e-03 6.55240140e-03 6.34658440e-03
  6.18652605e-03 6.05859701e-03 5.95404297e-03 5.86700630e-03
  5.79342861e-03 5.73041238e-03 5.67583534e-03 5.62810730e-03
  5.58601401e-03 5.54861241e-03 5.51515869e-03 5.48505848e-03
  5.45783102e-03 5.43308332e-03 5.41049105e-03 5.38978390e-03
  5.37073582e-03 5.35315407e-03 5.33687580e-03 5.32176114e-03
  5.30768963e-03 5.29455652e-03]
 [7.88720114e-12 1.27606081e-02 9.41868831e-03 8.48621440e-03
  7.91193899e-03 7.51458219e-03 7.22647205e-03 7.00908144e-03
  6.83957559e-03 6.70382873e-03 6.59271569e-03 6.50010639e-03
  6.42174010e-03 6.35456745e-03 6.29635004e-03 6.24540830e-03
  6.20045784e-03 6.16049958e-03 6.12474499e-03 6.09256344e-03
  6.06344395e-03 6.03696934e-03 6.01279442e-03 5.99063181e-03
  5.97024008e-03 5.95141495e-03 5.93398240e-03 5.91779333e-03
  5.90271912e-03 5.88864838e-03]
 [8.78667061e-12 1.33319653e-02 1.00797121e-02 9.13953673e-03
  8.54939401e-03 8.13785533e-03 7.83813813e-03 7.61132254e-03
  7.43409349e-03 7.29193544e-03 7.17542966e-03 7.07822909e-03
  6.99591067e-03 6.92530251e-03 6.86407243e-03 6.81046824e-03
  6.76314831e-03 6.72106813e-03 6.68340254e-03 6.64949080e-03
  6.61879819e-03 6.59088668e-03 6.56539431e-03 6.54201946e-03
  6.52050852e-03 6.50064702e-03 6.48225207e-03 6.46516690e-03
  6.44925634e-03 6.43440319e-03]
 [9.73945424e-12 1.38110314e-02 1.06639654e-02 9.71927396e-03
  9.11647417e-03 8.69360368e-03 8.38458637e-03 8.15019457e-03
  7.96673832e-03 7.81939732e-03 7.69852304e-03 7.59759622e-03
  7.51206531e-03 7.43866072e-03 7.37497611e-03 7.31920039e-03
  7.26994623e-03 7.22613264e-03 7.18690484e-03 7.15157826e-03
  7.11959813e-03 7.09051012e-03 7.06393862e-03 7.03957036e-03
  7.01714205e-03 6.99643074e-03 6.97724637e-03 6.95942601e-03
  6.94282908e-03 6.92733368e-03]
 [1.07497859e-11 1.42089472e-02 1.11747353e-02 1.02273944e-02
  9.61446077e-03 9.18259440e-03 8.86619896e-03 8.62578471e-03
  8.43736691e-03 8.28588752e-03 8.16151833e-03 8.05760568e-03
  7.96949706e-03 7.89384636e-03 7.82818744e-03 7.77066391e-03
  7.71985176e-03 7.67464086e-03 7.63415307e-03 7.59768460e-03
  7.56466494e-03 7.53462665e-03 7.50718312e-03 7.48201186e-03
  7.45884172e-03 7.43744294e-03 7.41761991e-03 7.39920453e-03
  7.38205194e-03 7.36603654e-03]
 [1.18223375e-11 1.45359256e-02 1.16167416e-02 1.06677455e-02
  1.00466746e-02 9.60771771e-03 9.28552659e-03 9.04037776e-03
  8.84805229e-03 8.69330731e-03 8.56617539e-03 8.45989889e-03
  8.36974680e-03 8.29231328e-03 8.22508616e-03 8.16617284e-03
  8.11412097e-03 8.06779747e-03 8.02630580e-03 7.98892711e-03
  7.95507840e-03 7.92428188e-03 7.89614234e-03 7.87032992e-03
  7.84656724e-03 7.82461934e-03 7.80428584e-03 7.78539483e-03
  7.76779801e-03 7.75136670e-03]
 [1.29621874e-11 1.48011167e-02 1.19954472e-02 1.10452570e-02
  1.04176520e-02 9.97315868e-03 9.64646957e-03 9.39764617e-03
  9.20228295e-03 9.04499451e-03 8.91570704e-03 8.80758320e-03
  8.71583199e-03 8.63700164e-03 8.56854449e-03 8.50854019e-03
  8.45551422e-03 8.40831610e-03 8.36603471e-03 8.32793952e-03
  8.29343794e-03 8.26204407e-03 8.23335593e-03 8.20703795e-03
  8.18280791e-03 8.16042672e-03 8.13969039e-03 8.12042392e-03
  8.10247630e-03 8.08571654e-03]
 [1.41752229e-11 1.50126131e-02 1.23165869e-02 1.13653708e-02
  1.07325432e-02 1.02837871e-02 9.95366407e-03 9.70203645e-03
  9.50435091e-03 9.34511384e-03 9.21417144e-03 9.10462673e-03
  9.01164353e-03 8.93173566e-03 8.86232834e-03 8.80148046e-03
  8.74770088e-03 8.69982513e-03 8.65693153e-03 8.61828067e-03
  8.58327239e-03 8.55141470e-03 8.52230040e-03 8.49558955e-03
  8.47099619e-03 8.44827799e-03 8.42722828e-03 8.40766962e-03
  8.38944895e-03 8.37243341e-03]
 [1.54676926e-11 1.51775282e-02 1.25858572e-02 1.16336496e-02
  1.09966940e-02 1.05447261e-02 1.02120443e-02 9.95832756e-03
  9.75890833e-03 9.59821196e-03 9.46602683e-03 9.35541250e-03
  9.26149997e-03 9.18077761e-03 9.11065132e-03 9.04916404e-03
  8.99481231e-03 8.94642196e-03 8.90306306e-03 8.86398940e-03
  8.82859526e-03 8.79638415e-03 8.76694493e-03 8.73993438e-03
  8.71506373e-03 8.69208819e-03 8.67079913e-03 8.65101718e-03
  8.63258780e-03 8.61537677e-03]
 [1.68467222e-11 1.53020665e-02 1.28087221e-02 1.18555226e-02
  1.12153695e-02 1.07610636e-02 1.04265463e-02 1.01713310e-02
  9.97066205e-03 9.80890941e-03 9.67582116e-03 9.56442671e-03
  9.46983419e-03 9.38851454e-03 9.31785963e-03 9.25590152e-03
  9.20112759e-03 9.15235702e-03 9.10865373e-03 9.06926691e-03
  9.03358673e-03 9.00111336e-03 8.97143281e-03 8.94419952e-03
  8.91912259e-03 8.89595566e-03 8.87448827e-03 8.85454001e-03
  8.83595504e-03 8.81859817e-03]
 [1.83203511e-11 1.53916385e-02 1.29902996e-02 1.20361283e-02
  1.13935814e-02 1.09376709e-02 1.06019187e-02 1.03456925e-02
  1.01441745e-02 9.98169865e-03 9.84798748e-03 9.73605182e-03
  9.64098536e-03 9.55924735e-03 9.48822103e-03 9.42593096e-03
  9.37085901e-03 9.32181910e-03 9.27787153e-03 9.23826200e-03
  9.20237819e-03 9.16971780e-03 9.13986495e-03 9.11247250e-03
  9.08724806e-03 9.06394397e-03 9.04234882e-03 9.02228132e-03
  9.00358461e-03 8.98612300e-03]
 [1.98974838e-11 1.54509446e-02 1.31353057e-02 1.21802304e-02
  1.15359916e-02 1.10790953e-02 1.07426093e-02 1.04857778e-02
  1.02837430e-02 1.01208196e-02 9.98671762e-03 9.87443854e-03
  9.77906838e-03 9.69706049e-03 9.62579265e-03 9.56328581e-03
  9.50801804e-03 9.45880064e-03 9.41469144e-03 9.37493420e-03
  9.33891482e-03 9.30612972e-03 9.27616176e-03 9.24866267e-03
  9.22333918e-03 9.19994296e-03 9.17826182e-03 9.15811390e-03
  9.13934183e-03 9.12180946e-03]
 [2.15878943e-11 1.54840680e-02 1.32480340e-02 1.22921765e-02
  1.16468644e-02 1.11895071e-02 1.08527084e-02 1.05956098e-02
  1.03933345e-02 1.02301926e-02 1.00958925e-02 9.98343401e-03
  9.88790154e-03 9.80574655e-03 9.73434518e-03 9.67171679e-03
  9.61633819e-03 9.56701933e-03 9.52281706e-03 9.48297413e-03
  9.44687575e-03 9.41401752e-03 9.38398175e-03 9.35641930e-03
  9.33103744e-03 9.30758616e-03 9.28585367e-03 9.26565752e-03
  9.24684026e-03 9.22926528e-03]
 [2.34033381e-11 1.54945583e-02 1.33323583e-02 1.23758935e-02
  1.17300545e-02 1.12726841e-02 1.09359255e-02 1.06788434e-02
  1.04765580e-02 1.03133885e-02 1.01790506e-02 1.00665493e-02
  9.97097193e-03 9.88877197e-03 9.81732672e-03 9.75465603e-03
  9.69923718e-03 9.64988041e-03 9.60564158e-03 9.56576456e-03
  9.52963404e-03 9.49674553e-03 9.46668122e-03 9.43909217e-03
  9.41368455e-03 9.39020953e-03 9.36845433e-03 9.34823666e-03
  9.32939927e-03 9.31180502e-03]
 [2.53563310e-11 1.54854920e-02 1.33917505e-02 1.24348965e-02
  1.17890158e-02 1.13320141e-02 1.09955941e-02 1.07387655e-02
  1.05366629e-02 1.03736249e-02 1.02393830e-02 1.01269524e-02
  1.00314281e-02 9.94926824e-03 9.87785370e-03 9.81520665e-03
  9.75980608e-03 9.71046334e-03 9.66623612e-03 9.62636789e-03
  9.59024426e-03 9.55736112e-03 9.52730096e-03 9.49971508e-03
  9.47430954e-03 9.45083658e-03 9.42908282e-03 9.40886600e-03
  9.39002881e-03 9.37243500e-03]
 [2.74617254e-11 1.54595503e-02 1.34293071e-02 1.24723152e-02
  1.18268213e-02 1.13705150e-02 1.10346854e-02 1.07783095e-02
  1.05765508e-02 1.04137776e-02 1.02797434e-02 1.01674784e-02
  1.00720886e-02 9.99003981e-03 9.91871815e-03 9.85614971e-03
  9.80081640e-03 9.75153014e-03 9.70735539e-03 9.66753161e-03
  9.63144735e-03 9.59859929e-03 9.56857052e-03 9.54101274e-03
  9.51563332e-03 9.49218316e-03 9.47045052e-03 9.45025314e-03
  9.43143389e-03 9.41385633e-03]
 [2.97358810e-11 1.54190615e-02 1.34477804e-02 1.24909206e-02
  1.18461937e-02 1.13908617e-02 1.10558347e-02 1.08000788e-02
  1.05987990e-02 1.04364017e-02 1.03026681e-02 1.01906482e-02
  1.00954612e-02 1.00135825e-02 9.94240556e-03 9.87996159e-03
  9.82473535e-03 9.77554628e-03 9.73145352e-03 9.69170413e-03
  9.65568637e-03 9.62289810e-03 9.59292340e-03 9.56541497e-03
  9.54008019e-03 9.51667116e-03 9.49497624e-03 9.47481373e-03
  9.45602670e-03 9.43847905e-03]
 [3.21982012e-11 1.53660518e-02 1.34496001e-02 1.24931607e-02
  1.18495342e-02 1.13954153e-02 1.10613700e-02 1.08063739e-02
  1.06056870e-02 1.04437579e-02 1.03104025e-02 1.01986938e-02
  1.01037662e-02 1.00221071e-02 9.95111807e-03 9.88883672e-03
  9.83375360e-03 9.78468880e-03 9.74070685e-03 9.70105663e-03
  9.66512816e-03 9.63242014e-03 9.60251855e-03 9.57507658e-03
  9.54980273e-03 9.52644965e-03 9.50480633e-03 9.48469152e-03
  9.46594876e-03 9.44844227e-03]
 [3.48706160e-11 1.53022874e-02 1.34369255e-02 1.24811926e-02
  1.18389583e-02 1.13862546e-02 1.10533413e-02 1.07992227e-02
  1.05992209e-02 1.04378391e-02 1.03049275e-02 1.01935843e-02
  1.00989634e-02 1.00175650e-02 9.94679982e-03 9.88471301e-03
  9.82980026e-03 9.78088609e-03 9.73703786e-03 9.69750748e-03
  9.66168667e-03 9.62907651e-03 9.59926361e-03 9.57190277e-03
  9.54670313e-03 9.52341855e-03 9.50183835e-03 9.48178198e-03
  9.46309348e-03 9.44563748e-03]]

