GLT vs ATP_MAINTENANCE
X [285.292      295.12965517 304.96731034 314.80496552 324.64262069
 334.48027586 344.31793103 354.15558621 363.99324138 373.83089655
 383.66855172 393.5062069  403.34386207 413.18151724 423.01917241
 432.85682759 442.69448276 452.53213793 462.3697931  472.20744828
 482.04510345 491.88275862 501.72041379 511.55806897 521.39572414
 531.23337931 541.07103448 550.90868966 560.74634483 570.584     ]
Y [0.130166   0.14811993 0.16607386 0.18402779 0.20198172 0.21993566
 0.23788959 0.25584352 0.27379745 0.29175138 0.30970531 0.32765924
 0.34561317 0.3635671  0.38152103 0.39947497 0.4174289  0.43538283
 0.45333676 0.47129069 0.48924462 0.50719855 0.52515248 0.54310641
 0.56106034 0.57901428 0.59696821 0.61492214 0.63287607 0.65083   ]
[[1.00898548e-11 5.22148253e-11 2.29530946e-10 8.98210830e-10
  3.22879583e-09 1.08078409e-08 3.66174931e-07 1.87955190e-05
  7.21672001e-11 4.49321503e-03 5.90707034e-02 9.43716624e-07
  3.46692884e-02 1.40268195e-02 1.81270758e-02 1.77322838e-02
  1.73217789e-02 1.68988796e-02 1.64686779e-02 1.60380895e-02
  1.56158336e-02 1.52115024e-02 1.48336347e-02 1.44876055e-02
  1.41746526e-02 1.38926250e-02 1.36376210e-02 1.34054315e-02
  1.31923324e-02 1.29953438e-02]
 [1.06032795e-11 5.52279390e-11 2.44885744e-10 9.69304402e-10
  3.53516756e-09 1.20319786e-08 1.84409260e-07 2.54174647e-04
  3.22382064e-08 6.60357681e-02 5.27792784e-02 3.11838596e-02
  2.96961822e-02 2.29593044e-02 1.81653502e-02 1.77861645e-02
  1.73912606e-02 1.69843158e-02 1.65703976e-02 1.61563276e-02
  1.57505529e-02 1.53621765e-02 1.49991125e-02 1.46661799e-02
  1.43643513e-02 1.40915372e-02 1.38441060e-02 1.36181767e-02
  1.34103213e-02 1.32177947e-02]
 [1.11323592e-11 5.83705095e-11 2.61152869e-10 1.04612715e-09
  3.87382943e-09 1.34115569e-08 1.68659557e-07 8.76270362e-06
  6.37322510e-11 4.62704969e-02 1.45834910e-03 7.61900177e-07
  3.03992808e-02 1.46931865e-02 1.81923103e-02 1.78275506e-02
  1.74475825e-02 1.70559139e-02 1.66575992e-02 1.62593496e-02
  1.58693435e-02 1.54962191e-02 1.51473087e-02 1.48269309e-02
  1.45358261e-02 1.42719660e-02 1.40319656e-02 1.38122380e-02
  1.36096241e-02 1.34215928e-02]
 [1.16777681e-11 6.16501145e-11 2.78405154e-10 1.12929893e-09
  4.24913636e-09 1.49680357e-08 1.54184893e-07 1.24846333e-07
  4.02185131e-02 3.17313781e-07 6.81013361e-08 1.47745847e-02
  8.87696017e-05 1.96278179e-02 1.82075462e-02 1.78575550e-02
  1.74918788e-02 1.71150194e-02 1.67314723e-02 1.63483654e-02
  1.59734362e-02 1.56148788e-02 1.52794820e-02 1.49711185e-02
  1.46903252e-02 1.44351391e-02 1.42023955e-02 1.39887752e-02
  1.37913643e-02 1.36078254e-02]
 [1.22401512e-11 6.50748518e-11 2.96724977e-10 1.21953051e-09
  4.66609924e-09 1.67247303e-08 1.40940597e-07 1.06428368e-04
  6.44558455e-02 4.79603067e-08 3.67998294e-02 5.75705022e-02
  5.49767717e-02 1.79203289e-02 1.82147081e-02 1.78771799e-02
  1.75251862e-02 1.71621605e-02 1.67931013e-02 1.64244831e-02
  1.60639619e-02 1.57193026e-02 1.53968001e-02 1.50999178e-02
  1.48290225e-02 1.45822131e-02 1.43565301e-02 1.41488981e-02
  1.39566227e-02 1.37775447e-02]
 [1.28202733e-11 6.86532491e-11 3.16202591e-10 1.31762215e-09
  5.13046909e-09 1.87061463e-08 1.28876668e-07 9.55238656e-06
  4.00716723e-02 4.82777939e-02 4.63819660e-02 4.70860337e-02
  3.44621417e-03 1.90449496e-02 1.82115707e-02 1.78873431e-02
  1.75484478e-02 1.71988386e-02 1.68434801e-02 1.64887246e-02
  1.61419612e-02 1.58105576e-02 1.55003452e-02 1.52144243e-02
  1.49530139e-02 1.47142792e-02 1.44954467e-02 1.42936633e-02
  1.41064334e-02 1.39317620e-02]
 [1.34188376e-11 7.23947764e-11 3.36937595e-10 1.42449100e-09
  5.64882030e-09 2.09369245e-08 1.17999436e-07 4.43497354e-05
  2.20301337e-07 5.44146532e-02 1.87723333e-07 7.50699165e-03
  1.45427774e-06 1.84847943e-02 1.82010124e-02 1.78888726e-02
  1.75625172e-02 1.72257602e-02 1.68835181e-02 1.65420179e-02
  1.62083909e-02 1.58896227e-02 1.55911212e-02 1.53156562e-02
  1.50633276e-02 1.48323616e-02 1.46201605e-02 1.44240709e-02
  1.42417814e-02 1.40714438e-02]
 [1.40367441e-11 7.63096433e-11 3.59041103e-10 1.54118502e-09
  6.22858933e-09 2.34401766e-08 1.08400899e-07 8.11664918e-06
  5.12783009e-08 4.69313628e-07 2.35191902e-04 9.30126642e-07
  4.31097298e-02 1.84141554e-02 1.81834163e-02 1.78825258e-02
  1.75681827e-02 1.72437337e-02 1.69140476e-02 1.65852201e-02
  1.62641349e-02 1.59574100e-02 1.56700582e-02 1.54045651e-02
  1.51609200e-02 1.49374204e-02 1.47316258e-02 1.45410674e-02
  1.43635999e-02 1.41975096e-02]
 [1.46745223e-11 8.04087795e-11 3.82637423e-10 1.66890188e-09
  6.87813647e-09 2.62353292e-08 1.00371257e-07 6.78469119e-07
  2.79362928e-10 3.43283621e-08 5.92786393e-07 7.00199121e-03
  3.06269281e-02 1.84432724e-02 1.81583915e-02 1.78689976e-02
  1.75658413e-02 1.72534981e-02 1.69358314e-02 1.66191202e-02
  1.63100025e-02 1.60147520e-02 1.57380177e-02 1.54820280e-02
  1.52466870e-02 1.50303541e-02 1.48307405e-02 1.46455440e-02
  1.44727714e-02 1.43108319e-02]
 [1.53333079e-11 8.47039077e-11 4.07863596e-10 1.80901455e-09
  7.60669671e-09 2.93355220e-08 9.47240485e-08 5.81569881e-07
  1.97765682e-09 6.12455752e-02 1.81364529e-06 4.03513671e-02
  6.19030516e-05 1.84094900e-02 1.81274848e-02 1.78489114e-02
  1.75570963e-02 1.72557306e-02 1.69495692e-02 1.66444417e-02
  1.63467426e-02 1.60624245e-02 1.57957998e-02 1.55488670e-02
  1.53214600e-02 1.51120035e-02 1.49183459e-02 1.47383389e-02
  1.45701284e-02 1.44122344e-02]
 [1.60141095e-11 8.92083344e-11 4.34874591e-10 1.96309523e-09
  8.42423085e-09 3.27449700e-08 9.36470147e-08 1.83516795e-05
  6.23843593e-08 4.33031734e-02 5.87161003e-02 5.54524068e-02
  1.00010553e-06 1.83438080e-02 1.80911527e-02 1.78228466e-02
  1.75415959e-02 1.72510507e-02 1.69559040e-02 1.66618491e-02
  1.63750500e-02 1.61011451e-02 1.58441448e-02 1.56058431e-02
  1.53860154e-02 1.51831523e-02 1.49952278e-02 1.48202372e-02
  1.46564517e-02 1.45024950e-02]
 [1.67176119e-11 9.39355953e-11 4.63843775e-10 2.13294450e-09
  9.34119538e-09 3.64567811e-08 1.01014625e-07 1.52893362e-05
  2.69791150e-03 5.72777643e-07 3.82615171e-02 2.10353600e-02
  2.02834372e-06 1.82925091e-02 1.80497759e-02 1.77913632e-02
  1.75202040e-02 1.72400275e-02 1.69554281e-02 1.66719579e-02
  1.63955583e-02 1.61315751e-02 1.58837397e-02 1.56536631e-02
  1.54410770e-02 1.52445314e-02 1.50621242e-02 1.48919774e-02
  1.47324784e-02 1.45823452e-02]
 [1.74450731e-11 9.89010890e-11 4.94965328e-10 2.32062045e-09
  1.03680620e-08 4.04518169e-08 1.16578927e-07 1.27984914e-06
  5.63212908e-02 5.31185276e-09 1.05195260e-06 1.49256928e-06
  4.38411789e-03 1.82373560e-02 1.80038336e-02 1.77548380e-02
  1.74934225e-02 1.72231838e-02 1.69486812e-02 1.66753327e-02
  1.64088581e-02 1.61543291e-02 1.59152215e-02 1.56929849e-02
  1.54873148e-02 1.52968248e-02 1.51197222e-02 1.49542487e-02
  1.47988976e-02 1.46524732e-02]
 [1.81975342e-11 1.04121308e-10 5.28458365e-10 2.52846849e-09
  1.15146290e-08 4.46988109e-08 1.30782304e-07 3.83012983e-07
  2.23524707e-07 6.13754983e-02 6.55518584e-08 1.46751002e-03
  3.58969972e-06 1.81787444e-02 1.79537470e-02 1.77138162e-02
  1.74617114e-02 1.72009988e-02 1.69361669e-02 1.66724954e-02
  1.64154939e-02 1.61699759e-02 1.59391810e-02 1.57244194e-02
  1.55253563e-02 1.53406690e-02 1.51686644e-02 1.50076967e-02
  1.48563558e-02 1.47135244e-02]
 [1.89761270e-11 1.09614394e-10 5.64570550e-10 2.75915582e-09
  1.27891302e-08 4.91563688e-08 1.42099235e-07 3.97447012e-07
  1.75747203e-05 3.78507612e-02 5.40409087e-02 5.38979490e-02
  1.12137773e-03 1.81164736e-02 1.78999011e-02 1.76686657e-02
  1.74254928e-02 1.71739143e-02 1.69183438e-02 1.66639277e-02
  1.64159693e-02 1.61790409e-02 1.59561682e-02 1.57485326e-02
  1.55557840e-02 1.53766538e-02 1.52095502e-02 1.50529249e-02
  1.49054583e-02 1.47661044e-02]
 [1.97823502e-11 1.15399833e-10 6.03578460e-10 3.01566990e-09
  1.41971362e-08 5.37756911e-08 1.52414039e-07 5.86485195e-07
  3.80779544e-07 7.13019347e-07 4.60647248e-02 5.60091038e-04
  4.92795323e-02 1.80515218e-02 1.78426487e-02 1.76197566e-02
  1.73851550e-02 1.71423358e-02 1.68956379e-02 1.66500731e-02
  1.64107503e-02 1.61820128e-02 1.59666902e-02 1.57658535e-02
  1.55791376e-02 1.54053347e-02 1.52429396e-02 1.50904969e-02
  1.49467703e-02 1.48107804e-02]
 [2.06170880e-11 1.21499710e-10 6.45801227e-10 3.30135370e-09
  1.57404561e-08 5.85042319e-08 1.62209485e-07 1.15077471e-06
  3.67956054e-07 3.51095435e-09 1.62701389e-06 1.85681967e-06
  9.93751527e-07 1.79831139e-02 1.77823129e-02 1.75674305e-02
  1.73410546e-02 1.71066374e-02 1.68684409e-02 1.66313468e-02
  1.64002687e-02 1.61793440e-02 1.59712203e-02 1.57768717e-02
  1.55959240e-02 1.54272250e-02 1.52693526e-02 1.51209393e-02
  1.49808226e-02 1.48480842e-02]
 [2.14820556e-11 1.27936943e-10 6.91596917e-10 3.61985265e-09
  1.74162054e-08 6.32890625e-08 1.71590882e-07 1.68882342e-06
  1.04692978e-03 5.93232837e-02 6.03134455e-07 2.72036802e-07
  3.32354165e-06 1.79127183e-02 1.77191901e-02 1.75119987e-02
  1.72935196e-02 1.70671635e-02 1.68371142e-02 1.66081210e-02
  1.63849243e-02 1.61714540e-02 1.59701981e-02 1.57820428e-02
  1.56066110e-02 1.54428041e-02 1.52892775e-02 1.51447435e-02
  1.50081091e-02 1.48785124e-02]
 [2.23786013e-11 1.34738188e-10 7.41373101e-10 3.97509324e-09
  1.92162376e-08 6.80798962e-08 1.80573626e-07 1.20937990e-06
  8.06676414e-05 4.65465733e-02 3.60991946e-02 3.43878226e-02
  6.45119089e-03 1.78402987e-02 1.76535521e-02 1.74535339e-02
  1.72428522e-02 1.70242320e-02 1.68019922e-02 1.65807559e-02
  1.63650877e-02 1.61587339e-02 1.59640308e-02 1.57817903e-02
  1.56116351e-02 1.54525187e-02 1.53031674e-02 1.51623687e-02
  1.50290932e-02 1.49025303e-02]
 [2.33084137e-11 1.41931373e-10 7.95593661e-10 4.37112351e-09
  2.11272341e-08 7.28310912e-08 1.89150351e-07 1.06040655e-06
  5.99789562e-07 9.20283774e-07 5.16860561e-02 5.00492489e-02
  2.84793038e-02 1.77647541e-02 1.75857224e-02 1.73929841e-02
  1.71893306e-02 1.69781361e-02 1.67633847e-02 1.65495737e-02
  1.63411027e-02 1.61415440e-02 1.59530975e-02 1.57765086e-02
  1.56114036e-02 1.54567831e-02 1.53114450e-02 1.51742430e-02
  1.50442062e-02 1.49205731e-02]
 [2.42731292e-11 1.49548173e-10 8.54788423e-10 4.81196362e-09
  2.31313803e-08 7.75027879e-08 1.97310037e-07 9.25180247e-07
  4.13211483e-07 7.77353002e-07 1.45720452e-02 1.56371054e-02
  3.33923091e-02 1.76877138e-02 1.75157092e-02 1.73298237e-02
  1.71332112e-02 1.69291457e-02 1.67215766e-02 1.65148764e-02
  1.63132882e-02 1.61202211e-02 1.59377503e-02 1.57665641e-02
  1.56062933e-02 1.54559869e-02 1.53145051e-02 1.51807648e-02
  1.50538525e-02 1.49330476e-02]
 [2.52745665e-11 1.57623938e-10 9.19555921e-10 5.30131692e-09
  2.52075939e-08 8.20616908e-08 2.05044021e-07 8.03337756e-07
  2.90493960e-04 3.14015158e-08 1.32435856e-06 2.08046118e-06
  4.13590987e-02 1.76106956e-02 1.74439443e-02 1.72646166e-02
  1.70747307e-02 1.68775130e-02 1.66768327e-02 1.64769381e-02
  1.62819404e-02 1.60950775e-02 1.59183184e-02 1.57522980e-02
  1.55966572e-02 1.54504896e-02 1.53127154e-02 1.51823109e-02
  1.50584092e-02 1.49403339e-02]
 [2.63149063e-11 1.66196587e-10 9.90579992e-10 5.84222761e-09
  2.73330630e-08 8.64805920e-08 2.12347641e-07 6.94992499e-07
  7.57425137e-05 5.65466512e-02 1.31858290e-07 5.71690254e-06
  4.49452401e-02 1.75305423e-02 1.73705477e-02 1.71975266e-02
  1.70141074e-02 1.68234685e-02 1.66293982e-02 1.64360372e-02
  1.62473343e-02 1.60664035e-02 1.58951040e-02 1.57340276e-02
  1.55828234e-02 1.54406283e-02 1.53064188e-02 1.51792240e-02
  1.50582281e-02 1.49427880e-02]
 [2.73955647e-11 1.75308600e-10 1.06863918e-09 6.43663606e-09
  2.94847007e-08 9.07383408e-08 2.19220510e-07 6.01514123e-07
  7.46807881e-07 4.30333422e-02 5.20916298e-02 4.96787251e-02
  1.33851154e-04 1.74495719e-02 1.72957902e-02 1.71287570e-02
  1.69515427e-02 1.67672209e-02 1.65795000e-02 1.63923963e-02
  1.62097250e-02 1.60344682e-02 1.58683925e-02 1.57120485e-02
  1.55650971e-02 1.54267167e-02 1.52959354e-02 1.51718341e-02
  1.50536386e-02 1.49407420e-02]
 [2.85191364e-11 1.85007626e-10 1.15460361e-09 7.08499428e-09
  3.16404423e-08 9.48190852e-08 2.25665903e-07 5.27554242e-07
  1.01171727e-04 1.03911665e-06 4.58787340e-02 3.94930562e-02
  3.92766865e-07 1.73685022e-02 1.72195588e-02 1.70584236e-02
  1.68872229e-02 1.67089807e-02 1.65273484e-02 1.63462445e-02
  1.61693503e-02 1.59995252e-02 1.58384473e-02 1.56866357e-02
  1.55437632e-02 1.54090465e-02 1.52815637e-02 1.51604423e-02
  1.50449482e-02 1.49345068e-02]
 [2.96882253e-11 1.95346222e-10 1.24946046e-09 7.78588979e-09
  3.37802076e-08 9.87115510e-08 2.31690433e-07 4.83356227e-07
  6.17947589e-06 8.82381858e-07 5.26632028e-03 5.11848357e-05
  2.18837407e-02 1.72851898e-02 1.71422813e-02 1.69868684e-02
  1.68213201e-02 1.66489199e-02 1.64731390e-02 1.62977899e-02
  1.61264308e-02 1.59618057e-02 1.58055143e-02 1.56580461e-02
  1.55190865e-02 1.53878907e-02 1.52635818e-02 1.51453320e-02
  1.50324440e-02 1.49243730e-02]
 [3.09050768e-11 2.06383122e-10 1.35430887e-09 8.53585952e-09
  3.58864051e-08 1.02408431e-07 2.37303231e-07 4.72807084e-07
  5.62232255e-05 8.31323331e-07 1.45214073e-06 1.72951213e-06
  1.78100258e-02 1.72016709e-02 1.70640054e-02 1.69139170e-02
  1.67539932e-02 1.65872112e-02 1.64170518e-02 1.62472254e-02
  1.60811719e-02 1.59215282e-02 1.57698221e-02 1.56265180e-02
  1.54913147e-02 1.53635031e-02 1.52422499e-02 1.51267676e-02
  1.50163943e-02 1.49106121e-02]
 [3.21723932e-11 2.18184418e-10 1.47035256e-09 9.32940505e-09
  3.79442325e-08 1.05905697e-07 2.42515425e-07 4.81112115e-07
  8.33661079e-07 1.01464734e-06 1.37201403e-08 1.27637140e-02
  1.72278528e-02 1.71174636e-02 1.69848583e-02 1.68399803e-02
  1.66853894e-02 1.65240125e-02 1.63592553e-02 1.61947297e-02
  1.60337651e-02 1.58788948e-02 1.57315839e-02 1.55922741e-02
  1.54606781e-02 1.53361212e-02 1.52178103e-02 1.51049966e-02
  1.49970500e-02 1.48934783e-02]
 [3.34931990e-11 2.30823287e-10 1.59888709e-09 1.01593354e-08
  3.99416294e-08 1.09201963e-07 2.47339748e-07 4.93359270e-07
  4.92269521e-06 9.69548516e-07 4.18963273e-02 4.81706595e-02
  1.71454878e-02 1.70331428e-02 1.69049585e-02 1.67650998e-02
  1.66156449e-02 1.64594695e-02 1.62999065e-02 1.61404714e-02
  1.59843864e-02 1.58340945e-02 1.56909984e-02 1.55555205e-02
  1.54273918e-02 1.53059660e-02 1.51904896e-02 1.50802494e-02
  1.49746452e-02 1.48732090e-02]
 [3.48706160e-11 2.44382076e-10 1.74128875e-09 1.10172150e-08
  4.18691283e-08 1.12298119e-07 2.51789973e-07 5.02871641e-07
  1.90100792e-05 8.73298277e-07 4.83426111e-02 3.60578808e-02
  1.70561683e-02 1.69476508e-02 1.68244146e-02 1.66893930e-02
  1.65448860e-02 1.63937172e-02 1.62391483e-02 1.60846041e-02
  1.59332031e-02 1.57873028e-02 1.56482508e-02 1.55164550e-02
  1.53916562e-02 1.52732439e-02 1.51604990e-02 1.50527414e-02
  1.49493977e-02 1.48500264e-02]]

