GLT vs ATP_MAINTENANCE
X [285.292      295.12965517 304.96731034 314.80496552 324.64262069
 334.48027586 344.31793103 354.15558621 363.99324138 373.83089655
 383.66855172 393.5062069  403.34386207 413.18151724 423.01917241
 432.85682759 442.69448276 452.53213793 462.3697931  472.20744828
 482.04510345 491.88275862 501.72041379 511.55806897 521.39572414
 531.23337931 541.07103448 550.90868966 560.74634483 570.584     ]
Y [0.260332   0.26482048 0.26930897 0.27379745 0.27828593 0.28277441
 0.2872629  0.29175138 0.29623986 0.30072834 0.30521683 0.30970531
 0.31419379 0.31868228 0.32317076 0.32765924 0.33214772 0.33663621
 0.34112469 0.34561317 0.35010166 0.35459014 0.35907862 0.3635671
 0.36805559 0.37254407 0.37703255 0.38152103 0.38600952 0.390498  ]
[[9.42235171e-04 8.00581526e-08 4.85531821e-02 7.21672001e-11
  2.05933950e-08 2.29380021e-08 1.31635066e-09 4.49321503e-03
  6.47516334e-02 4.50543732e-02 2.28961977e-07 5.90707034e-02
  5.56704607e-02 3.05471317e-07 4.85067441e-02 9.43716624e-07
  5.91992272e-02 2.80571696e-04 3.40244255e-04 3.46692884e-02
  5.66235751e-02 5.61781256e-02 2.49808901e-02 1.40268195e-02
  1.84106286e-02 1.83168697e-02 1.82219843e-02 1.81270758e-02
  1.80297970e-02 1.79317079e-02]
 [9.03692763e-08 1.03600313e-07 1.11132094e-07 3.22382064e-08
  4.23458919e-02 1.81169155e-02 5.13645078e-02 6.60357681e-02
  5.41177646e-02 1.70668195e-03 2.15632495e-09 5.27792784e-02
  2.42090542e-02 1.37077382e-07 6.06311952e-02 3.11838596e-02
  5.64256677e-02 7.87198931e-07 5.63661792e-02 2.96961822e-02
  1.12105313e-02 5.50334070e-02 5.48986372e-03 2.29593044e-02
  1.84379430e-02 1.83482024e-02 1.82576806e-02 1.81653502e-02
  1.80721877e-02 1.79779086e-02]
 [1.14233492e-07 3.33026854e-08 1.29422963e-08 6.37322510e-11
  6.00647522e-02 6.45127133e-02 6.12052749e-02 4.62704969e-02
  2.70024806e-03 2.07724495e-07 4.03503782e-03 1.45834910e-03
  1.92615322e-06 2.25571323e-02 3.49358971e-02 7.61900177e-07
  3.24123259e-02 7.78797770e-03 3.66078613e-02 3.03992808e-02
  5.40780999e-03 3.13686793e-03 2.51667710e-03 1.46931865e-02
  1.84536070e-02 1.83668234e-02 1.82796147e-02 1.81923103e-02
  1.81025153e-02 1.80119537e-02]
 [3.79692995e-04 5.43829252e-08 1.28047431e-07 4.02185131e-02
  2.24604504e-07 1.27566039e-02 3.46688253e-03 3.17313781e-07
  2.07748563e-07 1.95533410e-07 6.25709199e-02 6.81013361e-08
  6.48559086e-09 6.05238522e-02 1.99070818e-04 1.47745847e-02
  2.57619905e-03 2.67286636e-03 2.63135387e-02 8.87696017e-05
  4.15850872e-07 1.31921358e-04 6.53218614e-04 1.96278179e-02
  1.84593947e-02 1.83768237e-02 1.82936797e-02 1.82075462e-02
  1.81220902e-02 1.80349344e-02]
 [4.02529188e-07 1.49272618e-03 5.11137037e-08 6.44558455e-02
  2.02123661e-08 1.73081204e-07 1.75884925e-07 4.79603067e-08
  6.22235481e-07 6.10015555e-02 4.01347131e-02 3.67998294e-02
  1.80233405e-02 2.60743533e-02 1.88710822e-08 5.75705022e-02
  7.87951977e-08 5.41321656e-02 3.76134586e-03 5.49767717e-02
  3.39780000e-02 5.48387693e-07 3.56934034e-07 1.79203289e-02
  1.84507528e-02 1.83758282e-02 1.82961870e-02 1.82147081e-02
  1.81316684e-02 1.80478425e-02]
 [3.00883343e-07 7.10027746e-07 5.18632572e-02 4.00716723e-02
  5.32081438e-02 9.22634396e-08 5.49157949e-04 4.82777939e-02
  6.38620782e-02 4.56337756e-02 6.18646914e-07 4.63819660e-02
  5.99672508e-02 7.95161724e-07 1.11486052e-02 4.70860337e-02
  4.40829007e-08 5.28509305e-02 1.70489446e-07 3.44621417e-03
  5.31137552e-02 3.52259762e-02 5.23852684e-02 1.90449496e-02
  1.84432973e-02 1.83679556e-02 1.82899376e-02 1.82115707e-02
  1.81322167e-02 1.80515760e-02]
 [2.57520225e-04 1.63052187e-06 7.75452901e-09 2.20301337e-07
  4.82908913e-08 6.28163704e-02 6.14611415e-02 5.44146532e-02
  2.87513031e-02 5.63472580e-07 7.47934512e-09 1.87723333e-07
  1.58767228e-02 7.88359065e-07 5.84290980e-02 7.50699165e-03
  1.16465561e-04 4.87533843e-02 5.33675597e-02 1.45427774e-06
  1.58766786e-02 2.18425965e-02 3.07944390e-02 1.84847943e-02
  1.84245303e-02 1.83511562e-02 1.82772233e-02 1.82010124e-02
  1.81249334e-02 1.80469522e-02]
 [1.83406965e-07 1.78064042e-04 2.08635820e-07 5.12783009e-08
  6.50157156e-02 1.33665459e-03 9.68616473e-04 4.69313628e-07
  4.42069774e-07 3.16529425e-09 5.21409118e-02 2.35191902e-04
  6.21914725e-07 5.63559479e-02 1.55578436e-02 9.30126642e-07
  3.43611170e-02 1.74137389e-02 3.01978336e-03 4.31097298e-02
  1.91847093e-02 2.12640101e-06 5.00759441e-02 1.84141554e-02
  1.83962805e-02 1.83300440e-02 1.82558331e-02 1.81834163e-02
  1.81093915e-02 1.80347153e-02]
 [1.70834780e-06 1.04129538e-04 6.73766729e-03 2.79362928e-10
  5.68919699e-02 2.41507541e-07 2.64999913e-07 3.43283621e-08
  6.74024678e-07 5.78489796e-02 5.02408573e-02 5.92786393e-07
  2.32323716e-03 2.89487989e-02 8.76403035e-06 7.00199121e-03
  5.53190250e-02 6.87649799e-04 5.18032525e-02 3.06269281e-02
  3.62649240e-02 4.62108660e-02 1.13434128e-06 1.84432724e-02
  1.83652013e-02 1.82967481e-02 1.82283337e-02 1.81583915e-02
  1.80874266e-02 1.80155468e-02]
 [1.20970782e-05 4.36371152e-07 1.97804980e-07 1.97765682e-09
  4.85690064e-03 5.58872266e-02 4.26403095e-02 6.12455752e-02
  6.08351758e-02 4.43880983e-02 1.15203887e-06 1.81364529e-06
  5.81887387e-02 1.06721937e-06 7.67513415e-07 4.03513671e-02
  3.60570134e-02 8.27275656e-07 2.99875304e-02 6.19030516e-05
  4.90779047e-02 7.68998057e-03 1.28202445e-06 1.84094900e-02
  1.83257336e-02 1.82613056e-02 1.81946828e-02 1.81274848e-02
  1.80592622e-02 1.79900538e-02]
 [5.09701574e-07 2.02233683e-07 2.50263815e-07 6.23843593e-08
  3.55171581e-07 4.17750923e-02 5.33012961e-02 4.33031734e-02
  7.36077516e-03 7.17275237e-07 4.15561392e-09 5.87161003e-02
  9.67173216e-03 1.11239983e-06 8.60462035e-04 5.54524068e-02
  4.97123907e-02 3.53787363e-06 1.38304796e-06 1.00010553e-06
  8.51236480e-07 9.35257918e-07 1.17867322e-02 1.83438080e-02
  1.82818239e-02 1.82204737e-02 1.81557752e-02 1.80911527e-02
  1.80254561e-02 1.79588108e-02]
 [7.50426828e-06 3.08440305e-07 2.93290859e-07 2.69791150e-03
  1.52001732e-07 1.49557567e-04 5.49484630e-07 5.72777643e-07
  5.45636203e-07 3.21140058e-08 5.33714647e-02 3.82615171e-02
  6.02268335e-07 4.44640226e-07 5.58048873e-02 2.10353600e-02
  6.24876781e-08 5.33295641e-02 2.74157889e-02 2.02834372e-06
  4.73352448e-02 1.89022697e-02 1.69818134e-02 1.82925091e-02
  1.82337400e-02 1.81732131e-02 1.81119750e-02 1.80497759e-02
  1.79865182e-02 1.79223288e-02]
 [1.18357620e-06 3.57605612e-07 1.34722615e-04 5.63212908e-02
  5.36972943e-02 1.37740258e-03 2.86491916e-07 5.31185276e-09
  2.07307464e-02 6.00342203e-02 4.72465517e-02 1.05195260e-06
  3.35714208e-02 5.22639448e-02 3.13722783e-02 1.49256928e-06
  7.01577121e-03 4.03902907e-02 1.90947469e-06 4.38411789e-03
  4.59338483e-02 7.56478887e-03 1.82980204e-02 1.82373560e-02
  1.81799473e-02 1.81227972e-02 1.80638876e-02 1.80038336e-02
  1.79429140e-02 1.78810791e-02]
 [4.13852884e-05 3.93819253e-07 6.69095586e-04 2.23524707e-07
  5.46857799e-02 5.27774111e-07 5.78805663e-02 6.13754983e-02
  5.47754218e-02 3.61416235e-02 1.01303355e-06 6.55518584e-08
  5.05107547e-02 4.47532136e-02 1.54147603e-06 1.46751002e-03
  5.36860362e-02 1.17940781e-04 4.69831895e-02 3.58969972e-06
  4.91093350e-02 2.80745082e-02 1.82325794e-02 1.81787444e-02
  1.81228581e-02 1.80685448e-02 1.80114856e-02 1.79537470e-02
  1.78950692e-02 1.78354933e-02]
 [1.28321840e-05 2.84205887e-07 3.42416332e-04 1.75747203e-05
  5.56258887e-07 4.38397634e-07 4.85973737e-02 3.78507612e-02
  9.55558117e-05 8.54385384e-07 6.22743299e-09 5.40409087e-02
  1.87909377e-06 2.41319078e-06 7.82584491e-06 5.38979490e-02
  2.61022169e-02 1.24666782e-06 4.30509085e-02 1.12137773e-03
  3.31840514e-02 4.23066470e-02 1.81685462e-02 1.81164736e-02
  1.80646711e-02 1.80101824e-02 1.79556936e-02 1.78999011e-02
  1.78436503e-02 1.77859638e-02]
 [5.74917982e-07 9.71037704e-05 9.00559601e-05 3.80779544e-07
  3.86548984e-02 2.48424275e-09 6.81160298e-07 7.13019347e-07
  6.80327102e-07 7.21883352e-08 5.36153597e-02 4.60647248e-02
  1.41542613e-07 9.50597904e-08 5.43543606e-02 5.60091038e-04
  1.92260203e-06 5.07690539e-02 1.24899015e-02 4.92795323e-02
  1.54886129e-02 1.01483342e-02 1.81020029e-02 1.80515218e-02
  1.80003809e-02 1.79489155e-02 1.78959950e-02 1.78426487e-02
  1.77881852e-02 1.77328535e-02]
 [4.12425139e-07 4.40129450e-07 5.90174051e-06 3.67956054e-07
  5.84218185e-07 6.15129843e-02 4.65965699e-07 3.51095435e-09
  2.55227288e-02 5.83592001e-02 4.67720800e-02 1.62701389e-06
  5.55909705e-02 4.85049335e-02 2.33359714e-02 1.85681967e-06
  1.62209478e-02 1.03763668e-02 4.26782995e-02 9.93751527e-07
  4.75024086e-02 2.04291578e-02 1.80303948e-02 1.79831139e-02
  1.79341371e-02 1.78845056e-02 1.78337156e-02 1.77823129e-02
  1.77298302e-02 1.76764942e-02]
 [4.61703073e-07 1.45887331e-05 6.05133149e-07 1.04692978e-03
  1.89429977e-07 5.18652326e-02 6.04020092e-02 5.93232837e-02
  5.37407905e-02 3.80388950e-02 1.23407170e-06 6.03134455e-07
  9.86741229e-03 4.57711788e-02 1.48922316e-06 2.72036802e-07
  2.37734286e-06 4.09809249e-06 4.78629149e-02 3.32354165e-06
  3.66907975e-02 1.78742972e-02 1.79581001e-02 1.79127183e-02
  1.78665503e-02 1.78177534e-02 1.77690718e-02 1.77191901e-02
  1.76686094e-02 1.76171893e-02]
 [5.44790485e-07 5.06893393e-05 3.73550523e-07 8.06676414e-05
  5.19627208e-02 3.22814231e-02 5.93365073e-02 4.65465733e-02
  6.87253382e-03 1.02121529e-06 7.50938205e-07 3.60991946e-02
  7.17853851e-03 9.63677538e-06 5.08803307e-02 3.43878226e-02
  3.04241815e-02 4.56909256e-02 2.01159023e-02 6.45119089e-03
  4.46480270e-02 1.79236821e-02 1.78838504e-02 1.78402987e-02
  1.77946237e-02 1.77476368e-02 1.77014415e-02 1.76535521e-02
  1.76047982e-02 1.75552186e-02]
 [6.63352307e-07 2.67633287e-05 1.21129082e-04 5.99789562e-07
  6.72029058e-07 7.22263935e-07 5.90732604e-02 9.20283774e-07
  8.89648418e-07 8.23076243e-08 3.83772697e-02 5.16860561e-02
  1.39222275e-06 8.84641634e-08 5.11761658e-02 5.00492489e-02
  2.95254851e-05 6.41282005e-05 8.92917628e-06 2.84793038e-02
  2.95868092e-06 1.78478464e-02 1.78067171e-02 1.77647541e-02
  1.77218061e-02 1.76773000e-02 1.76321011e-02 1.75857224e-02
  1.75386535e-02 1.74908387e-02]
 [8.52348640e-07 1.06294406e-05 3.08480483e-06 4.13211483e-07
  4.75227858e-02 6.36401887e-07 5.42886191e-02 7.77353002e-07
  1.21702043e-08 5.27573558e-02 5.12692820e-02 1.45720452e-02
  1.16746816e-07 4.06525264e-02 4.91357846e-02 1.56371054e-02
  8.74068445e-08 2.46531549e-06 3.63795101e-02 3.33923091e-02
  1.61341559e-02 1.77690474e-02 1.77289978e-02 1.76877138e-02
  1.76460641e-02 1.76034174e-02 1.75601735e-02 1.75157092e-02
  1.74703923e-02 1.74242853e-02]
 [1.15843966e-06 6.90606926e-06 7.28618742e-05 2.90493960e-04
  9.30366020e-05 1.24241876e-10 4.47106664e-02 3.14015158e-08
  5.68510067e-02 4.83858657e-02 1.35040297e-02 1.32435856e-06
  4.09174376e-02 4.83238684e-02 2.07545135e-02 2.08046118e-06
  2.43158392e-02 1.84688815e-06 3.16276239e-06 4.13590987e-02
  1.67801824e-02 1.76886891e-02 1.76490523e-02 1.76106956e-02
  1.75698481e-02 1.75293975e-02 1.74867354e-02 1.74439443e-02
  1.74002547e-02 1.73557771e-02]
 [1.62787133e-06 7.13908600e-06 4.99705992e-07 7.57425137e-05
  3.41351252e-04 5.40404684e-02 6.34752622e-03 5.65466512e-02
  4.64315954e-02 1.94829799e-03 1.21527713e-06 1.31858290e-07
  5.09750525e-02 4.77016607e-03 1.94008369e-06 5.71690254e-06
  4.91410559e-02 7.51802853e-07 3.90264710e-02 4.49452401e-02
  1.76838236e-02 1.76035641e-02 1.75683226e-02 1.75305423e-02
  1.74914506e-02 1.74522826e-02 1.74117950e-02 1.73705477e-02
  1.73284188e-02 1.72855091e-02]
 [1.55410485e-06 8.21859808e-06 9.60383528e-07 7.46807881e-07
  7.52768388e-07 1.74646530e-07 9.00743760e-07 4.30333422e-02
  4.36823090e-04 1.10576946e-06 3.72100376e-08 5.20916298e-02
  3.27158165e-02 1.67467409e-06 3.74728819e-07 4.96787251e-02
  2.52200607e-02 1.59839068e-02 4.74740789e-02 1.33851154e-04
  1.75553894e-02 1.75211528e-02 1.74863900e-02 1.74495719e-02
  1.74126113e-02 1.73745568e-02 1.73353467e-02 1.72957902e-02
  1.72550696e-02 1.72136730e-02]
 [1.35931679e-06 8.43946324e-06 2.20167603e-06 1.01171727e-04
  2.10436286e-07 4.43842600e-02 8.45179623e-07 1.03911665e-06
  1.03987703e-06 2.89922598e-09 5.15706166e-02 4.58787340e-02
  1.66815008e-06 4.32134915e-05 4.46382715e-02 3.94930562e-02
  2.52023445e-06 4.81475263e-02 2.88780828e-02 3.92766865e-07
  1.74700662e-02 1.74363917e-02 1.74029093e-02 1.73685022e-02
  1.73323613e-02 1.72954152e-02 1.72579535e-02 1.72195588e-02
  1.71803729e-02 1.71402884e-02]
 [1.18268465e-06 7.28730854e-06 2.78888199e-06 6.17947589e-06
  6.77253909e-04 5.12868510e-02 7.29826759e-07 8.82381858e-07
  8.10641068e-07 5.06389069e-02 4.71928007e-02 5.26632028e-03
  1.41593558e-06 5.10898862e-02 4.62922917e-02 5.11848357e-05
  1.01245158e-06 3.34412397e-02 1.12188273e-02 2.18837407e-02
  1.73834897e-02 1.73526202e-02 1.73188564e-02 1.72851898e-02
  1.72506618e-02 1.72155193e-02 1.71792972e-02 1.71422813e-02
  1.71044859e-02 1.70659451e-02]
 [1.02385845e-06 5.23275694e-06 2.05978527e-06 5.62232255e-05
  6.88294898e-06 8.98955249e-07 1.29979350e-09 8.31323331e-07
  3.04814072e-02 4.85268010e-02 1.95984281e-02 1.45214073e-06
  2.47108452e-03 3.82947901e-02 1.63562159e-02 1.72951213e-06
  4.35219013e-02 2.83510924e-06 3.10818517e-06 1.78100258e-02
  1.72955796e-02 1.72655607e-02 1.72336506e-02 1.72016709e-02
  1.71686101e-02 1.71340923e-02 1.70996930e-02 1.70640054e-02
  1.70275473e-02 1.69903550e-02]
 [8.83251399e-07 2.57288276e-06 1.29063140e-06 8.33661079e-07
  6.90032447e-07 4.86378809e-02 5.12883187e-02 1.01464734e-06
  5.16082439e-02 3.36916063e-02 1.37684808e-06 1.37201403e-08
  5.11398576e-02 2.34727689e-06 2.04705991e-06 1.27637140e-02
  4.36593000e-02 1.66345241e-02 2.99770153e-06 1.72278528e-02
  1.72071967e-02 1.71789974e-02 1.71481182e-02 1.71174636e-02
  1.70856164e-02 1.70532082e-02 1.70189177e-02 1.69848583e-02
  1.69496895e-02 1.69137954e-02]
 [7.63120707e-07 2.06009443e-06 9.47680592e-07 4.92269521e-06
  3.35596391e-04 8.17805568e-07 5.03859915e-02 9.69548516e-07
  4.12483577e-02 1.32443394e-06 1.18031733e-06 4.18963273e-02
  4.19620720e-02 1.72530301e-06 3.35155845e-07 4.81706595e-02
  1.04415199e-02 4.59934587e-02 3.01334397e-06 1.71454878e-02
  1.71193547e-02 1.70913979e-02 1.70628892e-02 1.70331428e-02
  1.70021369e-02 1.69701275e-02 1.69381347e-02 1.69049585e-02
  1.68712786e-02 1.68363882e-02]
 [6.70017184e-07 1.80984493e-06 9.45356001e-07 1.90100792e-05
  1.08225693e-06 1.19162873e-04 4.20750354e-02 8.73298277e-07
  1.76568717e-04 1.18204912e-06 5.89385298e-04 4.83426111e-02
  5.84029353e-03 1.12548853e-03 4.05389283e-02 3.60578808e-02
  2.56049030e-06 2.15969697e-02 2.34668145e-02 1.70561683e-02
  1.70308812e-02 1.70034671e-02 1.69764802e-02 1.69476508e-02
  1.69180238e-02 1.68878495e-02 1.68561977e-02 1.68244146e-02
  1.67916844e-02 1.67582465e-02]]

