GLT vs GDH
X [  5.70584  68.47008 131.23432 193.99856 256.7628  319.52704 382.29128
 445.05552 507.81976 570.584  ]
Y [ 0.866573 10.398876 19.931179 29.463482 38.995785 48.528088 58.060391
 67.592694 77.124997 86.6573  ]
[[7.18441174e-04 1.02652667e-09 7.67145840e-11 4.29034876e-11
  7.08094859e-09 2.94346021e-08 1.56265529e-08 3.48528306e-09
  9.95485987e-10 1.08297340e-08]
 [6.70303710e-04 4.58089988e-09 4.77026896e-08 2.97227764e-07
  1.18881998e-09 2.20563046e-09 2.00557327e-10 1.15238492e-10
  1.14813292e-08 3.08032335e-09]
 [6.06203976e-04 9.54757846e-08 3.14277530e-09 1.59163674e-11
  2.96758940e-08 9.59454856e-08 6.28312762e-07 8.59055721e-09
  1.52283914e-10 1.38124745e-08]
 [5.30120131e-04 1.93591365e-10 1.76532219e-07 5.45497675e-12
  4.34883104e-07 1.16539843e-07 8.93863690e-08 5.79074616e-07
  1.37149495e-08 7.35047749e-07]
 [4.41437939e-04 6.84589918e-09 1.90941356e-08 4.72920874e-09
  2.84229285e-08 1.96016109e-07 2.39889920e-09 1.00680345e-06
  9.85605042e-08 2.60020965e-07]
 [8.05567321e-04 4.84219331e-11 4.96295341e-06 3.23603994e-07
  5.60713378e-08 6.17491091e-07 1.38744904e-08 5.87762120e-07
  1.85008088e-07 2.63843267e-06]
 [5.88774229e-03 6.25199781e-09 2.85712298e-09 4.91767631e-10
  4.53829401e-08 5.72503671e-08 3.77203062e-07 1.04609219e-07
  2.62260155e-07 2.65326501e-08]
 [2.70051296e-02 8.08164837e-09 1.52745178e-11 4.70497287e-11
  1.79942325e-06 7.61118711e-11 5.91266810e-11 2.72776530e-07
  1.81033377e-06 2.06346811e-08]
 [1.26553326e-02 1.80396992e-07 2.25317942e-09 1.51841149e-07
  3.06295806e-07 1.12335139e-10 3.12696188e-07 1.13512994e-07
  1.23631771e-10 4.76472549e-09]
 [4.61976317e-03 3.30349293e-10 3.13318084e-07 4.79850679e-08
  2.45819721e-07 4.63126870e-10 2.18276886e-06 3.20877042e-10
  6.57861109e-07 7.74659754e-08]]

