LPD vs ATP_syn
X [0.00684413 0.08212956 0.15741499 0.23270042 0.30798585 0.38327128
 0.45855671 0.53384214 0.60912757 0.684413  ]
Y [  10.8733  130.4796  250.0859  369.6922  489.2985  608.9048  728.5111
  848.1174  967.7237 1087.33  ]
[[7.72213418e-03 2.19241580e-09 1.04908218e-11 2.54741117e-10
  3.26879679e-09 5.29126004e-10 2.00408032e-08 5.97469383e-12
  2.79835402e-08 1.17971712e-08]
 [2.01635868e-02 2.22475371e-11 4.89435603e-10 1.26517839e-10
  7.81685827e-12 2.33228357e-08 2.76453838e-09 8.78685924e-11
  3.59535735e-11 4.40238512e-10]
 [2.18403672e-02 4.96919306e-09 1.35648688e-08 3.45069973e-10
  9.43672798e-12 1.32396404e-10 1.83101596e-10 3.01743699e-08
  3.92188815e-09 2.59708584e-08]
 [2.24386504e-02 2.03598249e-10 6.44430718e-11 3.33401495e-08
  7.28755944e-10 3.58984507e-08 5.80197477e-08 2.96685299e-09
  2.37737625e-11 3.24007149e-11]
 [2.27444540e-02 2.29698482e-11 2.27698908e-07 1.79253168e-09
  3.41535935e-08 9.12196694e-07 4.00176330e-08 3.05372825e-08
  1.00994686e-07 1.79039907e-08]
 [2.29299217e-02 1.76160087e-09 8.93081165e-11 6.16210660e-08
  3.26127662e-11 2.40032651e-07 6.38197915e-12 9.27217686e-09
  6.95774193e-11 8.37827958e-08]
 [2.30543339e-02 2.80037636e-07 3.66006869e-08 1.29213605e-09
  3.44710926e-11 2.71983231e-08 7.50993245e-09 1.25366384e-10
  6.51994257e-12 1.74957100e-08]
 [2.31434188e-02 8.18066243e-09 6.05176353e-09 3.01130822e-07
  1.78415061e-11 8.05078521e-11 9.54909527e-08 8.63002291e-12
  5.12093769e-10 7.07908570e-08]
 [2.32105620e-02 1.30016975e-09 1.41469917e-07 5.78702863e-10
  1.93401761e-09 5.41180714e-12 9.84821908e-08 1.56973054e-07
  2.06262196e-10 2.93910295e-12]
 [2.32632858e-02 5.63218050e-09 5.12300195e-11 1.26855118e-08
  2.59641575e-09 1.60802176e-08 5.83934880e-11 1.59493507e-09
  1.58005322e-07 5.04737261e-10]]

