ATP_MAINTENANCE vs ZWF
X [ 0.130166  1.561992  2.993818  4.425644  5.85747   7.289296  8.721122
 10.152948 11.584774 13.0166  ]
Y [0.02658 0.31896 0.61134 0.90372 1.1961  1.48848 1.78086 2.07324 2.36562
 2.658  ]
[[1.57296149e-01 8.39649457e-02 4.91789257e-02 2.89979141e-02
  1.69521131e-02 9.87491395e-03 6.17947242e-03 6.70614947e-03
  6.90138243e-03 6.79047665e-03]
 [1.69407304e-07 4.35421119e-10 1.07104515e-07 4.73487916e-11
  5.52230484e-10 1.42095395e-08 2.92307105e-08 1.24645815e-11
  3.69350650e-08 1.95465133e-09]
 [2.62823230e-07 1.48699676e-08 1.61039172e-07 4.85683227e-09
  2.00743171e-12 3.14128828e-11 4.15468022e-08 5.94257445e-12
  4.00146818e-08 2.89435288e-07]
 [4.12647277e-11 1.43905102e-07 2.54538559e-08 2.04430439e-07
  1.05601534e-11 7.30342009e-09 6.43466991e-12 1.23842346e-10
  3.24672621e-10 9.48097467e-09]
 [4.29087116e-11 2.06181095e-09 2.42855314e-08 7.72050257e-11
  2.00299527e-09 4.72133720e-11 4.59484866e-08 2.31747468e-09
  5.16733769e-10 9.45783697e-12]
 [1.47429917e-09 5.97455492e-10 2.46797051e-11 1.30908359e-07
  1.14105556e-08 8.97126817e-12 4.24760172e-07 1.40867329e-08
  6.11329805e-11 6.56006143e-08]
 [4.11003838e-10 2.99377281e-07 3.98238636e-09 1.89230408e-07
  2.91145053e-07 1.51139650e-08 1.10342242e-07 1.23314697e-09
  2.47285810e-08 2.71910960e-08]
 [2.51023875e-08 5.69317426e-09 1.13495884e-08 8.06886377e-11
  3.54533297e-07 3.52052298e-09 2.74330443e-08 5.95510907e-08
  3.91776366e-09 7.04643996e-08]
 [1.75801369e-09 9.39601310e-11 5.88944029e-08 9.15125975e-10
  8.78612116e-09 1.63024600e-08 1.55481910e-07 1.36846139e-10
  2.17662333e-10 1.61372708e-07]
 [7.27735650e-11 7.81670023e-11 1.35985343e-07 2.38548795e-07
  6.00073923e-11 2.66517333e-10 4.59191845e-11 2.19366103e-09
  1.47254112e-07 2.51954737e-08]]

