GDH vs ACEA
X [ 0.866573 10.398876 19.931179 29.463482 38.995785 48.528088 58.060391
 67.592694 77.124997 86.6573  ]
Y [ 0.152595  1.83114   3.509685  5.18823   6.866775  8.54532  10.223865
 11.90241  13.580955 15.2595  ]
[[6.90240963e-04 6.79017471e-04 6.74208052e-04 6.72851544e-04
  6.69760237e-04 6.68537594e-04 6.67647628e-04 6.67395723e-04
  6.66405978e-04 6.65964305e-04]
 [2.50433483e-09 2.92390512e-09 5.24291783e-08 2.25668388e-08
  2.79201617e-09 1.95272953e-09 5.74963295e-12 3.99705646e-09
  3.73431372e-10 7.70123965e-11]
 [4.28001341e-11 7.89845656e-09 1.16733663e-07 5.69187733e-08
  6.68004456e-10 1.29437684e-07 2.09537343e-09 1.97568857e-08
  1.59755599e-09 2.98404597e-08]
 [1.04097705e-07 1.69634497e-07 1.14450868e-10 4.92597964e-10
  5.39333285e-08 7.20323287e-11 2.23008969e-10 1.11902115e-09
  4.41916059e-09 7.60441119e-11]
 [4.26835868e-11 2.57092550e-09 1.24517451e-07 2.63174949e-10
  2.19309015e-11 1.07317832e-08 8.01310991e-08 3.03450449e-10
  2.49787993e-09 6.07696116e-11]
 [1.08790998e-08 1.65884735e-10 4.39064636e-09 1.04400181e-10
  3.54832359e-07 4.24889901e-08 1.82165394e-12 1.99352783e-11
  7.88177470e-08 9.98071504e-10]
 [5.67681679e-10 6.10423334e-09 1.70732983e-07 3.04121239e-09
  6.20253189e-08 5.88423594e-08 1.09860211e-07 1.22939168e-08
  5.74053027e-10 2.52742919e-07]
 [2.29790626e-09 1.22239557e-08 3.74418052e-10 2.42427396e-08
  2.38108363e-10 2.40622606e-08 6.60831396e-08 1.97893923e-10
  5.07981142e-08 2.80822341e-08]
 [3.65641056e-10 2.65108691e-07 1.10101785e-08 2.46146216e-06
  3.59050736e-12 7.48750602e-12 5.78226356e-12 4.54662425e-11
  3.11536790e-11 1.13044532e-08]
 [2.85446098e-07 1.79393981e-10 3.61666144e-08 2.03026203e-09
  2.31199127e-09 2.06891922e-09 6.38305391e-08 1.23803050e-09
  5.93442850e-10 2.25169042e-07]]

