ATP_MAINTENANCE vs ATP_syn
X [ 0.130166  1.561992  2.993818  4.425644  5.85747   7.289296  8.721122
 10.152948 11.584774 13.0166  ]
Y [  10.8733  130.4796  250.0859  369.6922  489.2985  608.9048  728.5111
  848.1174  967.7237 1087.33  ]
[[8.48843376e-02 9.24409865e-02 8.99676740e-02 8.85279806e-02
  8.76338687e-02 8.70277337e-02 8.65894792e-02 8.62572951e-02
  8.59965425e-02 8.57861305e-02]
 [1.61898397e-02 1.09350855e-10 5.05177788e-08 3.23376348e-09
  6.11064325e-11 9.36161793e-09 1.19282597e-08 2.53088772e-09
  7.91033150e-09 2.09822274e-07]
 [7.18993635e-03 6.24895025e-10 8.85504647e-09 5.65765383e-08
  2.41349028e-08 3.28587124e-08 2.47375688e-10 1.44865453e-10
  4.11552224e-11 2.70757508e-10]
 [3.70156397e-03 2.73066434e-10 2.75090215e-09 3.57281234e-10
  1.39525717e-12 1.93662725e-10 3.76663125e-07 4.10860321e-12
  4.28479500e-09 5.12235075e-11]
 [2.53497576e-03 8.02563664e-11 1.71125659e-08 5.72250329e-10
  1.35210114e-08 9.06759767e-10 8.97371240e-12 7.89839565e-09
  3.92888457e-10 9.35992260e-10]
 [1.98203527e-03 3.20640103e-08 6.19807166e-11 1.21030032e-09
  1.16241138e-09 2.71277096e-11 2.11120162e-12 5.62151020e-13
  6.01575067e-10 1.60037863e-09]
 [1.67164728e-03 7.20176712e-12 1.30974127e-09 1.10797951e-10
  2.63143158e-09 3.36422056e-10 2.54433828e-11 3.71279960e-11
  4.30100378e-10 3.33779640e-12]
 [1.48629166e-03 3.96267463e-11 7.08768316e-09 9.56296796e-13
  6.79903731e-09 1.06637127e-11 1.28118183e-10 1.95548603e-11
  1.31619897e-10 1.55715337e-10]
 [1.36780424e-03 1.69222225e-08 2.20330091e-12 2.15530302e-11
  1.74057037e-08 7.76794430e-10 3.22688036e-10 1.51496244e-09
  3.19815148e-09 8.28784599e-12]
 [1.24263505e-03 7.37419454e-11 1.28995095e-09 1.34590693e-10
  2.57503394e-12 7.01232774e-11 1.10730213e-10 6.30049398e-13
  1.35882749e-09 2.85448058e-09]]

