ACEA
[0.762975   1.12438421 1.48579342 1.84720263 2.20861184 2.57002105
 2.93143026 3.29283947 3.65424868 4.01565789 4.37706711 4.73847632
 5.09988553 5.46129474 5.82270395 6.18411316 6.54552237 6.90693158
 7.26834079 7.62975   ]
[0.0015174326726167867, 0.0012947260231864447, 0.0011370681056001653, 0.001018128024538604, 0.0009244601248205594, 0.0008483668905908142, 0.0007850754360968536, 0.0007314465649749892, 0.0006853184423441029, 0.0006451476488769331, 0.0006097986093296546, 0.0005784150110154814, 0.0005503373888376111, 0.0005250486642232668, 0.0005021370239752328, 0.00048126993840169575, 0.00046217568787267906, 0.00044462978798374785, 0.000428445020541311, 0.000413463856737237]
ACEB
[0.1763845  0.25993505 0.34348561 0.42703616 0.51058671 0.59413726
 0.67768782 0.76123837 0.84478892 0.92833947 1.01189003 1.09544058
 1.17899113 1.26254168 1.34609224 1.42964279 1.51319334 1.59674389
 1.68029445 1.763845  ]
[0.0011739984867917745, 0.0011411552652846686, 0.0011237061415483548, 0.0011128801154671392, 0.001105507106483716, 0.0011001620547785751, 0.0010961092563977553, 0.0010929306261768209, 0.0010903707984949945, 0.0010882651532243407, 0.001086502602262767, 0.001085005573663044, 0.001083718401673134, 0.0010826000890820633, 0.0010816184973839336, 0.0010807508829806579, 0.0010799782436427868, 0.0010792857582633078, 0.001078661607347915, 0.001078096093392482]
ACK
[ 3.615       5.32736842  7.03973684  8.75210526 10.46447368 12.17684211
 13.88921053 15.60157895 17.31394737 19.02631579 20.73868421 22.45105263
 24.16342105 25.87578947 27.58815789 29.30052632 31.01289474 32.72526316
 34.43763158 36.15      ]
[0.001122474781807633, 0.0011223702001326899, 0.0011222700537262553, 0.0011221740482124205, 0.0011220819775550619, 0.0011219934857947316, 0.0011219085330578373, 0.0011218267979269609, 0.0011217481783754027, 0.0011216724500949329, 0.001121599441457902, 0.0011215291073980635, 0.0011214612886497066, 0.001121395611919267, 0.0011213322993206282, 0.0011212710792509767, 0.0011212118827713027, 0.0011211545037158393, 0.0011210991203794533, 0.0011210453938836598]
ACN_1
[ 4.862065    7.16514842  9.46823184 11.77131526 14.07439868 16.37748211
 18.68056553 20.98364895 23.28673237 25.58981579 27.89289921 30.19598263
 32.49906605 34.80214947 37.10523289 39.40831632 41.71139974 44.01448316
 46.31756658 48.62065   ]
[0.0011221503413878446, 0.001122220407066408, 0.0011222562596683978, 0.0011222780320421946, 0.0011222926623056615, 0.0011223033527950957, 0.001122311079058095, 0.0011223172705396032, 0.001122322176862463, 0.001122326257599127, 0.001122329644097974, 0.0011223325132719963, 0.0011223349769146757, 0.0011223371073899124, 0.0011223389800403209, 0.0011223406324765099, 0.0011223421171099386, 0.0011223434170795652, 0.0011223446021014943, 0.0011223456396747974]
ACN_2
[ 4.932855    7.26947053  9.60608605 11.94270158 14.27931711 16.61593263
 18.95254816 21.28916368 23.62577921 25.96239474 28.29901026 30.63562579
 32.97224132 35.30885684 37.64547237 39.98208789 42.31870342 44.65531895
 46.99193447 49.32855   ]
[0.001122169327641256, 0.0011222272434480132, 0.0011222567731451938, 0.0011222746805881834, 0.0011222866702784468, 0.001122295327354783, 0.0011223017950875715, 0.0011223068753465446, 0.0011223109044039797, 0.0011223142380506648, 0.0011223167874493815, 0.0011223193435210966, 0.0011223213951597722, 0.0011223231475301447, 0.0011223246436194848, 0.0011223260300020715, 0.001122327270506469, 0.0011223282901120508, 0.0011223292796332049, 0.0011223301500009478]
ACS
[ 3.65        5.37894737  7.10789474  8.83684211 10.56578947 12.29473684
 14.02368421 15.75263158 17.48157895 19.21052632 20.93947368 22.66842105
 24.39736842 26.12631579 27.85526316 29.58421053 31.31315789 33.04210526
 34.77105263 36.5       ]
[0.0011222570161140738, 0.001122258412079364, 0.0011222592067665102, 0.0011222595607484685, 0.0011222589109548748, 0.00112226006249233, 0.0011222602319564058, 0.0011222603882788437, 0.0011222604586967463, 0.0011222605253904147, 0.001122260546609225, 0.0011222606473823018, 0.0011222606930495072, 0.0011222607653746724, 0.0011222608368517662, 0.0011222608104426745, 0.001122260847433239, 0.0011222608438879401, 0.0011222608887892806, 0.001122260884862475]
ATP_MAINTENANCE
[0.65083    0.95911789 1.26740579 1.57569368 1.88398158 2.19226947
 2.50055737 2.80884526 3.11713316 3.42542105 3.73370895 4.04199684
 4.35028474 4.65857263 4.96686053 5.27514842 5.58343632 5.89172421
 6.20001211 6.5083    ]
[0.0021143390690909138, 0.0014076642116821014, 0.0011423841392337352, 0.0009973436797781773, 0.0009054553457627471, 0.0008421096536530191, 0.0007958140220291406, 0.0007604929043774176, 0.0007326448584545121, 0.0007101141917657212, 0.0006915023823440835, 0.000675862822208852, 0.0006625317812898744, 0.0006510301408458466, 0.0006410032271087397, 0.0006321828375164739, 0.0006243622549512999, 0.0006173797619531342, 0.0006111066972831198, 0.0006054396538758963]
ATP_syn
[ 54.3665      80.11905263 105.87160526 131.62415789 157.37671053
 183.12926316 208.88181579 234.63436842 260.38692105 286.13947368
 311.89202632 337.64457895 363.39713158 389.14968421 414.90223684
 440.65478947 466.40734211 492.15989474 517.91244737 543.665     ]
[0.0016157534768631015, 0.0013023997622085637, 0.0011359185351158642, 0.0010336839504552727, 0.0009627913327592596, 0.0009094209763149263, 0.0008670072485976832, 0.0008320340171279902, 0.0008024250037518617, 0.0007768575150595267, 0.0007544383091542421, 0.0007345361566817177, 0.0007166886786978405, 0.0007005472952711518, 0.0006858427921476945, 0.0006723633355560296, 0.0006599391348180624, 0.0006484322991903798, 0.0006377293496313866, 0.0006277358888982282]
CITRA_SYN
[ 2.          2.94736842  3.89473684  4.84210526  5.78947368  6.73684211
  7.68421053  8.63157895  9.57894737 10.52631579 11.47368421 12.42105263
 13.36842105 14.31578947 15.26315789 16.21052632 17.15789474 18.10526316
 19.05263158 20.        ]
[0.005008558025772136, 0.002209456178889397, 0.0011906506032477537, 0.000736170156392118, 0.0004985397760359322, 0.0003595868299348101, 0.00027152512187857527, 0.00021226367787000638, 0.0001704952222895912, 0.0001399566791385785, 0.00011695472058573483, 9.919800755613296e-05, 8.520414542083249e-05, 7.397978730587622e-05, 6.483906241937538e-05, 5.729606342863658e-05, 5.099874297515234e-05, 4.568697654033312e-05, 4.1165185997889375e-05, 3.728403376955713e-05]
CYTBO
[ 4.270225    6.29296316  8.31570132 10.33843947 12.36117763 14.38391579
 16.40665395 18.42939211 20.45213026 22.47486842 24.49760658 26.52034474
 28.54308289 30.56582105 32.58855921 34.61129737 36.63403553 38.65677368
 40.67951184 42.70225   ]
[0.0011303864909639628, 0.0011330426264045898, 0.0011233068017459523, 0.0011146179485024617, 0.001107592413773368, 0.0011019518628488743, 0.0010973768231305274, 0.001093613949282703, 0.001090474979101735, 0.0010878221069274008, 0.0010855534997522012, 0.001083593167974374, 0.0010818832655878755, 0.0010803793380869532, 0.0010790467608127572, 0.0010778581538831264, 0.0010767915468224679, 0.001075829155277561, 0.0010749567274086305, 0.001074162072955528]
EDA
[0.03876205 0.05712302 0.07548399 0.09384496 0.11220593 0.13056691
 0.14892788 0.16728885 0.18564982 0.20401079 0.22237176 0.24073273
 0.2590937  0.27745467 0.29581564 0.31417662 0.33253759 0.35089856
 0.36925953 0.3876205 ]
[0.001122338456099573, 0.001122286176472356, 0.0011222611686090096, 0.0011222467175166205, 0.0011222373630803166, 0.0011222308188916124, 0.0011222259950634276, 0.0011222223454903462, 0.0011222193270553845, 0.0011222169951037237, 0.0011222150351670075, 0.0011222135413525684, 0.0011222119868576933, 0.0011222112263530664, 0.001122209730509059, 0.001122208808517756, 0.001122207933831669, 0.0011222072818922492, 0.0011222066158031025, 0.0011222060256804148]
EDD
[0.0556795 0.082054  0.1084285 0.134803  0.1611775 0.187552  0.2139265
 0.240301  0.2666755 0.29305   0.3194245 0.345799  0.3721735 0.398548
 0.4249225 0.451297  0.4776715 0.504046  0.5304205 0.556795 ]
[0.001122781376208489, 0.0011225344547908783, 0.0011222872974382331, 0.0011220455567715125, 0.001121815641806242, 0.0011215980266830175, 0.0011213929387158717, 0.0011211999493056604, 0.0011210184856974682, 0.001120847640128704, 0.0011206867244834956, 0.0011205349399801042, 0.0011203915585145613, 0.0011202557854118355, 0.0011201274151970302, 0.0011200054431422103, 0.0011198895935421616, 0.0011197792716012265, 0.0011196741612651334, 0.0011195738526821003]
ENO
[ 5.85945     8.63497895 11.41050789 14.18603684 16.96156579 19.73709474
 22.51262368 25.28815263 28.06368158 30.83921053 33.61473947 36.39026842
 39.16579737 41.94132632 44.71685526 47.49238421 50.26791316 53.04344211
 55.81897105 58.5945    ]
[0.0011569516224575614, 0.0011347673078225034, 0.0011232112759670396, 0.0011161088288784181, 0.001111298019894571, 0.0011078226710038333, 0.0011051940577687172, 0.0011031360912376255, 0.0011014810621550592, 0.0011001211279173088, 0.001098983785566486, 0.0010980185046876973, 0.0010971890239127487, 0.001096468601843138, 0.0010958366654452633, 0.0010952783547709555, 0.0010947812648878868, 0.0010943358897967273, 0.0010939345560847839, 0.0010935710272084087]
FBA
[ 10.8489      15.98785263  21.12680526  26.26575789  31.40471053
  36.54366316  41.68261579  46.82156842  51.96052105  57.09947368
  62.23842632  67.37737895  72.51633158  77.65528421  82.79423684
  87.93318947  93.07214211  98.21109474 103.35004737 108.489     ]
[0.0011183867162579053, 0.0011208829257842031, 0.00112215530077393, 0.0011229266775180321, 0.001123444232239747, 0.0011238155895507878, 0.0011240950123322763, 0.0011243128863393142, 0.0011244875325785585, 0.001124630698317744, 0.0011247500581176462, 0.0011248512434058786, 0.0011249379739047874, 0.0011250133126692202, 0.0011250791890444168, 0.0011251373819490828, 0.0011251891411960192, 0.001125235472668671, 0.0011252771963010657, 0.0011253149426144107]
FBP
[0.1077915  0.15885063 0.20990976 0.26096889 0.31202803 0.36308716
 0.41414629 0.46520542 0.51626455 0.56732368 0.61838282 0.66944195
 0.72050108 0.77156021 0.82261934 0.87367847 0.92473761 0.97579674
 1.02685587 1.077915  ]
[0.001122280646908598, 0.0011222706923456273, 0.0011222603184664777, 0.0011222501374604282, 0.0011222399188900918, 0.0011222297501195127, 0.0011222195616587098, 0.00112220936857623, 0.00112219953277758, 0.0011221890341979875, 0.0011221787885494904, 0.0011221685903530039, 0.001122158395891962, 0.0011221482303689025, 0.0011221380048121953, 0.0011221278065663717, 0.0011221176559730703, 0.0011221074099009092, 0.0011220971801250892, 0.0011220869716155961]
FUMA
[ 26.6707      39.30418947  51.93767895  64.57116842  77.20465789
  89.83814737 102.47163684 115.10512632 127.73861579 140.37210526
 153.00559474 165.63908421 178.27257368 190.90606316 203.53955263
 216.17304211 228.80653158 241.44002105 254.07351053 266.707     ]
[0.0011222487080521637, 0.0011222554421147558, 0.0011222588954696254, 0.001122261030695365, 0.0011222624221064255, 0.0011222634339075072, 0.0011222642023649152, 0.0011222648066095751, 0.001122265267523601, 0.0011222656760478632, 0.0011222659908406312, 0.001122266276174597, 0.0011222672770564498, 0.0011222667242927523, 0.001122266869156282, 0.001122267066630598, 0.00112226721091179, 0.0011222673421062564, 0.0011222674420781845, 0.0011222675550141617]
GDH
[ 4.332865    6.38527474  8.43768447 10.49009421 12.54250395 14.59491368
 16.64732342 18.69973316 20.75214289 22.80455263 24.85696237 26.90937211
 28.96178184 31.01419158 33.06660132 35.11901105 37.17142079 39.22383053
 41.27624026 43.32865   ]
[0.0014851106859979206, 0.0013618326293005632, 0.0011448701653456214, 0.0009591078633540169, 0.0008114221662950642, 0.0006944370670457497, 0.0006007436547771637, 0.0005246607530607508, 0.0004620414840621496, 0.0004098674413218195, 0.0003659178407896313, 0.0003285347423341763, 0.0002964612297136479, 0.0002687303682034923, 0.00024458806995492077, 0.00022343887349287066, 0.0002048071378456826, 0.00018830898972583917, 0.0001736316509603431, 0.00016051806200613735]
GLT
[ 28.5292      42.04303158  55.55686316  69.07069474  82.58452632
  96.09835789 109.61218947 123.12602105 136.63985263 150.15368421
 163.66751579 177.18134737 190.69517895 204.20901053 217.72284211
 231.23667368 244.75050526 258.26433684 271.77816842 285.292     ]
[0.00043726246308098377, 0.0007287264017407936, 0.0010795412406021442, 0.0014908284840592612, 0.0019607929910076226, 0.0024843966073619357, 0.0030535464386299365, 0.0036577877165026155, 0.004285322243907436, 0.00492409524897575, 0.00556272833332978, 0.006191175379900507, 0.006801081470434028, 0.007385892315795591, 0.007940782214241639, 0.008462477857094714, 0.008949029153292294, 0.009399571482511174, 0.009814090099011406, 0.01019323116398079]
GND
[ 2.040525    3.00708947  3.97365395  4.94021842  5.90678289  6.87334737
  7.83991184  8.80647632  9.77304079 10.73960526 11.70616974 12.67273421
 13.63929868 14.60586316 15.57242763 16.53899211 17.50555658 18.47212105
 19.43868553 20.40525   ]
[0.0011175294021185756, 0.0011204034210890626, 0.0011221105468656367, 0.0011232531611194843, 0.001124075751529462, 0.0011246981336910946, 0.0011251863577802271, 0.0011255800510362349, 0.00112590454037128, 0.001126176672551684, 0.0011264083211021034, 0.0011266080224793004, 0.0011267818860182216, 0.0011269347115667788, 0.0011270700860748157, 0.0011271910097911495, 0.0011272999514366996, 0.0011273973066406612, 0.0011274861604801455, 0.0011275671732430166]
GPM
[ 5.4967  8.1004 10.7041 13.3078 15.9115 18.5152 21.1189 23.7226 26.3263
 28.93   31.5337 34.1374 36.7411 39.3448 41.9485 44.5522 47.1559 49.7596
 52.3633 54.967 ]
[0.0011343267404365176, 0.0011265079070250652, 0.0011225783945695875, 0.0011202137582734487, 0.001118634277625355, 0.0011175037361824645, 0.0011166563932613887, 0.0011159962073119382, 0.0011154677548935528, 0.0011150351545898846, 0.0011146744652069283, 0.001114369186846631, 0.0011141074385270563, 0.0011138805324174786, 0.0011136819346822765, 0.0011135067064116197, 0.0011133508698127012, 0.0011132114992350255, 0.0011130859425287703, 0.0011129722051288922]
GROWTH
[ 4.870685    7.17785158  9.48501816 11.79218474 14.09935132 16.40651789
 18.71368447 21.02085105 23.32801763 25.63518421 27.94235079 30.24951737
 32.55668395 34.86385053 37.17101711 39.47818368 41.78535026 44.09251684
 46.39968342 48.70685   ]
[0.0005815689057162281, 0.0008424301746149352, 0.0010947305054104348, 0.0013390054884648925, 0.001575741293640801, 0.001805380614826599, 0.0020283276610430557, 0.002244952737856658, 0.00245559585543387, 0.0026605695356971696, 0.002860164244242049, 0.0030546451793637508, 0.0032442607988751536, 0.0034292408685389847, 0.0036097990297355824, 0.003786134765548335, 0.003958433999570213, 0.004126870600462706, 0.0042916076556430245, 0.004452797700726458]
LPD
[0.03422065 0.05043043 0.06664021 0.08284999 0.09905978 0.11526956
 0.13147934 0.14768912 0.1638989  0.18010868 0.19631847 0.21252825
 0.22873803 0.24494781 0.26115759 0.27736737 0.29357716 0.30978694
 0.32599672 0.3422065 ]
[0.002903133829015023, 0.0017076619599577078, 0.0011633668859561874, 0.0008716123870546423, 0.000693734853892991, 0.000575017576922719, 0.0004905095292429614, 0.00042742507222055803, 0.00037859540861157536, 0.0003397092101532778, 0.0003080255986668239, 0.0002817217752577778, 0.00025953997544958063, 0.0002405847804395316, 0.00022420190406931175, 0.00020990233853618472, 0.00019731333850989415, 0.00018614593052992923, 0.00017617257655124478, 0.00016721183311660344]
MAD
[ 3.321345    4.89461368  6.46788237  8.04115105  9.61441974 11.18768842
 12.76095711 14.33422579 15.90749447 17.48076316 19.05403184 20.62730053
 22.20056921 23.77383789 25.34710658 26.92037526 28.49364395 30.06691263
 31.64018132 33.21345   ]
[0.0011848800530099611, 0.0011554857527621882, 0.0011256093294917796, 0.0010952336086395736, 0.0010643417051132151, 0.0010329167593761898, 0.00100094219982593, 0.0009684018126366839, 0.0009352799523852285, 0.0009015612839793727, 0.0008672317896413245, 0.0008322781281590626, 0.000796688248194454, 0.0007604521192606824, 0.0007235609686446085, 0.0006860088837487464, 0.0006477927499298484, 0.0006089131269428824, 0.0005693751508499833, 0.0005291897645848659]
MDH
[ 3.05746     4.50573053  5.95400105  7.40227158  8.85054211 10.29881263
 11.74708316 13.19535368 14.64362421 16.09189474 17.54016526 18.98843579
 20.43670632 21.88497684 23.33324737 24.78151789 26.22978842 27.67805895
 29.12632947 30.5746    ]
[0.0012214550363153951, 0.001177828713344549, 0.0011278852382661162, 0.0010796136430849391, 0.001041224045953938, 0.00101528424191762, 0.0009996537500517565, 0.0009909375618081914, 0.000986390430105403, 0.0009842566712537973, 0.000983521561222861, 0.0009836172298850897, 0.0009842238912958982, 0.0009851566372070034, 0.000986304735984722, 0.0009875993342380331, 0.0009889960571307585, 0.000990465281312143, 0.0009919866519836162, 0.0009935457794949538]
MQO
[ 2.311415    3.40629579  4.50117658  5.59605737  6.69093816  7.78581895
  8.88069974  9.97558053 11.07046132 12.16534211 13.26022289 14.35510368
 15.44998447 16.54486526 17.63974605 18.73462684 19.82950763 20.92438842
 22.01926921 23.11415   ]
[0.0009957592788599322, 0.0010538582119112767, 0.001116459422034893, 0.0011598251848594966, 0.0011876456262475109, 0.0012061173852181146, 0.0012190637449505603, 0.001228599670971685, 0.0012359165873430757, 0.0012417187758822891, 0.0012464425357081494, 0.0012503712566095115, 0.0012536962583959456, 0.0012565513038666942, 0.0012590328714739201, 0.0012612122036864623, 0.0012631430680887816, 0.0012648671741254949, 0.0012664170432036862, 0.0012678185844975571]
NADH_req
[ 11.53675     17.00152632  22.46630263  27.93107895  33.39585526
  38.86063158  44.32540789  49.79018421  55.25496053  60.71973684
  66.18451316  71.64928947  77.11406579  82.57884211  88.04361842
  93.50839474  98.97317105 104.43794737 109.90272368 115.3675    ]
[0.0010208748987566801, 0.0010740128834488382, 0.0011178429550443077, 0.0011548866001828983, 0.0011867233375363363, 0.0012144229143557618, 0.0012387542919292747, 0.0012602947903785806, 0.0012794913753153456, 0.0012966998077505673, 0.0013122051166142166, 0.001326241778151191, 0.001339003262480533, 0.001350651080502812, 0.0013613210381535697, 0.0013711281316266504, 0.0013801703927709278, 0.0013885318672605552, 0.0013962848726277173, 0.001403492107719311]
NDHII
[ 15.4153      22.71728421  30.01926842  37.32125263  44.62323684
  51.92522105  59.22720526  66.52918947  73.83117368  81.13315789
  88.43514211  95.73712632 103.03911053 110.34109474 117.64307895
 124.94506316 132.24704737 139.54903158 146.85101579 154.153     ]
[0.0012572140778371065, 0.0011820412053766924, 0.0011274242892976723, 0.001085876005929728, 0.0010531921134116703, 0.001026807242738033, 0.0010050616353931422, 0.0009868320441809373, 0.0009713308538624364, 0.0009579891438189087, 0.000946385778294308, 0.0009362023698701744, 0.0009271936655405428, 0.0009191677986458277, 0.0009119724818562024, 0.0009054852822272809, 0.0008996066904691942, 0.0008942550306851856, 0.0008893625246342579, 0.0008848726127498144]
PCK
[ 4.043885    5.95940947  7.87493395  9.79045842 11.70598289 13.62150737
 15.53703184 17.45255632 19.36808079 21.28360526 23.19912974 25.11465421
 27.03017868 28.94570316 30.86122763 32.77675211 34.69227658 36.60780105
 38.52332553 40.43885   ]
[0.0011850859641261353, 0.0011469720558327605, 0.0011242342092477892, 0.0011090953091925234, 0.0010982806239111245, 0.001090164837459386, 0.0010838478660227492, 0.001078790457940557, 0.001074649567334352, 0.0010711969085391384, 0.0010682728335810866, 0.0010657655445426965, 0.0010635912014341294, 0.0010616875019276981, 0.0010600077139092665, 0.0010585136616563442, 0.0010571763944060176, 0.0010559724481631636, 0.0010548828332773183, 0.001053891989723899]
PDH
[ 480.853       708.62547368  936.39794737 1164.17042105 1391.94289474
 1619.71536842 1847.48784211 2075.26031579 2303.03278947 2530.80526316
 2758.57773684 2986.35021053 3214.12268421 3441.89515789 3669.66763158
 3897.44010526 4125.21257895 4352.98505263 4580.75752632 4808.53      ]
[0.0011554421005858827, 0.0011366023375116356, 0.001123540734217577, 0.001112744214665459, 0.0011031034681399754, 0.0010941575810557208, 0.0010856788532663643, 0.0010775417866048982, 0.0010696711567075756, 0.0010620184706023959, 0.0010545514000014316, 0.0010472466838728797, 0.0010400880396823934, 0.0010330621637622273, 0.0010261593019248777, 0.0010193715812807816, 0.0010126925259195357, 0.0010061168536272726, 0.0009996401934578203, 0.0009932591481352044]
PFK
[0.0926265  0.13650221 0.18037792 0.22425363 0.26812934 0.31200505
 0.35588076 0.39975647 0.44363218 0.48750789 0.53138361 0.57525932
 0.61913503 0.66301074 0.70688645 0.75076216 0.79463787 0.83851358
 0.88238929 0.926265  ]
[0.001107352027916223, 0.0011250183218937024, 0.0011228054374748796, 0.0011170927780683132, 0.0011106130621390616, 0.0011041088441884805, 0.0010978174035567937, 0.0010918124068290047, 0.0010861071129476736, 0.0010806918089784378, 0.0010755482238144797, 0.0010706559174256584, 0.0010659943264654675, 0.0010615445895886012, 0.0010572888911239385, 0.001053211768470133, 0.0010492989928488003, 0.0010455378918351344, 0.001041917110729973, 0.001038426472382596]
PGI
[ 1.16228     1.71283368  2.26338737  2.81394105  3.36449474  3.91504842
  4.46560211  5.01615579  5.56670947  6.11726316  6.66781684  7.21837053
  7.76892421  8.31947789  8.87003158  9.42058526  9.97113895 10.52169263
 11.07224632 11.6228    ]
[0.0010407788494041855, 0.0010938092443890097, 0.0011201347758198203, 0.001135809973050888, 0.001146194324239901, 0.0011535741140728836, 0.0011590862370397066, 0.0011633590205977038, 0.0011667676593932893, 0.0011695499395067471, 0.0011718638216658291, 0.0011738182972690129, 0.001175490928869032, 0.0011769387345564478, 0.0011782040338593682, 0.001179319273812179, 0.00118030964331578, 0.0011811950320666656, 0.0011819912404719953, 0.0011827111183013014]
PGK
[ 8.05445    11.86971579 15.68498158 19.50024737 23.31551316 27.13077895
 30.94604474 34.76131053 38.57657632 42.39184211 46.20710789 50.02237368
 53.83763947 57.65290526 61.46817105 65.28343684 69.09870263 72.91396842
 76.72923421 80.5445    ]
[0.0011222676104184095, 0.001122262079048292, 0.0011222593760328227, 0.001122257777460763, 0.0011222567117867097, 0.0011222559805070672, 0.0011222553471994206, 0.0011222549328239598, 0.00112225454955439, 0.0011222542871104327, 0.00112225404580191, 0.0011222538405245685, 0.00112225366505644, 0.0011222535134466692, 0.0011222533747509158, 0.001122253303246815, 0.0011222531597487307, 0.0011222530660348177, 0.001122252960954486, 0.0011222528867709078]
PGL
[ 5.79835     8.54493684 11.29152368 14.03811053 16.78469737 19.53128421
 22.27787105 25.02445789 27.77104474 30.51763158 33.26421842 36.01080526
 38.75739211 41.50397895 44.25056579 46.99715263 49.74373947 52.49032632
 55.23691316 57.9835    ]
[0.0011221802642689775, 0.0011222310961256005, 0.0011222570439676364, 0.0011222728481007245, 0.0011222834104387428, 0.0011222910079116866, 0.0011222966895658775, 0.0011223012802017071, 0.0011223047644616068, 0.0011223076843628413, 0.0011223101457912184, 0.001122312266171742, 0.0011223139983667274, 0.0011223155123701429, 0.0011223168808617036, 0.0011223180831364198, 0.0011223191336388629, 0.00112232009389005, 0.0011223209584799246, 0.00112232174448966]
PIT
[ 3.573       5.26547368  6.95794737  8.65042105 10.34289474 12.03536842
 13.72784211 15.42031579 17.11278947 18.80526316 20.49773684 22.19021053
 23.88268421 25.57515789 27.26763158 28.96010526 30.65257895 32.34505263
 34.03752632 35.73      ]
[0.001119425458037739, 0.0011212443355945794, 0.001122182325902008, 0.0011227545758339327, 0.0011231401274892808, 0.0011234175779659943, 0.0011236268098416742, 0.0011237901737433022, 0.0011239213139593405, 0.0011240288965519724, 0.0011241187518758492, 0.0011241949276454323, 0.001124260347253817, 0.0011243170701605134, 0.0011243667488804617, 0.0011244107299165365, 0.0011244498126225702, 0.0011244848117312528, 0.0011245163245673095, 0.0011245446170838256]
PPC
[ 10.7195      15.79715789  20.87481579  25.95247368  31.03013158
  36.10778947  41.18544737  46.26310526  51.34076316  56.41842105
  61.49607895  66.57373684  71.65139474  76.72905263  81.80671053
  86.88436842  91.96202632  97.03968421 102.11734211 107.195     ]
[0.0010760945532735532, 0.0011002644218926516, 0.0011202549568461579, 0.001136949697351599, 0.001150993121453714, 0.001162868789131357, 0.0011729481788288782, 0.0011815219073058234, 0.0011888213002149914, 0.0011950331973455608, 0.0012003100852148545, 0.001204777893391463, 0.0012085415287903618, 0.0012116894134387344, 0.0012142962036850674, 0.0012164256816512141, 0.0012181325473068186, 0.001219464044634896, 0.0012204610318975438, 0.0012211592799570429]
PPS
[0.0081886  0.01206741 0.01594622 0.01982503 0.02370384 0.02758265
 0.03146146 0.03534027 0.03921908 0.04309789 0.04697671 0.05085552
 0.05473433 0.05861314 0.06249195 0.06637076 0.07024957 0.07412838
 0.07800719 0.081886  ]
[0.0011222474737257661, 0.0011222530263955907, 0.0011222586003505942, 0.0011222642486498782, 0.0011222696602958195, 0.0011222751984346269, 0.0011222807280290403, 0.0011222862906132489, 0.00112229183296682, 0.0011222973578725913, 0.0011223029238172546, 0.0011223084913276925, 0.0011223140092921958, 0.0011223195541672768, 0.0011223250233588738, 0.001122330840852588, 0.0011223361829466895, 0.0011223417285431323, 0.0011223472378781491, 0.001122352896847048]
PTA
[ 1.35        1.98947368  2.62894737  3.26842105  3.90789474  4.54736842
  5.18684211  5.82631579  6.46578947  7.10526316  7.74473684  8.38421053
  9.02368421  9.66315789 10.30263158 10.94210526 11.58157895 12.22105263
 12.86052632 13.5       ]
[0.0011222967844835166, 0.0011222733629531656, 0.0011222602618384142, 0.0011222519483459535, 0.0011222461680185868, 0.001122241916091657, 0.0011222386715152221, 0.0011222361023395136, 0.0011222340416755761, 0.001122232312819844, 0.0011222308674310082, 0.0011222296338423902, 0.0011222285669454444, 0.0011222276450491397, 0.0011222268176073373, 0.0011222261043630664, 0.0011222254997228069, 0.0011222250590822815, 0.0011222243765056476, 0.0011222239136699289]
PYK
[0.37358    0.55053895 0.72749789 0.90445684 1.08141579 1.25837474
 1.43533368 1.61229263 1.78925158 1.96621053 2.14316947 2.32012842
 2.49708737 2.67404632 2.85100526 3.02796421 3.20492316 3.38188211
 3.55884105 3.7358    ]
[0.0015676174178565231, 0.0012909481338788257, 0.0011357503450092465, 0.0010313112932694706, 0.0009541700716839613, 0.0008938441616169699, 0.0008448059030990939, 0.0008038098556583836, 0.0007688006445328385, 0.0007384008587686263, 0.0007116460101517789, 0.0006878366413136876, 0.0006664508180659195, 0.0006470893599125865, 0.0006294410283503891, 0.0006132587147156582, 0.0005983432621218319, 0.0005845320778655939, 0.0005716908108061482, 0.0005597072427046163]
RPE
[ 3.000515    4.42181158  5.84310816  7.26440474  8.68570132 10.10699789
 11.52829447 12.94959105 14.37088763 15.79218421 17.21348079 18.63477737
 20.05607395 21.47737053 22.89866711 24.31996368 25.74126026 27.16255684
 28.58385342 30.00515   ]
[0.0011300613833997795, 0.0011250504116596229, 0.001122470625608736, 0.0011208980946469437, 0.001119839277040171, 0.0011190777694453978, 0.001118503706642701, 0.0011180556824174433, 0.0011176960661634548, 0.0011174011621371447, 0.0011171548896589893, 0.0011169462040985494, 0.0011167669829434614, 0.001116611704325722, 0.0011164753227424476, 0.0011163550234552938, 0.001116248034046035, 0.0011161522048996064, 0.0011160661509983065, 0.001115987785345023]
RPI
[ 4.          5.89473684  7.78947368  9.68421053 11.57894737 13.47368421
 15.36842105 17.26315789 19.15789474 21.05263158 22.94736842 24.84210526
 26.73684211 28.63157895 30.52631579 32.42105263 34.31578947 36.21052632
 38.10526316 40.        ]
[0.0011117584100708486, 0.0011185102136455865, 0.001121975531350982, 0.0011240847229122802, 0.0011255025786859397, 0.0011265218683381634, 0.0011272897421239572, 0.0011278889863618666, 0.0011283698466128891, 0.0011287638682751483, 0.0011290929156310965, 0.0011293717614066442, 0.0011296110741917597, 0.0011298186852471, 0.0011300005620843519, 0.0011301619236805834, 0.0011303040685892527, 0.0011304319376706628, 0.0011305471202855048, 0.0011306513974000969]
SDH
[0.78092    1.15082947 1.52073895 1.89064842 2.26055789 2.63046737
 3.00037684 3.37028632 3.74019579 4.11010526 4.48001474 4.84992421
 5.21983368 5.58974316 5.95965263 6.32956211 6.69947158 7.06938105
 7.43929053 7.8092    ]
[0.0011380708501001172, 0.0011278327185763903, 0.0011226781622947104, 0.0011195740505288842, 0.001117499908874612, 0.0011160160539003417, 0.0011149019065037028, 0.0011140345909721081, 0.0011133402844335355, 0.0011127718990461234, 0.0011122980322070845, 0.0011118970912494645, 0.0011115529888514393, 0.0011112548483919273, 0.001110993893974333, 0.0011107636172957413, 0.0011105588816651408, 0.001110375661718935, 0.0011102107501695907, 0.0011100615114319893]
SK
[ 38.40815     56.60148421  74.79481842  92.98815263 111.18148684
 129.37482105 147.56815526 165.76148947 183.95482368 202.14815789
 220.34149211 238.53482632 256.72816053 274.92149474 293.11482895
 311.30816316 329.50149737 347.69483158 365.88816579 384.0815    ]
[0.001122260901583156, 0.00112225979897877, 0.001122259230082534, 0.0011222590936945085, 0.0011222586491210795, 0.0011222584920635632, 0.0011222582959910612, 0.0011222583148838819, 0.001122258190595441, 0.0011222581639813716, 0.0011222580695980382, 0.001122258021757778, 0.0011222580840655565, 0.0011222579714860604, 0.0011222580486656317, 0.0011222580035079492, 0.001122257873667802, 0.0011222578666037289, 0.0011222578323986784, 0.0011222578148115323]
SQR
[ 1.708085    2.51717789  3.32627079  4.13536368  4.94445658  5.75354947
  6.56264237  7.37173526  8.18082816  8.98992105  9.79901395 10.60810684
 11.41719974 12.22629263 13.03538553 13.84447842 14.65357132 15.46266421
 16.27175711 17.08085   ]
[0.0011224460884266313, 0.0011223247413916027, 0.0011222641000162498, 0.0011222277769191635, 0.0011222035153888904, 0.0011221862138825719, 0.0011221732426823748, 0.0011221631524640494, 0.0011221550849680165, 0.0011221484820047145, 0.0011221430152522707, 0.0011221383269079857, 0.0011221343032470417, 0.0011221308789848314, 0.0011221279401858162, 0.001122125186101556, 0.0011221228281378067, 0.0011221206870329278, 0.001122118775160048, 0.0011221170520248445]
TPI
[ 12.09215     17.82001053  23.54787105  29.27573158  35.00359211
  40.73145263  46.45931316  52.18717368  57.91503421  63.64289474
  69.37075526  75.09861579  80.82647632  86.55433684  92.28219737
  98.01005789 103.73791842 109.46577895 115.19363947 120.9215    ]
[0.0011214975652479922, 0.00112198861702472, 0.0011222387622111525, 0.0011223903603043168, 0.0011224921563969354, 0.001122565154512848, 0.0011226200777886262, 0.0011226629142106791, 0.0011226972315897508, 0.0011227253418079543, 0.001122748824490191, 0.0011227688469572469, 0.0011227857970288488, 0.0011228005437633113, 0.0011228135701027667, 0.0011228249574933393, 0.0011228351169486248, 0.0011228442547994825, 0.0011228524216037985, 0.0011228598319348766]
XCH_ACE1
[ 50.          73.68421053  97.36842105 121.05263158 144.73684211
 168.42105263 192.10526316 215.78947368 239.47368421 263.15789474
 286.84210526 310.52631579 334.21052632 357.89473684 381.57894737
 405.26315789 428.94736842 452.63157895 476.31578947 500.        ]
[0.001122259245411109, 0.0011222592144207284, 0.0011222591608653473, 0.0011222591698714548, 0.0011222591551634231, 0.0011222591418720692, 0.001122259133992865, 0.0011222591125020064, 0.0011222591311395903, 0.0011222591119445168, 0.0011222590884835447, 0.0011222590891887439, 0.0011222588895444317, 0.0011222590945704186, 0.0011222591424452043, 0.0011222590926266813, 0.0011222599631269742, 0.001122259110784024, 0.001122259083163397, 0.001122259082937042]
XCH_ACE2
[ 50.          73.68421053  97.36842105 121.05263158 144.73684211
 168.42105263 192.10526316 215.78947368 239.47368421 263.15789474
 286.84210526 310.52631579 334.21052632 357.89473684 381.57894737
 405.26315789 428.94736842 452.63157895 476.31578947 500.        ]
[0.001122259219269928, 0.0011222592151401822, 0.0011222591822529604, 0.001122259168062444, 0.001122259152587422, 0.0011222591429104801, 0.001122259134056488, 0.0011222593422047552, 0.0011222591185990373, 0.0011222591292052967, 0.0011222590892054497, 0.0011222591947334436, 0.001122259099193825, 0.0011222590954888636, 0.0011222590915173272, 0.0011222590910477074, 0.001122259086585779, 0.0011222589724566186, 0.0011222590798479536, 0.0011222590792150495]
XCH_GLC
[ 50.          73.68421053  97.36842105 121.05263158 144.73684211
 168.42105263 192.10526316 215.78947368 239.47368421 263.15789474
 286.84210526 310.52631579 334.21052632 357.89473684 381.57894737
 405.26315789 428.94736842 452.63157895 476.31578947 500.        ]
[0.0011207050150719862, 0.0011217091501560166, 0.0011222178611126345, 0.0011225235683898864, 0.0011227269074730803, 0.0011228715070254296, 0.001122979496662762, 0.0011230628905809358, 0.0011231293351279417, 0.001123183514941834, 0.0011232284527429495, 0.0011232662649079859, 0.001123298584745379, 0.0011233265023359782, 0.0011233508454010833, 0.0011233722761505903, 0.001123391271104804, 0.0011234082108707046, 0.0011234234274035686, 0.001123437195303318]
XCH_P
[ 50.          73.68421053  97.36842105 121.05263158 144.73684211
 168.42105263 192.10526316 215.78947368 239.47368421 263.15789474
 286.84210526 310.52631579 334.21052632 357.89473684 381.57894737
 405.26315789 428.94736842 452.63157895 476.31578947 500.        ]
[0.0011222590971465699, 0.001122259135231052, 0.0011222591847943214, 0.0011222591743641696, 0.0011222592154130574, 0.0011222593497182336, 0.001122259219527626, 0.0011222592225927307, 0.0011222592312142472, 0.0011222592291733693, 0.0011222592544821626, 0.0011222592217798575, 0.0011222592344278686, 0.0011222592336432877, 0.001122259265191631, 0.0011222592092740692, 0.0011222592393162155, 0.0011222592398165041, 0.0011222593121550952, 0.0011222592357634875]
ZWF
[0.1329     0.19585263 0.25880526 0.32175789 0.38471053 0.44766316
 0.51061579 0.57356842 0.63652105 0.69947368 0.76242632 0.82537895
 0.88833158 0.95128421 1.01423684 1.07718947 1.14014211 1.20309474
 1.26604737 1.329     ]
[0.0012519904354344065, 0.0011869163133776772, 0.0011283946661110745, 0.0010755773620247811, 0.001027704235951729, 0.0009841217916139388, 0.0009442766217352754, 0.0009077020889665636, 0.0008740042542720061, 0.0008428495121940536, 0.0008139534437897443, 0.0007870743154491862, 0.0007620021279569743, 0.0007385567400362375, 0.0007165811533860537, 0.0006959388211437305, 0.0006765092906781933, 0.000658186929849136, 0.0006408781754815522, 0.000624499979030251]
