ATP_MAINTENANCE vs ATP_syn
X [0.130166 0.260332 0.390498 0.520664 0.65083  0.780996 0.911162 1.041328
 1.171494 1.30166 ]
Y [ 10.8733  21.7466  32.6199  43.4932  54.3665  65.2398  76.1131  86.9864
  97.8597 108.733 ]
[[1.45027742e-14 5.53568831e-14 1.32566810e-13 2.48414471e-13
  3.98784785e-13 5.77042947e-13 7.76821312e-13 9.92981579e-13
  1.22174073e-12 1.46036038e-12]
 [9.55047672e-09 1.21941802e-04 1.23534580e-12 6.59953826e-10
  4.86024850e-03 9.41147125e-03 1.21120214e-02 1.53918297e-02
  1.60822321e-02 1.57103017e-02]
 [1.67487758e-04 2.23918679e-03 5.48893271e-03 8.26785899e-03
  9.56609400e-03 9.68103410e-03 9.18419449e-03 8.60341492e-03
  8.12314789e-03 7.76043772e-03]
 [1.45053158e-03 6.15042072e-03 7.70411212e-03 6.07506501e-03
  4.79764574e-03 3.98573536e-03 3.49153071e-03 3.22005940e-03
  3.07570345e-03 2.98999488e-03]
 [2.41456817e-03 6.58341118e-03 3.36696083e-03 2.77036582e-03
  2.60513847e-03 2.47060254e-03 2.36214723e-03 2.27007378e-03
  2.18845318e-03 2.11433907e-03]
 [3.23835493e-03 3.54770876e-03 2.53326727e-03 2.42200075e-03
  2.24973609e-03 2.10506212e-03 1.98331233e-03 1.87850355e-03
  1.78752007e-03 1.70842768e-03]
 [3.87857784e-03 2.41085363e-03 2.41127834e-03 2.21248743e-03
  2.01835810e-03 1.86208798e-03 1.73431292e-03 1.62923312e-03
  1.54273311e-03 1.47139062e-03]
 [4.32983341e-03 2.31333465e-03 2.30354031e-03 2.05418602e-03
  1.84792328e-03 1.68700828e-03 1.56044645e-03 1.46049217e-03
  1.38097655e-03 1.31697376e-03]
 [4.60604813e-03 2.30091455e-03 2.20585381e-03 1.93061708e-03
  1.71768361e-03 1.55662042e-03 1.43395034e-03 1.33950081e-03
  1.26551591e-03 1.20632796e-03]
 [4.72831713e-03 2.29444604e-03 2.12231015e-03 1.83183036e-03
  1.61575348e-03 1.45669904e-03 1.33830657e-03 1.24840979e-03
  1.17835843e-03 1.12225919e-03]]

