LPD vs ATP_syn
X [0.00684413 0.01368826 0.02053239 0.02737652 0.03422065 0.04106478
 0.04790891 0.05475304 0.06159717 0.0684413 ]
Y [ 10.8733  21.7466  32.6199  43.4932  54.3665  65.2398  76.1131  86.9864
  97.8597 108.733 ]
[[0.01380629 0.01415796 0.01311485 0.01212094 0.01135656 0.01077152
  0.01031507 0.00994844 0.00964509 0.00938745]
 [0.01273928 0.01089415 0.01018439 0.00932221 0.00865076 0.00813883
  0.00774437 0.00743278 0.00717942 0.00696768]
 [0.01128912 0.00831675 0.00786008 0.00712973 0.00655508 0.00611818
  0.00578465 0.00552464 0.00531627 0.00514458]
 [0.00978315 0.00642704 0.00610843 0.00548944 0.00500141 0.00463176
  0.00435148 0.00413502 0.00396339 0.00382349]
 [0.00846383 0.00509413 0.00483861 0.00430818 0.00389256 0.00357933
  0.00334302 0.00316162 0.00301876 0.00290313]
 [0.00737946 0.00415439 0.0039287  0.0034684  0.00311157 0.00284415
  0.00264317 0.00248949 0.00236897 0.00227183]
 [0.00650281 0.00347765 0.00326966 0.00286552 0.00255591 0.00232511
  0.00215221 0.00202034 0.00191719 0.00183427]
 [0.00579218 0.00297618 0.00278164 0.00242301 0.00215129 0.00194973
  0.00179911 0.00168446 0.00159493 0.00152308]
 [0.00521041 0.00259376 0.00241094 0.00208958 0.0018485  0.0016704
  0.00153761 0.00143666 0.00135793 0.00129482]
 [0.00472832 0.00229445 0.00212231 0.00183183 0.00161575 0.0014567
  0.00133831 0.00124841 0.00117836 0.00112226]]

