LPD vs GDH
X [0.00684413 0.01368826 0.02053239 0.02737652 0.03422065 0.04106478
 0.04790891 0.05475304 0.06159717 0.0684413 ]
Y [0.866573 1.733146 2.599719 3.466292 4.332865 5.199438 6.066011 6.932584
 7.799157 8.66573 ]
[[4.92237677e-07 1.70684518e-03 6.72759783e-03 9.56895567e-03
  1.05592275e-02 1.07298302e-02 1.05466437e-02 1.02093992e-02
  9.80859054e-03 9.38745018e-03]
 [2.39527703e-07 1.13970098e-03 4.99149096e-03 7.31658089e-03
  8.10350213e-03 8.20109515e-03 8.00775424e-03 7.69385515e-03
  7.33538421e-03 6.96767653e-03]
 [1.48356318e-07 7.86539187e-04 3.70633624e-03 5.56150831e-03
  6.17129155e-03 6.21808583e-03 6.03307471e-03 5.75705352e-03
  5.45162764e-03 5.14457553e-03]
 [1.05609192e-07 5.66072095e-04 2.78464905e-03 4.24585802e-03
  4.71246375e-03 4.72719209e-03 4.56043927e-03 4.32623069e-03
  4.07346034e-03 3.82348590e-03]
 [8.15128327e-08 4.26633480e-04 2.14261273e-03 3.29801223e-03
  3.65719832e-03 3.65401244e-03 3.50855209e-03 3.31282400e-03
  3.10554366e-03 2.90313383e-03]
 [6.62129237e-08 3.35573532e-04 1.69842324e-03 2.62742721e-03
  2.90963917e-03 2.89758805e-03 2.77217103e-03 2.60839820e-03
  2.43733398e-03 2.27183121e-03]
 [5.56864089e-08 2.73557121e-04 1.38655297e-03 2.15025633e-03
  2.37792521e-03 2.36203601e-03 2.25371647e-03 2.11520460e-03
  1.97194841e-03 1.83427229e-03]
 [4.80192824e-08 2.29488213e-04 1.16171633e-03 1.80362977e-03
  1.99214852e-03 1.97497476e-03 1.88064969e-03 1.76181710e-03
  1.63978897e-03 1.52307808e-03]
 [4.21936598e-08 1.96950016e-04 9.94736504e-04 1.54511453e-03
  1.70484836e-03 1.68761866e-03 1.60461681e-03 1.50117913e-03
  1.39551734e-03 1.29481823e-03]
 [3.76210559e-08 1.72122288e-04 8.67141473e-04 1.34711662e-03
  1.48511069e-03 1.46838770e-03 1.39457326e-03 1.30333093e-03
  1.21049644e-03 1.12225919e-03]]

