CITRA_SYN vs ATP_MAINTENANCE
X [0.4 0.8 1.2 1.6 2.  2.4 2.8 3.2 3.6 4. ]
Y [0.130166 0.260332 0.390498 0.520664 0.65083  0.780996 0.911162 1.041328
 1.171494 1.30166 ]
[[8.33123084e-10 2.56575099e-06 1.70138048e-02 1.68514562e-02
  1.66612856e-02 1.64628006e-02 1.62737546e-02 1.61014802e-02
  1.59473531e-02 1.58102764e-02]
 [5.57384339e-11 6.98649872e-02 1.89494789e-02 1.79181467e-02
  1.73077329e-02 1.67941236e-02 1.63556596e-02 1.59812373e-02
  1.56603471e-02 1.53837080e-02]
 [1.96384680e-11 8.30425380e-09 1.77605893e-02 1.49254977e-02
  1.38441952e-02 1.30629867e-02 1.24504480e-02 1.19592860e-02
  1.15572142e-02 1.12220409e-02]
 [1.01369677e-11 4.68248435e-02 1.59458488e-02 1.17047873e-02
  1.02751452e-02 9.37608254e-03 8.71716053e-03 8.21696374e-03
  7.82440245e-03 7.50734980e-03]
 [6.21973398e-12 2.09612983e-10 1.41209375e-02 9.09819265e-03
  7.53683110e-03 6.65826675e-03 6.04957503e-03 5.60800988e-03
  5.27281196e-03 5.00855803e-03]
 [4.21614613e-12 2.19139776e-02 1.24668158e-02 7.11002416e-03
  5.59851218e-03 4.81175173e-03 4.29187084e-03 3.92810604e-03
  3.65844911e-03 3.44927593e-03]
 [3.05056287e-12 4.85784253e-09 1.10195648e-02 5.61337692e-03
  4.24735493e-03 3.57146600e-03 3.14224901e-03 2.85005368e-03
  2.63682225e-03 2.47305996e-03]
 [2.31148510e-12 1.11692389e-02 9.76884590e-03 4.48803409e-03
  3.29643452e-03 2.72533046e-03 2.37450195e-03 2.14041477e-03
  1.97123980e-03 1.84206772e-03]
 [1.81287646e-12 2.33329080e-02 8.69103272e-03 3.63789923e-03
  2.61435115e-03 2.13354681e-03 1.84624572e-03 1.65724975e-03
  1.52142815e-03 1.41805787e-03]
 [1.46036038e-12 1.57103017e-02 7.76043772e-03 2.98999488e-03
  2.11433907e-03 1.70842768e-03 1.47139062e-03 1.31697376e-03
  1.20632796e-03 1.12225919e-03]]

