time0 0
timef 7200
Vmax 0.5to2.0

ACEA
[0.762975   0.88344474 1.00391447 1.12438421 1.24485395 1.36532368
 1.48579342 1.60626316 1.72673289 1.84720263 1.96767237 2.08814211
 2.20861184 2.32908158 2.44955132 2.57002105 2.69049079 2.81096053
 2.93143026 3.0519    ]
[0.0015174326726167867, 0.0014333575135120477, 0.0013597938555971478, 0.0012947260231864447, 0.0012366447393232281, 0.0011843934088102068, 0.0011370681056001653, 0.0010939506590249871, 0.0010544616248583116, 0.001018128024538604, 0.0009845586281082726, 0.0009534277837289657, 0.0009244601248205594, 0.0008974225077777643, 0.000872115378176892, 0.0008483668905908142, 0.0008260278551916911, 0.0008049686440988018, 0.0007850754360968536, 0.0007662480747041958]
ACEB
[0.1763845  0.20423468 0.23208487 0.25993505 0.28778524 0.31563542
 0.34348561 0.37133579 0.39918597 0.42703616 0.45488634 0.48273653
 0.51058671 0.53843689 0.56628708 0.59413726 0.62198745 0.64983763
 0.67768782 0.705538  ]
[0.0011739984867917745, 0.00116024265069602, 0.0011496144043391743, 0.0011411552652846686, 0.001134262226903474, 0.001128537167623818, 0.0011237061415483548, 0.0011195748774267382, 0.0011160014890457804, 0.0011128801154671392, 0.0011101301012748572, 0.0011076888280401364, 0.001105507106483716, 0.001103545595498536, 0.0011017725253598687, 0.0011001620547785751, 0.0010986926943096715, 0.0010973467396152988, 0.0010961092563977553, 0.0010949676195464058]
ACK
[ 3.615       4.18578947  4.75657895  5.32736842  5.89815789  6.46894737
  7.03973684  7.61052632  8.18131579  8.75210526  9.32289474  9.89368421
 10.46447368 11.03526316 11.60605263 12.17684211 12.74763158 13.31842105
 13.88921053 14.46      ]
[0.001122474781807633, 0.0011224395050826335, 0.001122404725873819, 0.0011223702001326899, 0.0011223363385891782, 0.00112230294102332, 0.0011222700537262553, 0.0011222376356079247, 0.001122205602753093, 0.0011221740509007858, 0.0011221429271304148, 0.001122112227793543, 0.0011220819775550619, 0.0011220530466438017, 0.001122022647973566, 0.0011219934857947316, 0.0011219648103122687, 0.0011219364865876302, 0.0011219085330578373, 0.0011218810888024358]
ACN_1
[ 4.862065    5.62975947  6.39745395  7.16514842  7.93284289  8.70053737
  9.46823184 10.23592632 11.00362079 11.77131526 12.53900974 13.30670421
 14.07439868 14.84209316 15.60978763 16.37748211 17.14517658 17.91287105
 18.68056553 19.44826   ]
[0.0011221503413878446, 0.0011221801035727584, 0.0011222026668546742, 0.001122220407066408, 0.0011222346588422325, 0.0011222462527646071, 0.0011222562596683978, 0.0011222646074938723, 0.0011222717890814178, 0.0011222780320421946, 0.0011222835087568263, 0.00112228834472594, 0.0011222926623056615, 0.001122296519526561, 0.0011223000109609688, 0.0011223033527950957, 0.001122306030186785, 0.0011223086659286673, 0.001122311079058095, 0.0011223133014209778]
ACN_2
[ 4.932855    5.71172684  6.49059868  7.26947053  8.04834237  8.82721421
  9.60608605 10.38495789 11.16382974 11.94270158 12.72157342 13.50044526
 14.27931711 15.05818895 15.83706079 16.61593263 17.39480447 18.17367632
 18.95254816 19.73142   ]
[0.001122169327641256, 0.0011221939679418183, 0.0011222126231098394, 0.0011222272434480132, 0.0011222389902136374, 0.0011222486815018957, 0.0011222567731451938, 0.0011222636336672318, 0.001122269387622775, 0.0011222746805881834, 0.001122279179177915, 0.001122283124519685, 0.0011222866702784468, 0.0011222898757268826, 0.0011222927343648415, 0.001122295327354783, 0.0011222976538924484, 0.0011222998336787686, 0.0011223017950875715, 0.0011223036366084982]
ACS
[ 3.65        4.22631579  4.80263158  5.37894737  5.95526316  6.53157895
  7.10789474  7.68421053  8.26052632  8.83684211  9.41315789  9.98947368
 10.56578947 11.14210526 11.71842105 12.29473684 12.87105263 13.44736842
 14.02368421 14.6       ]
[0.0011222570161140738, 0.001122257616953685, 0.0011222580301975492, 0.001122258412079364, 0.001122258694825815, 0.001122258934513785, 0.0011222592067665102, 0.0011222592941256212, 0.0011222594364879688, 0.0011222595607484685, 0.0011222596896282298, 0.0011222597673142942, 0.0011222589109548748, 0.0011222599145374091, 0.0011222600384824684, 0.00112226006249233, 0.0011222600010327324, 0.0011222601257754607, 0.0011222602319564058, 0.0011222602746539265]
ATP_MAINTENANCE
[0.65083    0.75359263 0.85635526 0.95911789 1.06188053 1.16464316
 1.26740579 1.37016842 1.47293105 1.57569368 1.67845632 1.78121895
 1.88398158 1.98674421 2.08950684 2.19226947 2.29503211 2.39779474
 2.50055737 2.60332   ]
[0.0021143390690909138, 0.0017757236321198273, 0.0015575591828140892, 0.0014076642116821014, 0.0012971919132896514, 0.0012113873244643484, 0.0011423841392337352, 0.0010855473538404906, 0.001037886063163078, 0.0009973436797781773, 0.000962443000736131, 0.0009320900504878843, 0.0009054553457627471, 0.0008818982625207163, 0.0008609162334379701, 0.0008421096536530191, 0.0008251569815118285, 0.0008097966932780878, 0.0007958140220291406, 0.0007830310122873245]
ATP_syn
[ 54.3665      62.95068421  71.53486842  80.11905263  88.70323684
  97.28742105 105.87160526 114.45578947 123.03997368 131.62415789
 140.20834211 148.79252632 157.37671053 165.96089474 174.54507895
 183.12926316 191.71344737 200.29763158 208.88181579 217.466     ]
[0.0016157534768631015, 0.0014863248896684093, 0.0013840673532205746, 0.0013023997622085637, 0.0012362091128304946, 0.001181655583981535, 0.0011359185351158642, 0.001096943445835441, 0.0010632321881292655, 0.0010336839504552727, 0.0010074807563443574, 0.0009840067201788059, 0.0009627913327592596, 0.0009434699758521734, 0.0009257560513962123, 0.0009094209763149263, 0.0008942805744666228, 0.0008801841355171525, 0.0008670072485976832, 0.0008546460952412097]
CITRA_SYN
[2.         2.31578947 2.63157895 2.94736842 3.26315789 3.57894737
 3.89473684 4.21052632 4.52631579 4.84210526 5.15789474 5.47368421
 5.78947368 6.10526316 6.42105263 6.73684211 7.05263158 7.36842105
 7.68421053 8.        ]
[0.005008558025772136, 0.003718763540656633, 0.0028310538191105234, 0.002209456178889397, 0.0017639111024734919, 0.0014366631752504543, 0.0011906506032477537, 0.0010017364379905605, 0.000853877160207462, 0.000736170156392118, 0.0006410431647995849, 0.0005631268943926425, 0.0004985397760359322, 0.000444425697013024, 0.0003986485551384799, 0.0003595868299348101, 0.0003259927757897988, 0.00029689427487435886, 0.00027152512187857527, 0.0002492752778774863]
CYTBO
[ 4.270225    4.94447105  5.61871711  6.29296316  6.96720921  7.64145526
  8.31570132  8.98994737  9.66419342 10.33843947 11.01268553 11.68693158
 12.36117763 13.03542368 13.70966974 14.38391579 15.05816184 15.73240789
 16.40665395 17.0809    ]
[0.0011303864909639628, 0.0011361732087459622, 0.0011356042291264347, 0.0011330426264045898, 0.0011298575979813445, 0.0011265460220818426, 0.0011233068017459523, 0.0011202222170946321, 0.0011173234810605676, 0.0011146179485024617, 0.001112101234892079, 0.0011097633416266015, 0.001107592413773368, 0.0011055751738883704, 0.0011036990163533567, 0.0011019518628488743, 0.0011003224824646246, 0.0010988005680307596, 0.0010973768231305274, 0.001096042874731626]
EDA
[0.03876205 0.04488237 0.0510027  0.05712302 0.06324334 0.06936367
 0.07548399 0.08160432 0.08772464 0.09384496 0.09996529 0.10608561
 0.11220593 0.11832626 0.12444658 0.13056691 0.13668723 0.14280755
 0.14892788 0.1550482 ]
[0.001122338456099573, 0.001122315874952142, 0.0011222990744595678, 0.001122286176472356, 0.0011222761000055012, 0.0011222679333797061, 0.0011222611686090096, 0.0011222553680119822, 0.0011222508002889286, 0.0011222467175166205, 0.0011222431752437399, 0.0011222400885218789, 0.0011222373630803166, 0.0011222349166024963, 0.0011222327661224339, 0.0011222308188916124, 0.0011222290551176689, 0.0011222273980055226, 0.0011222259950634276, 0.0011222246574461628]
EDD
[0.0556795 0.064471  0.0732625 0.082054  0.0908455 0.099637  0.1084285
 0.11722   0.1260115 0.134803  0.1435945 0.152386  0.1611775 0.169969
 0.1787605 0.187552  0.1963435 0.205135  0.2139265 0.222718 ]
[0.001122781376208489, 0.0011227000294289028, 0.0011226175111982474, 0.0011225344547908783, 0.0011224513490077804, 0.0011223685628557348, 0.0011222872974382331, 0.0011222050670146768, 0.0011221247306129334, 0.0011220455567715125, 0.00112196767159192, 0.0011218909456818516, 0.001121815641806242, 0.001121741734178152, 0.0011216691934796657, 0.0011215980266830175, 0.0011215284243414753, 0.0011214599328600167, 0.0011213929387158717, 0.0011213272975184366]
ENO
[ 5.85945     6.78462632  7.70980263  8.63497895  9.56015526 10.48533158
 11.41050789 12.33568421 13.26086053 14.18603684 15.11121316 16.03638947
 16.96156579 17.88674211 18.81191842 19.73709474 20.66227105 21.58744737
 22.51262368 23.4378    ]
[0.0011569516224575614, 0.0011475844057841802, 0.0011404232405955424, 0.0011347673078225034, 0.001130185246018996, 0.001126396671417665, 0.0011232112759670396, 0.0011204952522396866, 0.0011181517257052834, 0.0011161088288784181, 0.0011143120925739037, 0.0011127195067059303, 0.001111298019894571, 0.001110021492894306, 0.0011088687800605893, 0.0011078226710038333, 0.0011068690420979804, 0.0011059961088097543, 0.0011051940577687172, 0.0011044546408414794]
FBA
[10.8489     12.56188421 14.27486842 15.98785263 17.70083684 19.41382105
 21.12680526 22.83978947 24.55277368 26.26575789 27.97874211 29.69172632
 31.40471053 33.11769474 34.83067895 36.54366316 38.25664737 39.96963158
 41.68261579 43.3956    ]
[0.0011183867162579053, 0.001119448706805933, 0.0011202528769394986, 0.0011208829257842031, 0.0011213899221258544, 0.0011218066196111453, 0.00112215530077393, 0.0011224512162230566, 0.0011227056520378591, 0.0011229266775180321, 0.001123120427250695, 0.0011232917092155017, 0.001123444232239747, 0.001123580951911091, 0.0011237040165233765, 0.0011238155895507878, 0.0011239171209642344, 0.0011240098885106087, 0.0011240950123322763, 0.0011241733930772808]
FBP
[0.1077915  0.12481121 0.14183092 0.15885063 0.17587034 0.19289005
 0.20990976 0.22692947 0.24394918 0.26096889 0.27798861 0.29500832
 0.31202803 0.32904774 0.34606745 0.36308716 0.38010687 0.39712658
 0.41414629 0.431166  ]
[0.001122280646908598, 0.0011222772973351817, 0.0011222739018806713, 0.0011222706923456273, 0.0011222671086848586, 0.0011222636852586884, 0.0011222603184664777, 0.001122256952875135, 0.0011222535556078264, 0.0011222501374604282, 0.00112224673242537, 0.0011222433375100986, 0.0011222399188900918, 0.0011222366245092269, 0.001122233148502747, 0.0011222297501195127, 0.0011222263542455839, 0.0011222231789279784, 0.0011222195616587098, 0.0011222161627907994]
FUMA
[ 26.6707      30.88186316  35.09302632  39.30418947  43.51535263
  47.72651579  51.93767895  56.14884211  60.36000526  64.57116842
  68.78233158  72.99349474  77.20465789  81.41582105  85.62698421
  89.83814737  94.04931053  98.26047368 102.47163684 106.6828    ]
[0.0011222487080521637, 0.0011222515558133052, 0.0011222537115446911, 0.0011222554421147558, 0.001122256768901849, 0.0011222579546430432, 0.0011222588954696254, 0.0011222597110693198, 0.0011222604030508866, 0.001122261030695365, 0.001122261535574822, 0.0011222620036501828, 0.0011222624221064255, 0.0011222627551134255, 0.0011222631812640856, 0.001122263439646601, 0.0011222636139929594, 0.0011222640127722572, 0.0011222642023649152, 0.0011222644190741053]
GDH
[ 4.332865    5.01700158  5.70113816  6.38527474  7.06941132  7.75354789
  8.43768447  9.12182105  9.80595763 10.49009421 11.17423079 11.85836737
 12.54250395 13.22664053 13.91077711 14.59491368 15.27905026 15.96318684
 16.64732342 17.33146   ]
[0.0014851106859979206, 0.0014787278699894579, 0.0014292770516413599, 0.00136183254113348, 0.0012885468882357215, 0.001215299040639481, 0.0011448701653456214, 0.001078480850908857, 0.0010165541524543816, 0.0009591078633540169, 0.0009059591783328521, 0.0008568333660449576, 0.0008114221662950642, 0.0007694144819633608, 0.0007305121341874055, 0.0006944370670457497, 0.0006609345089413615, 0.0006297730399755612, 0.0006007436547771637, 0.0005736582872467779]
GLT
[ 28.5292      33.03381053  37.53842105  42.04303158  46.54764211
  51.05225263  55.55686316  60.06147368  64.56608421  69.07069474
  73.57530526  78.07991579  82.58452632  87.08913684  91.59374737
  96.09835789 100.60296842 105.10757895 109.61218947 114.1168    ]
[0.00043726246308098377, 0.0005279925297107038, 0.0006251046184808612, 0.0007287264017407936, 0.0008389612231064807, 0.0009558847012842765, 0.0010795412406021442, 0.0012099413647183675, 0.001347058791149971, 0.0014908284840592612, 0.0016411451361723632, 0.001797862358833434, 0.0019607929910076226, 0.00212970915848493, 0.002304344599731651, 0.0024843966073619357, 0.0026695290800253504, 0.002859376242297656, 0.0030535464386299365, 0.003251626839039958]
GND
[2.040525   2.36271316 2.68490132 3.00708947 3.32927763 3.65146579
 3.97365395 4.29584211 4.61803026 4.94021842 5.26240658 5.58459474
 5.90678289 6.22897105 6.55115921 6.87334737 7.19553553 7.51772368
 7.83991184 8.1621    ]
[0.0011175294021185756, 0.0011186873045712074, 0.0011196255660468524, 0.0011204034210890626, 0.0011210599194418625, 0.001121622630918953, 0.0011221105468656367, 0.0011225381460384517, 0.0011229162218037634, 0.0011232531611194843, 0.0011235554048200896, 0.0011238282132459568, 0.001124075751529462, 0.0011243014610700774, 0.0011245081378679427, 0.0011246981336910946, 0.0011248734421251251, 0.001125035708169968, 0.0011251863577802271, 0.001125326604139739]
GPM
[ 5.4967  6.3646  7.2325  8.1004  8.9683  9.8362 10.7041 11.572  12.4399
 13.3078 14.1757 15.0436 15.9115 16.7794 17.6473 18.5152 19.3831 20.251
 21.1189 21.9868]
[0.0011343267404365176, 0.001130982051268117, 0.0011284675719575319, 0.0011265079070250652, 0.0011249374064462045, 0.001123651509464913, 0.0011225783945695875, 0.0011216700392847085, 0.0011208898041355606, 0.0011202137582734487, 0.0011196217425022516, 0.0011190990875318768, 0.001118634277625355, 0.0011182182241584137, 0.0011178436255520378, 0.0011175037361824645, 0.0011171961831471112, 0.001116914602546257, 0.0011166563932613887, 0.0011164188021764029]
GROWTH
[ 4.870685    5.63974053  6.40879605  7.17785158  7.94690711  8.71596263
  9.48501816 10.25407368 11.02312921 11.79218474 12.56124026 13.33029579
 14.09935132 14.86840684 15.63746237 16.40651789 17.17557342 17.94462895
 18.71368447 19.48274   ]
[0.0005815689057162281, 0.000669509113914805, 0.0007564556199751054, 0.0008424301746149352, 0.0009274539642123039, 0.001011547470423089, 0.0010947305054104348, 0.0011770222346456452, 0.001258441241237398, 0.0013390054884648925, 0.0014187323934027178, 0.0014976397296728456, 0.001575741293640801, 0.0016530555279635451, 0.0017295969578460637, 0.001805380614826599, 0.0018804209691259495, 0.001954732062037686, 0.0020283276610430557, 0.002101221077635523]
LPD
[0.03422065 0.03962391 0.04502717 0.05043043 0.05583369 0.06123695
 0.06664021 0.07204347 0.07744673 0.08284999 0.08825326 0.09365652
 0.09905978 0.10446304 0.1098663  0.11526956 0.12067282 0.12607608
 0.13147934 0.1368826 ]
[0.002903133829015023, 0.002385849793557793, 0.00199984563583964, 0.0017076619599577078, 0.001482376366388453, 0.0013052564606617517, 0.0011633668859561874, 0.0010477180345459221, 0.0009519780639344292, 0.0008716123870546423, 0.0008033162907891718, 0.00074463938224068, 0.000693734853892991, 0.0006491890259977256, 0.0006099044049643291, 0.000575017576922719, 0.0005438412276020938, 0.0005158218485866492, 0.0004905095292429614, 0.0004675348050276373]
MAD
[ 3.321345    3.84576789  4.37019079  4.89461368  5.41903658  5.94345947
  6.46788237  6.99230526  7.51672816  8.04115105  8.56557395  9.08999684
  9.61441974 10.13884263 10.66326553 11.18768842 11.71211132 12.23653421
 12.76095711 13.28538   ]
[0.0011848800530099611, 0.0011751345027920393, 0.00116533637119122, 0.0011554857527621882, 0.0011455813384487375, 0.0011356227276676939, 0.0011256093294917796, 0.0011155403749934973, 0.0011054153585871084, 0.0010952336086395736, 0.0010849945224279283, 0.0010746974059009401, 0.0010643417051132151, 0.0010539267659068405, 0.0010434519924232557, 0.0010329167593761898, 0.0010223204502389648, 0.0010116624634942245, 0.00100094219982593, 0.0009901590619721718]
MDH
[ 3.05746     3.54021684  4.02297368  4.50573053  4.98848737  5.47124421
  5.95400105  6.43675789  6.91951474  7.40227158  7.88502842  8.36778526
  8.85054211  9.33329895  9.81605579 10.29881263 10.78156947 11.26432632
 11.74708316 12.22984   ]
[0.0012214550363153951, 0.0012078642667610843, 0.0011933052148449235, 0.001177828713344549, 0.0011615870042523077, 0.0011448298776555134, 0.0011278852382661162, 0.0011111250931529842, 0.001094923358284919, 0.0010796136430849391, 0.0010654587131829485, 0.0010526335578452295, 0.001041224045953938, 0.0010312387710931033, 0.0010226241370685303, 0.00101528424191762, 0.0010090976813190516, 0.001003931893822919, 0.0009996537500517565, 0.0009961367783351657]
MQO
[2.311415   2.67637526 3.04133553 3.40629579 3.77125605 4.13621632
 4.50117658 4.86613684 5.23109711 5.59605737 5.96101763 6.32597789
 6.69093816 7.05589842 7.42085868 7.78581895 8.15077921 8.51573947
 8.88069974 9.24566   ]
[0.0009957592788599322, 0.001011256447222604, 0.0010314163571981038, 0.0010538582119112767, 0.0010763786591001573, 0.001097492223762221, 0.001116459422034893, 0.0011330783060105262, 0.0011474531185449756, 0.0011598251848594966, 0.001170474212392366, 0.0011796686048084057, 0.0011876456262475109, 0.0011946064601963259, 0.0012007181204141979, 0.0012061173852181146, 0.001210916458128797, 0.0012152068031618631, 0.0012190637449505603, 0.0012225488581984081]
NADH_req
[11.53675    13.35834211 15.17993421 17.00152632 18.82311842 20.64471053
 22.46630263 24.28789474 26.10948684 27.93107895 29.75267105 31.57426316
 33.39585526 35.21744737 37.03903947 38.86063158 40.68222368 42.50381579
 44.32540789 46.147     ]
[0.0010208748987566801, 0.001039839278924718, 0.0010574999756176738, 0.0010740128834488382, 0.0010895059839584938, 0.001104086072616897, 0.0011178429550443077, 0.0011308530406432175, 0.0011431819641273125, 0.0011548866001828983, 0.0011660166760407006, 0.001176616030866743, 0.0011867233375363363, 0.0011963731204271907, 0.0012055972266671751, 0.0012144229143557618, 0.0012228759068495935, 0.001230979308240877, 0.0012387542919292747, 0.001246220278147145]
NDHII
[15.4153     17.84929474 20.28328947 22.71728421 25.15127895 27.58527368
 30.01926842 32.45326316 34.88725789 37.32125263 39.75524737 42.18924211
 44.62323684 47.05723158 49.49122632 51.92522105 54.35921579 56.79321053
 59.22720526 61.6612    ]
[0.0012572140778371065, 0.0012291791777785483, 0.0012042933597005531, 0.0011820412053766924, 0.0011620178559237698, 0.0011438996707549172, 0.0011274242892976723, 0.0011123762428293142, 0.0010985767752053068, 0.001085876005929728, 0.0010741475990341891, 0.0010632836803546254, 0.0010531921134116703, 0.0010437933296689546, 0.0010350184013067306, 0.001026807242738033, 0.0010191073665492016, 0.0010118724110773558, 0.0010050616353931422, 0.0009986388712133448]
PCK
[ 4.043885    4.68239316  5.32090132  5.95940947  6.59791763  7.23642579
  7.87493395  8.51344211  9.15195026  9.79045842 10.42896658 11.06747474
 11.70598289 12.34449105 12.98299921 13.62150737 14.26001553 14.89852368
 15.53703184 16.17554   ]
[0.0011850859641261353, 0.001169795107443799, 0.0011573322055478572, 0.0011469720558327605, 0.001138219757801771, 0.0011307253228579547, 0.0011242342092477892, 0.0011185564855583842, 0.0011135475442981312, 0.0011090953091925234, 0.0011051114776487782, 0.0011015255800627757, 0.0010982806239111245, 0.0010953300723834782, 0.001092635474896633, 0.001090164837459386, 0.0010878912690783862, 0.0010857920682230062, 0.0010838478660227492, 0.0010820420814120068]
PDH
[ 480.853       556.77715789  632.70131579  708.62547368  784.54963158
  860.47378947  936.39794737 1012.32210526 1088.24626316 1164.17042105
 1240.09457895 1316.01873684 1391.94289474 1467.86705263 1543.79121053
 1619.71536842 1695.63952632 1771.56368421 1847.48784211 1923.412     ]
[0.0011554421005858827, 0.0011480370277818818, 0.0011419054903374364, 0.0011366023375116356, 0.0011318710332052363, 0.001127551949591, 0.001123540734217577, 0.001119766694242533, 0.0011161797823199917, 0.001112744214665459, 0.0011094324354273828, 0.0011062238396916926, 0.0011031034681399754, 0.0011000585640078772, 0.0010970792464240417, 0.0010941575810557208, 0.0010912870593845552, 0.0010884622910968338, 0.0010856788532663643, 0.0010829329952949244]
PFK
[0.0926265  0.10725174 0.12187697 0.13650221 0.15112745 0.16575268
 0.18037792 0.19500316 0.20962839 0.22425363 0.23887887 0.25350411
 0.26812934 0.28275458 0.29737982 0.31200505 0.32663029 0.34125553
 0.35588076 0.370506  ]
[0.001107352027916223, 0.0011187181848509975, 0.0011233881552683849, 0.0011250183218937024, 0.0011250606580827686, 0.001124201903074279, 0.0011228054374748796, 0.0011210790361837002, 0.0011191483856166904, 0.0011170927780683132, 0.001114963983659158, 0.0011127961364336446, 0.0011106130621390616, 0.0011084305751988652, 0.0011062599430858467, 0.0011041088441884805, 0.001101982486056953, 0.0010998849351829079, 0.0010978174035567937, 0.001095782559993921]
PGI
[1.16228    1.34579789 1.52931579 1.71283368 1.89635158 2.07986947
 2.26338737 2.44690526 2.63042316 2.81394105 2.99745895 3.18097684
 3.36449474 3.54801263 3.73153053 3.91504842 4.09856632 4.28208421
 4.46560211 4.64912   ]
[0.0010407788494041855, 0.0010635353448121337, 0.001080581086043844, 0.0010938092443890097, 0.0011043641134720805, 0.001112976659243516, 0.0011201347758198203, 0.0011261763742647193, 0.0011313425657176644, 0.001135809973050888, 0.0011397108494117184, 0.001143146170961303, 0.001146194324239901, 0.0011489170340517978, 0.00115136367232151, 0.0011535741140728836, 0.001155580852931488, 0.0011574107869999333, 0.0011590862370397066, 0.001160625995026404]
PGK
[ 8.05445     9.32620526 10.59796053 11.86971579 13.14147105 14.41322632
 15.68498158 16.95673684 18.22849211 19.50024737 20.77200263 22.04375789
 23.31551316 24.58726842 25.85902368 27.13077895 28.40253421 29.67428947
 30.94604474 32.2178    ]
[0.0011222676104184095, 0.0011222652257162262, 0.001122263482231135, 0.001122262079048292, 0.0011222610322157323, 0.0011222601417914008, 0.0011222593760328227, 0.0011222587828702572, 0.001122258250028536, 0.001122257777460763, 0.001122257386088665, 0.0011222570891540236, 0.0011222567117867097, 0.0011222564006089619, 0.0011222561787290247, 0.0011222559805070672, 0.0011222557445940092, 0.001122255446307946, 0.0011222553471994206, 0.0011222551883484564]
PGL
[ 5.79835     6.71387895  7.62940789  8.54493684  9.46046579 10.37599474
 11.29152368 12.20705263 13.12258158 14.03811053 14.95363947 15.86916842
 16.78469737 17.70022632 18.61575526 19.53128421 20.44681316 21.36234211
 22.27787105 23.1934    ]
[0.0011221802642689775, 0.0011222018777207667, 0.0011222182498317088, 0.0011222310961256005, 0.0011222414378823113, 0.0011222499586407133, 0.0011222570439676364, 0.001122263094423885, 0.0011222683012240295, 0.0011222728481007245, 0.001122276787298517, 0.001122280290518467, 0.0011222834104387428, 0.0011222862161391844, 0.0011222887238572907, 0.0011222910079116866, 0.0011222930814440205, 0.0011222949857499069, 0.0011222966895658775, 0.001122298333821739]
PIT
[ 3.573       4.13715789  4.70131579  5.26547368  5.82963158  6.39378947
  6.95794737  7.52210526  8.08626316  8.65042105  9.21457895  9.77873684
 10.34289474 10.90705263 11.47121053 12.03536842 12.59952632 13.16368421
 13.72784211 14.292     ]
[0.001119425458037739, 0.001120195939006068, 0.0011207826840169302, 0.0011212443355945794, 0.001121617163257024, 0.0011219245149042309, 0.001122182325902008, 0.0011224015001782552, 0.0011225902858156517, 0.0011227545758339327, 0.0011228987639922293, 0.001123026388045955, 0.0011231401274892808, 0.0011232421507798966, 0.0011233341671162513, 0.0011234175779659943, 0.0011234935412937543, 0.0011235630105512523, 0.0011236268098416742, 0.0011236855328081493]
PPC
[10.7195     12.41205263 14.10460526 15.79715789 17.48971053 19.18226316
 20.87481579 22.56736842 24.25992105 25.95247368 27.64502632 29.33757895
 31.03013158 32.72268421 34.41523684 36.10778947 37.80034211 39.49289474
 41.18544737 42.878     ]
[0.0010760945532735532, 0.0010846833854900085, 0.0010927248176369633, 0.0011002644218926516, 0.0011073425933775468, 0.0011139953877034045, 0.0011202549568461579, 0.001126150240014899, 0.0011317072754982158, 0.001136949697351599, 0.001141898813621657, 0.0011465740647620688, 0.001150993121453714, 0.0011551721988084355, 0.0011591263100671396, 0.001162868789131357, 0.0011664124280477259, 0.0011697686569798688, 0.0011729481788288782, 0.0011759609018568984]
PPS
[0.0081886  0.00948154 0.01077447 0.01206741 0.01336035 0.01465328
 0.01594622 0.01723916 0.01853209 0.01982503 0.02111797 0.02241091
 0.02370384 0.02499678 0.02628972 0.02758265 0.02887559 0.03016853
 0.03146146 0.0327544 ]
[0.0011222474737257661, 0.0011222493086299077, 0.0011222511784139877, 0.0011222530263955907, 0.0011222548715058036, 0.0011222567432711233, 0.0011222586003505942, 0.0011222604186755455, 0.0011222622673417349, 0.0011222642486498782, 0.0011222659632734683, 0.0011222678096194764, 0.0011222696602958195, 0.0011222715257644556, 0.0011222733331841452, 0.0011222751984346269, 0.001122277049028452, 0.0011222788974725184, 0.0011222807280290403, 0.001122282552814958]
PTA
[1.35       1.56315789 1.77631579 1.98947368 2.20263158 2.41578947
 2.62894737 2.84210526 3.05526316 3.26842105 3.48157895 3.69473684
 3.90789474 4.12105263 4.33421053 4.54736842 4.76052632 4.97368421
 5.18684211 5.4       ]
[0.0011222967844835166, 0.001122287132385921, 0.001122279538073782, 0.0011222733629531656, 0.001122268251691266, 0.0011222639543063636, 0.0011222602618384142, 0.0011222571298086703, 0.0011222543702966872, 0.0011222519483459535, 0.0011222498985815367, 0.0011222478762802027, 0.0011222461680185868, 0.0011222445379072614, 0.00112224322564113, 0.001122241916091657, 0.00112224074845203, 0.001122239668685999, 0.0011222386715152221, 0.001122237748112072]
PYK
[0.37358    0.43256632 0.49155263 0.55053895 0.60952526 0.66851158
 0.72749789 0.78648421 0.84547053 0.90445684 0.96344316 1.02242947
 1.08141579 1.14040211 1.19938842 1.25837474 1.31736105 1.37634737
 1.43533368 1.49432   ]
[0.0015676174178565231, 0.001452233719369778, 0.0013629876869416945, 0.0012909481338788257, 0.0012310021738442727, 0.0011799701599854002, 0.0011357503450092465, 0.0010968867974059057, 0.001062332489440654, 0.0010313112932694706, 0.0010032332630315586, 0.0009776402768572384, 0.0009541700716839613, 0.000932531616844598, 0.0009124882015117989, 0.0008938441616169699, 0.0008764369951729016, 0.0008601296047426037, 0.0008448059030990939, 0.00083036654050299]
RPE
[ 3.000515    3.47428053  3.94804605  4.42181158  4.89557711  5.36934263
  5.84310816  6.31687368  6.79063921  7.26440474  7.73817026  8.21193579
  8.68570132  9.15946684  9.63323237 10.10699789 10.58076342 11.05452895
 11.52829447 12.00206   ]
[0.0011300613833997795, 0.0011279376317282065, 0.0011263214490356767, 0.0011250504116596229, 0.0011240245611232207, 0.0011231792511472028, 0.001122470625608736, 0.0011218679974625712, 0.0011213492895125877, 0.0011208980946469437, 0.0011205020529840247, 0.0011201515737736872, 0.001119839277040171, 0.0011195592386394574, 0.0011193066896244225, 0.0011190777694453978, 0.001118869361713024, 0.0011186787638051302, 0.001118503706642701, 0.0011183426599768375]
RPI
[ 4.          4.63157895  5.26315789  5.89473684  6.52631579  7.15789474
  7.78947368  8.42105263  9.05263158  9.68421053 10.31578947 10.94736842
 11.57894737 12.21052632 12.84210526 13.47368421 14.10526316 14.73684211
 15.36842105 16.        ]
[0.0011117584100708486, 0.0011146233067195854, 0.0011168001286636052, 0.0011185102136455865, 0.0011198889961824862, 0.0011210243749452367, 0.001121975531350982, 0.0011227839023188438, 0.0011234794932001653, 0.0011240847229122802, 0.0011246149514035145, 0.0011250843913533314, 0.0011255025786859397, 0.00112587756658457, 0.0011262155391245613, 0.0011265218683381634, 0.001126800784992913, 0.0011270557291942402, 0.0011272897421239572, 0.001127505272143344]
SDH
[0.78092    0.90422316 1.02752632 1.15082947 1.27413263 1.39743579
 1.52073895 1.64404211 1.76734526 1.89064842 2.01395158 2.13725474
 2.26055789 2.38386105 2.50716421 2.63046737 2.75377053 2.87707368
 3.00037684 3.12368   ]
[0.0011380708501001172, 0.0011336946297078872, 0.0011304010956878444, 0.0011278327185763903, 0.0011257737458714855, 0.0011240862994718191, 0.0011226781622947104, 0.0011214852584152057, 0.0011204618325734638, 0.0011195740505288842, 0.001118796690438699, 0.001118110338113052, 0.001117499908874612, 0.0011169534750238017, 0.0011164614810914592, 0.0011160160539003417, 0.001115611072226537, 0.001115241337694087, 0.0011149019065037028, 0.0011145897508114634]
SK
[ 38.40815     44.47259474  50.53703947  56.60148421  62.66592895
  68.73037368  74.79481842  80.85926316  86.92370789  92.98815263
  99.05259737 105.11704211 111.18148684 117.24593158 123.31037632
 129.37482105 135.43926579 141.50371053 147.56815526 153.6326    ]
[0.001122260901583156, 0.0011222604353470541, 0.0011222600780354155, 0.00112225979897877, 0.0011222596017815122, 0.0011222593884059725, 0.001122259230082534, 0.0011222590985084369, 0.0011222589873690848, 0.0011222590936945085, 0.001122258817860257, 0.0011222587254089518, 0.0011222586491210795, 0.001122258618429717, 0.0011222585521508583, 0.0011222584920635632, 0.0011222584582131821, 0.0011222583828804954, 0.0011222582959910612, 0.0011222583289316277]
SQR
[1.708085   1.97778263 2.24748026 2.51717789 2.78687553 3.05657316
 3.32627079 3.59596842 3.86566605 4.13536368 4.40506132 4.67475895
 4.94445658 5.21415421 5.48385184 5.75354947 6.02324711 6.29294474
 6.56264237 6.83234   ]
[0.0011224460884266313, 0.001122394059928548, 0.001122355051070211, 0.0011223247413916027, 0.0011223004651187132, 0.0011222806299755446, 0.0011222641000162498, 0.0011222501318051657, 0.001122238132331798, 0.0011222277769191635, 0.0011222184522493644, 0.0011222106449290514, 0.0011222035153888904, 0.001122197173219885, 0.0011221913806372687, 0.0011221862138825719, 0.0011221814975954014, 0.0011221771920814942, 0.0011221732426823748, 0.0011221695841619585]
TPI
[12.09215    14.00143684 15.91072368 17.82001053 19.72929737 21.63858421
 23.54787105 25.45715789 27.36644474 29.27573158 31.18501842 33.09430526
 35.00359211 36.91287895 38.82216579 40.73145263 42.64073947 44.55002632
 46.45931316 48.3686    ]
[0.0011214975652479922, 0.0011217065013319357, 0.0011218646638975096, 0.00112198861702472, 0.0011220882687365374, 0.001122170211558477, 0.0011222387622111525, 0.001122296950306991, 0.0011223469632541296, 0.0011223903603043168, 0.0011224285027743865, 0.0011224622167382721, 0.0011224921563969354, 0.001122518995866915, 0.0011225432229046237, 0.001122565154512848, 0.0011225851560030208, 0.0011226033477655293, 0.0011226200777886262, 0.0011226354806389493]
XCH_ACE1
[ 50.          57.89473684  65.78947368  73.68421053  81.57894737
  89.47368421  97.36842105 105.26315789 113.15789474 121.05263158
 128.94736842 136.84210526 144.73684211 152.63157895 160.52631579
 168.42105263 176.31578947 184.21052632 192.10526316 200.        ]
[0.001122259245411109, 0.0011222592357874074, 0.0011222592218660956, 0.0011222592144207284, 0.0011222592241694074, 0.0011222594055919316, 0.0011222591608653473, 0.00112225917882546, 0.0011222591462441659, 0.0011222591698714548, 0.0011222591615267005, 0.0011222591520199145, 0.0011222591551634231, 0.0011222591507645016, 0.0011222591478569565, 0.0011222591418720692, 0.0011222590959097465, 0.0011222591343161962, 0.001122259133992865, 0.0011222591307065038]
XCH_ACE2
[ 50.          57.89473684  65.78947368  73.68421053  81.57894737
  89.47368421  97.36842105 105.26315789 113.15789474 121.05263158
 128.94736842 136.84210526 144.73684211 152.63157895 160.52631579
 168.42105263 176.31578947 184.21052632 192.10526316 200.        ]
[0.001122259219269928, 0.0011222592369935925, 0.0011222589940238351, 0.0011222592151401822, 0.00112225921886438, 0.0011222592005010676, 0.0011222591822529604, 0.0011222591790974212, 0.0011222591750942959, 0.001122259168062444, 0.001122259163329707, 0.0011222591524177369, 0.001122259152587422, 0.001122259156135869, 0.001122259156270002, 0.0011222591429104801, 0.0011222591356230282, 0.0011222590140114981, 0.001122259134056488, 0.0011222591289169036]
XCH_GLC
[ 50.          57.89473684  65.78947368  73.68421053  81.57894737
  89.47368421  97.36842105 105.26315789 113.15789474 121.05263158
 128.94736842 136.84210526 144.73684211 152.63157895 160.52631579
 168.42105263 176.31578947 184.21052632 192.10526316 200.        ]
[0.0011207050150719862, 0.0011211326063462407, 0.001121456170176763, 0.0011217091501560166, 0.0011219123243504856, 0.001122078848637259, 0.0011222178611126345, 0.0011223354878014502, 0.00112243629965574, 0.0011225235683898864, 0.0011225999366615063, 0.0011226672012920782, 0.0011227269074730803, 0.001122780341149994, 0.0011228282049347564, 0.0011228715070254296, 0.001122910808391232, 0.0011229466532328976, 0.001122979496662762, 0.0011230096108741487]
XCH_P
[ 50.          57.89473684  65.78947368  73.68421053  81.57894737
  89.47368421  97.36842105 105.26315789 113.15789474 121.05263158
 128.94736842 136.84210526 144.73684211 152.63157895 160.52631579
 168.42105263 176.31578947 184.21052632 192.10526316 200.        ]
[0.0011222590971465699, 0.0011222591779685373, 0.0011222591508125762, 0.001122259135231052, 0.0011222591702584588, 0.001122259178523217, 0.0011222591847943214, 0.0011222591858740486, 0.001122259157861719, 0.0011222591743641696, 0.0011222591970899945, 0.001122259208581132, 0.0011222592154130574, 0.0011222592087384129, 0.001122259210653395, 0.0011222593497182336, 0.001122259215875136, 0.0011222591910450969, 0.001122259219527626, 0.0011222592460618838]
ZWF
[0.1329     0.15388421 0.17486842 0.19585263 0.21683684 0.23782105
 0.25880526 0.27978947 0.30077368 0.32175789 0.34274211 0.36372632
 0.38471053 0.40569474 0.42667895 0.44766316 0.46864737 0.48963158
 0.51061579 0.5316    ]
[0.0012519904354344065, 0.0012295169572867366, 0.0012078363339690214, 0.0011869163133776772, 0.0011667242314218698, 0.0011472275705600946, 0.0011283946661110745, 0.0011101947836163611, 0.0010925983937833175, 0.0010755773620247811, 0.0010591047604526036, 0.0010431551051436002, 0.001027704244060324, 0.0010127292889703207, 0.0009982085858965836, 0.0009841217916139388, 0.0009704495019151618, 0.0009571734894006276, 0.0009442766217352754, 0.0009317425370014139]
