GLT vs ATP_MAINTENANCE
X [ 5.70584     7.47661793  9.24739586 11.01817379 12.78895172 14.55972966
 16.33050759 18.10128552 19.87206345 21.64284138 23.41361931 25.18439724
 26.95517517 28.7259531  30.49673103 32.26750897 34.0382869  35.80906483
 37.57984276 39.35062069 41.12139862 42.89217655 44.66295448 46.43373241
 48.20451034 49.97528828 51.74606621 53.51684414 55.28762207 57.0584    ]
Y [0.260332   0.26482048 0.26930897 0.27379745 0.27828593 0.28277441
 0.2872629  0.29175138 0.29623986 0.30072834 0.30521683 0.30970531
 0.31419379 0.31868228 0.32317076 0.32765924 0.33214772 0.33663621
 0.34112469 0.34561317 0.35010166 0.35459014 0.35907862 0.3635671
 0.36805559 0.37254407 0.37703255 0.38152103 0.38600952 0.390498  ]
[[1.61899117e-03 1.60288198e-03 1.97488781e-03 2.72383048e-03
  1.24746986e-03 1.23854339e-03 1.98796912e-03 9.33763324e-10
  1.57869704e-03 1.86139915e-10 2.18421991e-10 1.40965365e-03
  1.26886531e-03 1.26878298e-03 1.26101460e-03 1.24599170e-03
  1.22408048e-03 1.19570263e-03 1.16139493e-03 1.12183173e-03
  1.07785345e-03 1.03042936e-03 9.80615158e-04 9.29460058e-04
  8.77931459e-04 8.26850551e-04 7.76833651e-04 7.28318027e-04
  6.81570337e-04 6.36726235e-04]
 [2.04557594e-03 1.92017282e-03 2.36285021e-03 3.20975352e-03
  8.37706117e-10 9.63911973e-11 9.02866476e-10 2.45620332e-03
  2.18669331e-10 6.74232417e-05 2.26878441e-03 1.06423051e-04
  1.65640207e-03 1.65678721e-03 1.64750163e-03 1.62893273e-03
  1.60160554e-03 1.56607650e-03 1.52302081e-03 1.47329493e-03
  1.41793268e-03 1.35811508e-03 1.29516100e-03 1.23032943e-03
  1.16482400e-03 1.09966767e-03 1.03564302e-03 9.73323870e-04
  9.13069279e-04 8.55091241e-04]
 [2.47688226e-03 2.09897001e-03 2.40585932e-03 3.39892192e-03
  7.19882057e-11 2.67781950e-03 1.01163758e-04 1.17232529e-03
  2.30536903e-10 3.79941839e-10 3.50291244e-10 1.26964720e-03
  2.04047479e-03 2.04173071e-03 2.03115128e-03 2.00938816e-03
  1.97711312e-03 1.93500796e-03 1.88390359e-03 1.82480947e-03
  1.75894140e-03 1.68768894e-03 1.61253840e-03 1.53498829e-03
  1.45642995e-03 1.37804814e-03 1.30079242e-03 1.22536880e-03
  1.15220199e-03 1.08157986e-03]
 [2.80666267e-03 5.40927955e-03 3.42347260e-03 3.36563963e-03
  4.62659542e-03 2.84290511e-03 1.67490853e-10 2.00756217e-03
  2.29317030e-10 4.56102893e-03 4.32253600e-03 3.54548305e-03
  2.42128107e-03 2.42343615e-03 2.41168494e-03 2.38702380e-03
  2.35018065e-03 2.30198912e-03 2.24342869e-03 2.17566383e-03
  2.10007179e-03 2.01822037e-03 1.93177083e-03 1.84241051e-03
  1.75167652e-03 1.66091923e-03 1.57122836e-03 1.48338133e-03
  1.39794010e-03 1.31521905e-03]
 [3.54280852e-03 4.58565634e-11 1.71306728e-07 4.53135538e-03
  5.17793723e-03 1.68149691e-09 1.83329079e-09 5.66187369e-03
  3.68483578e-10 2.54385582e-03 1.09286626e-03 1.31024604e-05
  2.79874807e-03 2.80163187e-03 2.78892373e-03 2.76154673e-03
  2.72043092e-03 2.66656086e-03 2.60105254e-03 2.52521910e-03
  2.44060328e-03 2.34893393e-03 2.25199888e-03 2.15165271e-03
  2.04958453e-03 1.94727394e-03 1.84591574e-03 1.74637195e-03
  1.64930339e-03 1.55508266e-03]
 [4.86519855e-10 3.23373235e-10 1.78030680e-10 1.43993575e-10
  5.25234623e-03 5.49821306e-03 2.37336067e-08 2.22233633e-09
  3.57142621e-10 6.14557515e-03 4.65839312e-10 4.54235188e-03
  3.17246221e-03 3.17627160e-03 3.16266191e-03 3.13269366e-03
  3.08754151e-03 3.02832024e-03 2.95629267e-03 2.87292469e-03
  2.77989878e-03 2.67906199e-03 2.57241053e-03 2.46186615e-03
  2.34926743e-03 2.23618366e-03 2.12390134e-03 2.01340004e-03
  1.90535916e-03 1.80024715e-03]
 [8.68141008e-10 4.61589552e-10 1.62753614e-10 3.34836542e-10
  4.95877221e-03 3.58990249e-03 2.78395687e-10 2.24443500e-09
  5.24560024e-03 5.80790119e-03 1.47434667e-03 3.03550869e-03
  3.54274469e-03 3.54729908e-03 3.53267813e-03 3.50023748e-03
  3.45121671e-03 3.38691184e-03 3.30873088e-03 3.21827821e-03
  3.11738451e-03 3.00804054e-03 2.89233716e-03 2.77231728e-03
  2.64992277e-03 2.52681516e-03 2.40435138e-03 2.28357604e-03
  2.16524796e-03 2.04985465e-03]
 [1.07086097e-09 1.23637448e-10 2.46000762e-10 2.63132269e-10
  2.23227588e-10 5.28624689e-03 2.14380774e-10 2.15512267e-03
  6.05958349e-03 7.74829245e-03 1.99696572e-03 5.80876806e-09
  3.91014946e-03 3.91452797e-03 3.89887826e-03 3.86395901e-03
  3.81118802e-03 3.74201007e-03 3.65798221e-03 3.56085076e-03
  3.45256795e-03 3.33526570e-03 3.21113550e-03 3.08232342e-03
  2.95082431e-03 2.81840539e-03 2.68646388e-03 2.55611221e-03
  2.42813907e-03 2.30308198e-03]
 [1.21928676e-09 4.29413182e-11 4.34942168e-04 7.45883795e-04
  2.64303590e-10 1.36880418e-09 2.46564353e-03 2.37660799e-10
  3.67867781e-09 2.80094842e-03 4.46178423e-03 2.77095901e-03
  4.27100304e-03 4.27793567e-03 4.26108752e-03 4.22366858e-03
  4.16722242e-03 4.09333530e-03 4.00370792e-03 3.90024570e-03
  3.78500485e-03 3.66025482e-03 3.52826644e-03 3.39127181e-03
  3.25134065e-03 3.11027777e-03 2.96951708e-03 2.83025346e-03
  2.69328114e-03 2.55917650e-03]
 [1.34651855e-09 6.70575265e-11 1.04672892e-02 2.72090136e-03
  2.28084878e-10 2.46970027e-09 2.65269208e-09 5.40426389e-03
  3.73303283e-09 4.84271842e-09 8.83830033e-03 7.10183104e-03
  4.63328065e-03 4.63723011e-03 4.61920193e-03 4.57917170e-03
  4.51909016e-03 4.44061581e-03 4.34561211e-03 4.23610298e-03
  4.11430998e-03 3.98255975e-03 3.84322575e-03 3.69863529e-03
  3.55087203e-03 3.40178244e-03 3.25287664e-03 3.10531136e-03
  2.95996476e-03 2.81740587e-03]
 [7.76746346e-09 1.43531390e-10 2.02471913e-09 9.06869531e-03
  1.81982338e-03 5.14332342e-04 3.38906263e-10 4.29298336e-10
  3.25930459e-03 4.75840495e-03 9.25318311e-03 9.41749481e-10
  4.97802828e-03 4.99267161e-03 4.97300973e-03 4.93035989e-03
  4.86661484e-03 4.78363043e-03 4.68341976e-03 4.56814382e-03
  4.44011863e-03 4.30179831e-03 4.15561992e-03 4.00393526e-03
  3.84890857e-03 3.69240234e-03 3.53593555e-03 3.38069749e-03
  3.22757064e-03 3.07714209e-03]
 [1.50234445e-03 1.19956753e-02 3.30014107e-03 5.39940529e-09
  3.91959926e-03 6.99465580e-03 1.13741975e-02 4.27780205e-09
  1.12142550e-02 6.32183129e-09 3.26264882e-03 5.69650636e-03
  5.34979959e-03 5.34377337e-03 5.32239065e-03 5.27703148e-03
  5.20960279e-03 5.12217762e-03 5.01689489e-03 4.89606844e-03
  4.76212836e-03 4.61761240e-03 4.46502252e-03 4.30676200e-03
  4.14499991e-03 3.98162867e-03 3.81816931e-03 3.65582814e-03
  3.49549937e-03 3.33777354e-03]
 [2.90845957e-03 3.89964292e-03 4.30714509e-03 2.36230501e-03
  2.78695880e-09 1.00460763e-09 4.20804380e-09 4.07974344e-09
  6.85550314e-09 5.40181763e-04 9.35279480e-10 9.24665745e-09
  5.74817881e-03 5.69028092e-03 5.66733172e-03 5.61905739e-03
  5.54788722e-03 5.45603869e-03 5.34582254e-03 5.21965204e-03
  5.08007805e-03 4.92971091e-03 4.77111103e-03 4.60672812e-03
  4.43873674e-03 4.26901896e-03 4.09911758e-03 3.93023744e-03
  3.76324037e-03 3.59875677e-03]
 [3.70760528e-03 6.38923992e-03 4.81732858e-03 2.58620242e-03
  1.07563592e-03 2.74752552e-10 2.16805057e-09 3.65383600e-09
  1.36861949e-06 8.05028315e-10 5.12024319e-03 1.22334112e-02
  1.12341491e-08 6.03284009e-03 6.00765194e-03 5.95631057e-03
  5.88131454e-03 5.78507466e-03 5.67000656e-03 5.53867221e-03
  5.39371978e-03 5.23783019e-03 5.07360004e-03 4.90351252e-03
  4.72976556e-03 4.55420087e-03 4.37837015e-03 4.20345766e-03
  4.03032513e-03 3.85959230e-03]
 [4.44696624e-03 7.73815750e-03 5.04120254e-03 1.08165990e-03
  2.65024610e-03 1.17467066e-02 3.52803556e-09 4.42846611e-09
  6.58670164e-09 8.58274313e-03 4.39512244e-10 8.04276180e-03
  5.57311475e-03 6.37137125e-03 6.34337013e-03 6.28865034e-03
  6.20976271e-03 6.10910780e-03 5.98927915e-03 5.85294843e-03
  5.70285945e-03 5.54173133e-03 5.37224553e-03 5.19686258e-03
  5.01778007e-03 4.83683362e-03 4.65553828e-03 4.47508522e-03
  4.29630949e-03 4.11983236e-03]
 [5.16155546e-03 8.88515260e-03 5.13286460e-03 3.40805986e-09
  1.38925453e-03 4.36261355e-03 4.83233893e-09 5.45052328e-09
  7.48132935e-04 6.42213808e-03 1.28175961e-02 3.79534717e-03
  9.90715796e-03 6.70467998e-03 6.67422692e-03 6.61598450e-03
  6.53309065e-03 6.42801239e-03 6.30348542e-03 6.16230773e-03
  6.00728090e-03 5.84122030e-03 5.66679314e-03 5.48650539e-03
  5.30248456e-03 5.11658277e-03 4.93031817e-03 4.74474829e-03
  4.56082266e-03 4.37907800e-03]
 [5.86292152e-03 1.00004123e-02 5.07581135e-03 3.14909067e-09
  4.06901110e-09 4.26783156e-03 7.26628419e-04 5.21685680e-09
  7.16871294e-03 8.98493045e-10 9.22417798e-09 7.77192215e-03
  1.22141224e-02 7.03339115e-03 6.99980671e-03 6.93826621e-03
  6.85115617e-03 6.74164129e-03 6.61250204e-03 6.46659608e-03
  6.30685878e-03 6.13613071e-03 5.95708659e-03 5.77221467e-03
  5.58366355e-03 5.39324312e-03 5.20237728e-03 5.01218606e-03
  4.82352410e-03 4.63696471e-03]
 [6.55786351e-03 1.11578602e-02 4.62636149e-03 1.10616831e-02
  9.56934394e-03 4.57565326e-03 5.85141381e-10 8.55370708e-03
  7.89599307e-03 5.47513657e-03 1.14472279e-09 1.27004211e-02
  1.72311526e-09 7.35732666e-03 7.32054535e-03 7.25510419e-03
  7.16388999e-03 7.04991459e-03 6.91619111e-03 6.76571358e-03
  6.60145212e-03 6.42630141e-03 6.24293534e-03 6.05385331e-03
  5.86112137e-03 5.66655160e-03 5.47150152e-03 5.27710086e-03
  5.08414430e-03 4.89315775e-03]
 [7.25185333e-03 1.24127829e-02 8.59987404e-04 1.42251432e-02
  1.29146564e-02 1.29811478e-08 8.32693332e-03 6.68868173e-09
  9.03449160e-03 6.14967255e-03 1.23268370e-09 1.01580210e-02
  9.05910096e-10 7.67664774e-03 7.63632368e-03 7.56675693e-03
  7.47114759e-03 7.35268475e-03 7.21446457e-03 7.05953686e-03
  6.89095360e-03 6.71162615e-03 6.52425233e-03 6.33122930e-03
  6.13468117e-03 5.93631617e-03 5.73752953e-03 5.53926450e-03
  5.34237592e-03 5.14735711e-03]
 [7.94818622e-03 1.38219727e-02 2.83294705e-09 1.68787999e-02
  1.45185377e-02 1.33650990e-02 6.39783894e-03 6.62061122e-09
  1.02209157e-02 6.35642168e-03 6.08421636e-03 1.43264381e-09
  1.52593542e-02 7.99068207e-03 7.94686070e-03 7.87290231e-03
  7.77287458e-03 7.64989751e-03 7.50722419e-03 7.34798053e-03
  7.17526932e-03 6.99198065e-03 6.80085589e-03 6.60425965e-03
  6.40420014e-03 6.20238232e-03 6.00011560e-03 5.79842589e-03
  5.59802416e-03 5.39936908e-03]
 [8.65128126e-03 1.54654117e-02 1.72052971e-02 1.90046312e-02
  1.54742631e-02 1.57732036e-02 7.30738108e-03 1.09563847e-02
  6.50281447e-03 5.72645489e-03 7.28917466e-03 1.04185132e-02
  5.27456537e-03 8.30020548e-03 8.25164859e-03 8.17349637e-03
  8.06895698e-03 7.94148297e-03 7.79441282e-03 7.63096479e-03
  7.45430489e-03 7.26732416e-03 7.07272120e-03 6.87279221e-03
  6.66957772e-03 6.46464399e-03 6.25928047e-03 6.05445235e-03
  5.85078557e-03 5.64892874e-03]
 [9.36183515e-03 1.74481908e-02 7.11561299e-03 2.05856985e-02
  1.59919820e-02 1.71093575e-02 1.56847997e-02 1.19399190e-02
  9.96953508e-03 4.80228847e-03 7.87746915e-03 1.48457973e-02
  9.42961701e-03 8.60460518e-03 8.55145036e-03 8.46850995e-03
  8.35932143e-03 8.22733909e-03 8.07594724e-03 7.90846651e-03
  7.72804328e-03 7.53756599e-03 7.33970750e-03 7.13673153e-03
  6.93067182e-03 6.72293278e-03 6.51477097e-03 6.30715714e-03
  6.10068026e-03 5.89585521e-03]
 [1.00846935e-02 1.98917284e-02 2.62300865e-10 2.18126467e-02
  1.59520913e-02 1.71492541e-02 2.03898507e-02 1.36068421e-02
  1.03002027e-02 9.26765685e-03 1.38733253e-02 1.95182870e-02
  5.69907028e-04 8.90278332e-03 8.84569046e-03 8.75743803e-03
  8.64395855e-03 8.50743271e-03 8.35179935e-03 8.18041615e-03
  7.99641124e-03 7.80267791e-03 7.60186033e-03 7.39616813e-03
  7.18744450e-03 6.97721555e-03 6.76659335e-03 6.55647016e-03
  6.34742534e-03 6.13993004e-03]
 [1.08201351e-02 2.27446572e-02 1.05690493e-10 2.28712745e-02
  1.52544108e-02 1.63650673e-02 2.18780575e-02 1.28789930e-02
  9.67338906e-03 1.06445299e-02 1.95513917e-02 1.75434708e-09
  1.86232753e-08 9.19747744e-03 9.13439725e-03 9.04109388e-03
  8.92272093e-03 8.78172544e-03 8.62195707e-03 8.44678752e-03
  8.25939417e-03 8.06263942e-03 7.85907722e-03 7.65089307e-03
  7.43983979e-03 7.22738142e-03 7.01458429e-03 6.80222589e-03
  6.59092324e-03 6.38109621e-03]
 [1.15731534e-02 2.47041288e-02 2.18117977e-09 2.37650587e-02
  1.15595640e-02 1.30752548e-02 2.23782888e-02 1.21983289e-02
  1.97309633e-02 1.96543441e-02 1.33798989e-02 1.68907449e-08
  7.84126488e-10 9.48544001e-03 9.41658128e-03 9.31903369e-03
  9.19558480e-03 9.05015386e-03 8.88634713e-03 8.70756257e-03
  8.51698033e-03 8.31745066e-03 8.11138335e-03 7.90094559e-03
  7.68783341e-03 7.47338491e-03 7.25865746e-03 7.04436860e-03
  6.83105790e-03 6.61918002e-03]
 [1.23450388e-02 2.09760352e-02 2.92216405e-09 2.43315930e-02
  4.57885683e-09 5.15680121e-09 2.01652829e-02 2.36414671e-03
  6.71312705e-03 2.27705901e-02 1.72769553e-02 1.67462948e-08
  1.50748021e-02 9.78712716e-03 9.69361740e-03 9.59078292e-03
  9.46257326e-03 9.31273744e-03 9.14500413e-03 8.96278967e-03
  8.76920501e-03 8.56707009e-03 8.35876342e-03 8.14632022e-03
  7.93139329e-03 7.71524478e-03 7.49878087e-03 7.28279852e-03
  7.06779647e-03 6.85405271e-03]
 [1.31399542e-02 9.55881496e-03 3.61917456e-09 2.37686948e-02
  6.00422859e-09 6.45524256e-09 6.37325744e-09 1.22069610e-03
  1.92100029e-07 1.08545206e-02 1.75542411e-02 1.21418519e-02
  1.91078534e-02 1.00349420e-02 9.96502996e-03 9.85645519e-03
  9.72352622e-03 9.56944774e-03 9.39790270e-03 9.21241610e-03
  9.01605711e-03 8.81154706e-03 8.60118756e-03 8.38695879e-03
  8.17042946e-03 7.95278408e-03 7.73493677e-03 7.51750458e-03
  7.30099238e-03 7.08570946e-03]
 [1.39618161e-02 1.84652193e-04 4.21577545e-09 2.08654786e-02
  6.69805417e-09 7.19163721e-09 8.40842668e-09 2.89598579e-03
  2.24957340e-02 2.28883787e-02 2.33933218e-02 1.51074171e-02
  1.90645853e-09 1.03145397e-02 1.02301411e-02 1.01166084e-02
  9.97868121e-03 9.82029518e-03 9.64510179e-03 9.45651108e-03
  9.25752717e-03 9.05086468e-03 8.83871409e-03 8.62298123e-03
  8.40508352e-03 8.18616567e-03 7.96708712e-03 7.74843274e-03
  7.53065745e-03 7.31403526e-03]
 [1.48165205e-02 4.68917942e-10 4.71775938e-09 1.14555073e-02
  1.56347646e-05 7.68246558e-09 9.19958365e-09 2.31532037e-02
  1.64106826e-09 1.43003264e-02 2.48633334e-02 8.84561535e-07
  1.99055632e-03 1.07631355e-02 1.04893668e-02 1.03704448e-02
  1.02278079e-02 1.00652738e-02 9.88660183e-03 9.69507809e-03
  9.49367561e-03 9.28510874e-03 9.07135993e-03 8.85428603e-03
  8.63527506e-03 8.41529292e-03 8.19523299e-03 7.97554754e-03
  7.75670496e-03 7.53894908e-03]
 [1.57103017e-02 2.37638764e-10 5.13779809e-09 6.47465853e-09
  3.59648498e-03 8.07027868e-09 9.85785065e-09 4.42930853e-03
  9.79700743e-09 1.22657070e-09 2.56257686e-02 2.30878972e-03
  2.42810792e-08 1.15501146e-02 1.07426143e-02 1.06184288e-02
  1.04709591e-02 1.03044594e-02 1.01224240e-02 9.92819032e-03
  9.72466350e-03 9.51430353e-03 9.29918498e-03 9.08101050e-03
  8.86104599e-03 8.64020131e-03 8.41946235e-03 8.19884388e-03
  7.97913867e-03 7.76043772e-03]]

