ACEA
[0.30519    0.36944053 0.43369105 0.49794158 0.56219211 0.62644263
 0.69069316 0.75494368 0.81919421 0.88344474 0.94769526 1.01194579
 1.07619632 1.14044684 1.20469737 1.26894789 1.33319842 1.39744895
 1.46169947 1.52595   ]
[0.0020012077777015135, 0.0019101795350405905, 0.0018291117241946723, 0.0017562874315044928, 0.0016903830848696698, 0.0016303585794075785, 0.0015753829873717442, 0.0015247829854428182, 0.0014780056903551271, 0.0014345927139094747, 0.0013941596229757173, 0.0013563813735661856, 0.0013209809626636903, 0.0012877204586742175, 0.001256394268618444, 0.0012268235979865586, 0.0011988521028629068, 0.001172342366686695, 0.0011471730353828553, 0.0011232364670326791]
ACEB
[0.0705538  0.08540723 0.10026066 0.11511409 0.12996753 0.14482096
 0.15967439 0.17452782 0.18938125 0.20423468 0.21908812 0.23394155
 0.24879498 0.26364841 0.27850184 0.29335527 0.30820871 0.32306214
 0.33791557 0.352769  ]
[0.0013115200183803567, 0.0012745262148629432, 0.0012473059056991537, 0.0012264309706350976, 0.0012099105072004848, 0.001196508669198111, 0.0011854173190210659, 0.0011760856517878558, 0.00116812515669094, 0.001161254033421726, 0.001155262766711837, 0.0011499923820850729, 0.001145320125538525, 0.0011411493810288193, 0.0011374036322317088, 0.001134020977732364, 0.0011309510335908311, 0.0011281523136280824, 0.0011255904141249501, 0.0011232364670326791]
ACK
[1.446      1.75042105 2.05484211 2.35926316 2.66368421 2.96810526
 3.27252632 3.57694737 3.88136842 4.18578947 4.49021053 4.79463158
 5.09905263 5.40347368 5.70789474 6.01231579 6.31673684 6.62115789
 6.92557895 7.23      ]
[0.0011235913714994878, 0.001123571348627559, 0.0011235514721000077, 0.0011235317433479462, 0.0011235122055544445, 0.0011234928028201101, 0.0011234735574471707, 0.0011234544606855495, 0.001123435513529738, 0.0011234167132515246, 0.0011233980590168524, 0.0011233795490561587, 0.001123361181676159, 0.001123342955044119, 0.0011233248678067993, 0.0011233069182182262, 0.0011232890837201408, 0.0011232714262944293, 0.0011232538809903194, 0.0011232364670326791]
ACN_1
[1.944826   2.35426305 2.76370011 3.17313716 3.58257421 3.99201126
 4.40144832 4.81088537 5.22032242 5.62975947 6.03919653 6.44863358
 6.85807063 7.26750768 7.67694474 8.08638179 8.49581884 8.90525589
 9.31469295 9.72413   ]
[0.0011227957977915125, 0.001122892746860208, 0.0011229605906644493, 0.0011230107083102744, 0.0011230492574801608, 0.0011230798256194172, 0.001123104658596077, 0.0011231252323637786, 0.0011231425558085716, 0.0011231573431215054, 0.0011231701130085439, 0.0011231812518967773, 0.001123191053817299, 0.0011231997455189483, 0.0011232075109532497, 0.001123214476476405, 0.0011232207724398277, 0.0011232264869892896, 0.0011232316971992382, 0.0011232364670326791]
ACN_2
[1.973142   2.38854032 2.80393863 3.21933695 3.63473526 4.05013358
 4.46553189 4.88093021 5.29632853 5.71172684 6.12712516 6.54252347
 6.95792179 7.37332011 7.78871842 8.20411674 8.61951505 9.03491337
 9.45031168 9.86571   ]
[0.0011228689662545238, 0.0011229506629731238, 0.0011230075369487846, 0.0011230494282278198, 0.0011230815479353466, 0.0011231069675348817, 0.0011231275773796573, 0.001123144632703375, 0.0011231589744893852, 0.0011231712149765579, 0.0011231817595773496, 0.0011231909588212319, 0.001123199048527048, 0.0011232062181621928, 0.0011232126161593602, 0.0011232183606554261, 0.0011232235620820803, 0.0011232282526914739, 0.0011232325417215795, 0.0011232364670326791]
ACS
[1.46       1.76736842 2.07473684 2.38210526 2.68947368 2.99684211
 3.30421053 3.61157895 3.91894737 4.22631579 4.53368421 4.84105263
 5.14842105 5.45578947 5.76315789 6.07052632 6.37789474 6.68526316
 6.99263158 7.3       ]
[0.0011232311098284178, 0.0011232322752690266, 0.0011232330947058286, 0.0011232337698016445, 0.0011232341721982135, 0.0011232345451494268, 0.0011232348484560486, 0.0011232351002772112, 0.0011232353122170614, 0.0011232354936952444, 0.0011232356439762068, 0.0011232357871878442, 0.0011232359077298182, 0.0011232360000135739, 0.0011232361101944914, 0.0011232361522981148, 0.0011232362407381366, 0.00112323633309319, 0.0011232364001827688, 0.0011232364670326791]
ATP_MAINTENANCE
[0.260332   0.31513874 0.36994547 0.42475221 0.47955895 0.53436568
 0.58917242 0.64397916 0.69878589 0.75359263 0.80839937 0.86320611
 0.91801284 0.97281958 1.02762632 1.08243305 1.13723979 1.19204653
 1.24685326 1.30166   ]
[0.02121542723255272, 3.1665029925469924e-08, 0.00886649383101756, 0.006169869627449841, 0.003894227991251696, 0.002839129083056354, 0.00242192998156671, 0.0021475886316938996, 0.001940271940358777, 0.0017786120206286346, 0.0016507771329611687, 0.001547959480556714, 0.0014635243515917426, 0.0013927101699638062, 0.0013322032150013396, 0.001279705278879077, 0.0012335957069013344, 0.0011926995563511446, 0.0011561384980489052, 0.0011232364670326791]
ATP_syn
[ 21.7466      26.32483158  30.90306316  35.48129474  40.05952632
  44.63775789  49.21598947  53.79422105  58.37245263  62.95068421
  67.52891579  72.10714737  76.68537895  81.26361053  85.84184211
  90.42007368  94.99830526  99.57653684 104.15476842 108.733     ]
[0.0023002824988897865, 0.0022882647131611178, 0.002175916063256718, 0.002041915563027364, 0.0019177372316475894, 0.0018080744838452863, 0.0017118639335138043, 0.0016274249968493929, 0.001553231062501298, 0.0014879428990141376, 0.0014303731354833081, 0.0013794670713642501, 0.0013342949291337664, 0.001294046012603902, 0.001258021109894398, 0.001225622274367094, 0.0011963416889677848, 0.0011697496040690605, 0.0011454832332730893, 0.0011232364670326791]
CITRA_SYN
[0.8        0.96842105 1.13684211 1.30526316 1.47368421 1.64210526
 1.81052632 1.97894737 2.14736842 2.31578947 2.48421053 2.65263158
 2.82105263 2.98947368 3.15789474 3.32631579 3.49473684 3.66315789
 3.83157895 4.        ]
[0.015393628601258726, 0.013738444152468584, 0.011909291150548727, 0.01014239910426174, 0.008556721985054248, 0.007195055797003742, 0.006056285930516113, 0.005117911867523295, 0.004349925181095389, 0.003722263137736445, 0.0032081525274154366, 0.0027851503055005117, 0.0024350582786751454, 0.0021433831987096165, 0.0018986833153391473, 0.0016919522722674547, 0.0015160957233051292, 0.001365507893399367, 0.0012357388017717405, 0.0011232364670326791]
CYTBO
[1.70809    2.06768789 2.42728579 2.78688368 3.14648158 3.50607947
 3.86567737 4.22527526 4.58487316 4.94447105 5.30406895 5.66366684
 6.02326474 6.38286263 6.74246053 7.10205842 7.46165632 7.82125421
 8.18085211 8.54045   ]
[3.688300011394218e-12, 0.00020308330399455284, 0.0005250009289857634, 0.0009007524691633151, 0.001038170105619512, 0.001094516303751501, 0.001119389316145696, 0.0011306490080867605, 0.0011355386850144425, 0.0011372627650722976, 0.0011373386647858085, 0.0011365271619783147, 0.001135229423524764, 0.0011336668268259447, 0.0011319665808372779, 0.0011302043540618034, 0.0011284264024663648, 0.001126661517440699, 0.001124927796749916, 0.0011232364670326791]
EDA
[0.01550482 0.01876899 0.02203317 0.02529734 0.02856151 0.03182568
 0.03508986 0.03835403 0.0416182  0.04488237 0.04814655 0.05141072
 0.05467489 0.05793906 0.06120324 0.06446741 0.06773158 0.07099575
 0.07425993 0.0775241 ]
[0.0011237099889082533, 0.001123621274491887, 0.0011235471044442156, 0.0011234878535655334, 0.0011234412047023445, 0.001123404386209055, 0.001123375045149617, 0.00112335125764733, 0.0011233317620840174, 0.0011233155440232951, 0.0011233018773572731, 0.0011232901552868633, 0.0011232802024964568, 0.0011232714687066827, 0.0011232638200767034, 0.0011232570643689226, 0.0011232510555521777, 0.0011232456791897812, 0.0011232408417306524, 0.0011232364670326791]
EDD
[0.0222718 0.0269606 0.0316494 0.0363382 0.041027  0.0457158 0.0504046
 0.0550934 0.0597822 0.064471  0.0691598 0.0738486 0.0785374 0.0832262
 0.087915  0.0926038 0.0972926 0.1019814 0.1066702 0.111359 ]
[0.0011241293616584068, 0.0011240877249721443, 0.001124044507653809, 0.0011239999820977262, 0.0011239543894503235, 0.0011239079339319458, 0.0011238607973226556, 0.0011238131371493934, 0.0011237650910580908, 0.0011237167784866231, 0.0011236683040401637, 0.001123619770928673, 0.0011235712219784606, 0.001123522762002646, 0.0011234744393472768, 0.0011234263052652426, 0.001123378404965675, 0.0011233307770287348, 0.001123283454837896, 0.0011232364670326791]
ENO
[ 2.34378     2.83720737  3.33063474  3.82406211  4.31748947  4.81091684
  5.30434421  5.79777158  6.29119895  6.78462632  7.27805368  7.77148105
  8.26490842  8.75833579  9.25176316  9.74519053 10.23861789 10.73204526
 11.22547263 11.7189    ]
[0.0012598479370563309, 0.0012302918539144172, 0.0012095950126952237, 0.001194239236994548, 0.0011823674691560644, 0.0011729013748360884, 0.001165169572714205, 0.0011587311050525783, 0.0011532837994944365, 0.0011486135964856434, 0.0011445640545651099, 0.0011410184494998765, 0.0011378877121725002, 0.0011351026907960686, 0.0011326088576907468, 0.0011303626235982008, 0.0011283287169427609, 0.0011264782845357435, 0.0011247874925056545, 0.0011232364670326791]
FBA
[ 4.33956     5.25315158  6.16674316  7.08033474  7.99392632  8.90751789
  9.82110947 10.73470105 11.64829263 12.56188421 13.47547579 14.38906737
 15.30265895 16.21625053 17.12984211 18.04343368 18.95702526 19.87061684
 20.78420842 21.6978    ]
[0.001107387626838764, 0.001110916602428789, 0.0011133718178705232, 0.001115178389322769, 0.0011165634306833806, 0.0011176590292503806, 0.0011185473830527862, 0.0011192821495928074, 0.0011199000297200097, 0.0011204268493434175, 0.0011208813566102147, 0.0011212774838536294, 0.0011216258002394379, 0.0011219344688863126, 0.0011222098946736768, 0.0011224571733461557, 0.0011226804068607216, 0.0011228829480175557, 0.001123067528400264, 0.0011232364670326791]
FBP
[0.0431166  0.05219378 0.06127096 0.07034814 0.07942532 0.08850249
 0.09757967 0.10665685 0.11573403 0.12481121 0.13388839 0.14296557
 0.15204275 0.16111993 0.17019711 0.17927428 0.18835146 0.19742864
 0.20650582 0.215583  ]
[0.0011232708801686842, 0.0011232690460266947, 0.0011232672582164552, 0.0011232654471610404, 0.0011232636360739695, 0.0011232618258765414, 0.0011232600138714576, 0.0011232582208447698, 0.0011232563915225767, 0.0011232545631250374, 0.001123252769115197, 0.001123250957858927, 0.0011232491465928546, 0.0011232473352238675, 0.0011232455239729136, 0.0011232437095283342, 0.0011232419013029354, 0.0011232400898561355, 0.0011232382787808054, 0.0011232364670326791]
FUMA
[10.66828    12.91423368 15.16018737 17.40614105 19.65209474 21.89804842
 24.14400211 26.38995579 28.63590947 30.88186316 33.12781684 35.37377053
 37.61972421 39.86567789 42.11163158 44.35758526 46.60353895 48.84949263
 51.09544632 53.3414    ]
[0.0011231948751550052, 0.0011232039364917899, 0.0011232103066333994, 0.0011232150259983503, 0.001123218670311893, 0.0011232215632723706, 0.0011232239172375672, 0.0011232258698641573, 0.0011232275158795074, 0.0011232289221108777, 0.0011232301375206676, 0.0011232311984475307, 0.001123232096752557, 0.0011232329612041927, 0.0011232337014818361, 0.0011232343672038416, 0.0011232349677669684, 0.0011232355134348552, 0.0011232360113381467, 0.0011232364670326791]
GDH
[1.733146   2.09801884 2.46289168 2.82776453 3.19263737 3.55751021
 3.92238305 4.28725589 4.65212874 5.01700158 5.38187442 5.74674726
 6.11162011 6.47649295 6.84136579 7.20623863 7.57111147 7.93598432
 8.30085716 8.66573   ]
[0.00017331132544051985, 0.0004370800187109682, 0.0007559588235711394, 0.0010388410372419435, 0.001244846118547876, 0.0013765851843068853, 0.001451079853942144, 0.001485216712276239, 0.001492004062220667, 0.0014806527306902584, 0.0014574875893660305, 0.0014268092298207059, 0.0013915371439700952, 0.001353655188627058, 0.001314511751014684, 0.0012750226300610526, 0.0012358055555366516, 0.001197272658425868, 0.0011596927572678727, 0.0011232364670326791]
GLT
[11.41168    13.81413895 16.21659789 18.61905684 21.02151579 23.42397474
 25.82643368 28.22889263 30.63135158 33.03381053 35.43626947 37.83872842
 40.24118737 42.64364632 45.04610526 47.44856421 49.85102316 52.25348211
 54.65594105 57.0584    ]
[0.00014797667544642334, 0.000183551665449497, 0.00022073399813657532, 0.0002595534312453669, 0.0003000390061876394, 0.0003422189253153125, 0.00038612040188775544, 0.0004317695514899657, 0.00047919123842690475, 0.0005284089346182897, 0.0005794445723244075, 0.0006323183943092863, 0.0006870488027931795, 0.0007436522081957908, 0.0008021428792182742, 0.0008625327948380958, 0.0009248315009560049, 0.0009890459717240877, 0.0010551804787346003, 0.0011232364670326791]
GND
[0.81621    0.98804368 1.15987737 1.33171105 1.50354474 1.67537842
 1.84721211 2.01904579 2.19087947 2.36271316 2.53454684 2.70638053
 2.87821421 3.05004789 3.22188158 3.39371526 3.56554895 3.73738263
 3.90921632 4.08105   ]
[0.0011092401283090449, 0.0011114655918933764, 0.0011132157823044355, 0.0011146360391141356, 0.0011158164164743706, 0.0011168159942048833, 0.0011176753872096502, 0.001118423556502967, 0.0011190817668817357, 0.0011196660466421728, 0.0011201887302312006, 0.0011206594430980116, 0.001121085900821191, 0.0011214742944891535, 0.0011218296892148078, 0.0011221562671771804, 0.0011224575160482583, 0.0011227364111271144, 0.0011229953107683669, 0.0011232364670326791]
GPM
[ 2.19868  2.66156  3.12444  3.58732  4.0502   4.51308  4.97596  5.43884
  5.90172  6.3646   6.82748  7.29036  7.75324  8.21612  8.679    9.14188
  9.60476 10.06764 10.53052 10.9934 ]
[0.001175296475839594, 0.0011630622329240551, 0.0011547894935694679, 0.0011488174793094145, 0.0011443016933090214, 0.0011407664360527246, 0.0011379231968164825, 0.0011355866510024358, 0.0011336322933558703, 0.0011319733731395356, 0.0011305475130278437, 0.0011293087671124353, 0.001128222690340126, 0.0011272625449104002, 0.0011264076596160643, 0.001125641600965964, 0.0011249512435868997, 0.0011243258404717207, 0.0011237566800968548, 0.0011232364670326791]
GROWTH
[1.948274   2.35843695 2.76859989 3.17876284 3.58892579 3.99908874
 4.40925168 4.81941463 5.22957758 5.63974053 6.04990347 6.46006642
 6.87022937 7.28039232 7.69055526 8.10071821 8.51088116 8.92104411
 9.33120705 9.74137   ]
[0.00023812217811162713, 0.00028733031413512533, 0.00033622653576125157, 0.00038481471507274465, 0.00043309867005985665, 0.0004810821267104086, 0.0005287687709816768, 0.0005761622014751855, 0.0006232659204290161, 0.0006700834143335847, 0.0007166181127109051, 0.0007628733361107563, 0.0008088523752085114, 0.0008545584560477682, 0.0008999947481688134, 0.0009451643650007989, 0.000990070378818328, 0.0010347157545405315, 0.0010791034874307692, 0.0011232364670326791]
LPD
[0.01368826 0.01657    0.01945174 0.02233348 0.02521522 0.02809695
 0.03097869 0.03386043 0.03674217 0.03962391 0.04250565 0.04538739
 0.04826913 0.05115087 0.05403261 0.05691434 0.05979608 0.06267782
 0.06555956 0.0684413 ]
[0.006973345314933826, 0.006138310182865879, 0.00540125286325331, 0.004755947372926531, 0.004195669512200313, 0.003712835253618801, 0.003299135530865362, 0.002945949621813129, 0.0026448316499894124, 0.002387916405986778, 0.002168174695440002, 0.001979518513081239, 0.0018167929420595532, 0.001675699612390197, 0.0015526884120839269, 0.0014448424052720895, 0.0013497693429637943, 0.0012655063344520897, 0.0011904392057885444, 0.0011232364670326791]
MAD
[1.328538   1.60823021 1.88792242 2.16761463 2.44730684 2.72699905
 3.00669126 3.28638347 3.56607568 3.84576789 4.12546011 4.40515232
 4.68484453 4.96453674 5.24422895 5.52392116 5.80361337 6.08330558
 6.36299779 6.64269   ]
[0.0012225589426600794, 0.0012174633559771646, 0.0012123536568303462, 0.0012072297485632186, 0.0012020915356433066, 0.0011969389220822968, 0.0011917717800633712, 0.001186590038070402, 0.0011813937172757921, 0.0011761825406416276, 0.0011709564831847545, 0.001165715448390431, 0.0011604593405834948, 0.0011551880637173915, 0.0011499015210211952, 0.001144599616910067, 0.0011392822555618988, 0.0011339493407056089, 0.0011286007764873646, 0.0011232364670326791]
MDH
[1.222984   1.48045432 1.73792463 1.99539495 2.25286526 2.51033558
 2.76780589 3.02527621 3.28274653 3.54021684 3.79768716 4.05515747
 4.31262779 4.57009811 4.82756842 5.08503874 5.34250905 5.59997937
 5.85744968 6.11492   ]
[0.0012669063057025533, 0.00126110917343346, 0.0012552276041889803, 0.0012492210775958265, 0.0012430528303102296, 0.0012366902128440665, 0.0012301051539479028, 0.001223274720107411, 0.0012161817508796514, 0.0012088155199813993, 0.0012011723987657324, 0.0011932564394123817, 0.0011850798068679975, 0.0011766630836260936, 0.0011680350558209407, 0.0011592325594769021, 0.00115029944889327, 0.0011412856514424947, 0.00113224559207307, 0.0011232364670326791]
MQO
[0.924566   1.11921147 1.31385695 1.50850242 1.70314789 1.89779337
 2.09243884 2.28708432 2.48172979 2.67637526 2.87102074 3.06566621
 3.26031168 3.45495716 3.64960263 3.84424811 4.03889358 4.23353905
 4.42818453 4.62283   ]
[0.00099688981613217, 0.00099067822006765, 0.000987032430394294, 0.000985329872342362, 0.0009853590888686944, 0.0009871216177832105, 0.0009907009215309385, 0.0009961543681663832, 0.001003435950180958, 0.0010123659814066162, 0.001022648753462755, 0.0010339186895484069, 0.0010457927717675937, 0.0010579136270357054, 0.0010699770663443228, 0.0010817444533385743, 0.0010930434032023846, 0.0011037611066626774, 0.0011138339761057367, 0.0011232364670326791]
NADH_req
[ 4.6147      5.58621579  6.55773158  7.52924737  8.50076316  9.47227895
 10.44379474 11.41531053 12.38682632 13.35834211 14.32985789 15.30137368
 16.27288947 17.24440526 18.21592105 19.18743684 20.15895263 21.13046842
 22.10198421 23.0735    ]
[0.0009335491375663396, 0.0009478244450551163, 0.0009613773910789446, 0.0009742744658515048, 0.0009865735642719871, 0.000998325246641648, 0.0010095739542302967, 0.001020358876352462, 0.0010307147200968557, 0.0010406723430281997, 0.0010502592838857103, 0.0010595002094218832, 0.0010684172486979558, 0.00107703051519109, 0.001085358016466535, 0.00109341618842921, 0.0011012200083733523, 0.0011087831470192923, 0.001116118136689635, 0.0011232364670326791]
NDHII
[ 6.16612     7.46425053  8.76238105 10.06051158 11.35864211 12.65677263
 13.95490316 15.25303368 16.55116421 17.84929474 19.14742526 20.44555579
 21.74368632 23.04181684 24.33994737 25.63807789 26.93620842 28.23433895
 29.53246947 30.8306    ]
[0.0014092297590096057, 0.0013822632357985525, 0.0013576478556407698, 0.0013350644267147095, 0.0013142530667796433, 0.0012949995976686884, 0.0012771252955780645, 0.001260479588754868, 0.0012449344297048544, 0.0012303799332737107, 0.0012167211693749646, 0.001203875454760614, 0.001191770682169264, 0.0011803429902122794, 0.0011695361217935543, 0.0011593000328390562, 0.0011495900605273564, 0.0011403661969340533, 0.0011315924773659326, 0.0011232364670326791]
PCK
[1.617554   1.95809168 2.29862937 2.63916705 2.97970474 3.32024242
 3.66078011 4.00131779 4.34185547 4.68239316 5.02293084 5.36346853
 5.70400621 6.04454389 6.38508158 6.72561926 7.06615695 7.40669463
 7.74723232 8.08777   ]
[0.00130163915141741, 0.001275416807835218, 0.0012540522912916241, 0.0012362726303062053, 0.0012212236513840975, 0.0012083078545387668, 0.0011970932298365432, 0.001187258858508085, 0.0011785608993580368, 0.0011708104854059054, 0.0011638589463849858, 0.0011575872961902883, 0.0011518995649349578, 0.0011467170231006362, 0.0011419747127872591, 0.0011376182231370904, 0.0011336020993411155, 0.0011298876384541272, 0.0011264418643610239, 0.0011232364670326791]
PDH
[192.3412     232.83408421 273.32696842 313.81985263 354.31273684
 394.80562105 435.29850526 475.79138947 516.28427368 556.77715789
 597.27004211 637.76292632 678.25581053 718.74869474 759.24157895
 799.73446316 840.22734737 880.72023158 921.21311579 961.706     ]
[0.0012363864188655268, 0.0012107346759572086, 0.0011945162675255458, 0.00118310735300556, 0.00117448422261589, 0.0011676213124419406, 0.0011619426389394638, 0.0011571000387199516, 0.0011528700959935899, 0.0011491029286463403, 0.0011456941787983635, 0.0011425689207851346, 0.0011396719557534457, 0.0011369617114788298, 0.001134406278162748, 0.0011319807002282136, 0.0011296654091259638, 0.001127444425655521, 0.0011253049567454825, 0.0011232364670326791]
PFK
[0.0370506  0.04485073 0.05265085 0.06045098 0.06825111 0.07605123
 0.08385136 0.09165148 0.09945161 0.10725174 0.11505186 0.12285199
 0.13065212 0.13845224 0.14625237 0.15405249 0.16185262 0.16965275
 0.17745287 0.185253  ]
[7.66292939045149e-07, 2.5862563091766584e-06, 0.00010485908590068973, 0.0008113334808264045, 0.00101595299845638, 0.0010702180611498178, 0.0010942860352691113, 0.0011073029634464224, 0.0011150268727608788, 0.0011198108219935864, 0.0011228016336928808, 0.0011246263258805407, 0.001125656675094791, 0.0011261268540070494, 0.001126191391283867, 0.001125956036546648, 0.0011254954959370475, 0.001124863772911386, 0.0011241007652295614, 0.0011232364670326791]
PGI
[0.464912   0.56278821 0.66066442 0.75854063 0.85641684 0.95429305
 1.05216926 1.15004547 1.24792168 1.34579789 1.44367411 1.54155032
 1.63942653 1.73730274 1.83517895 1.93305516 2.03093137 2.12880758
 2.22668379 2.32456   ]
[0.000777908619592923, 0.0008554937666166509, 0.000909946521286665, 0.0009499997406848109, 0.0009805746126284544, 0.0010046169678229054, 0.0010239838407971693, 0.0010398981008041517, 0.0010531951403148214, 0.0010644636448716132, 0.0010741297891141103, 0.0010825091449674603, 0.001089840186661876, 0.0010963063376215679, 0.0011020508726897213, 0.0011071872975545636, 0.0011118066329557515, 0.0011159826919064373, 0.0011197759649940915, 0.0011232364670326791]
PGK
[ 3.22178     3.90004947  4.57831895  5.25658842  5.93485789  6.61312737
  7.29139684  7.96966632  8.64793579  9.32620526 10.00447474 10.68274421
 11.36101368 12.03928316 12.71755263 13.39582211 14.07409158 14.75236105
 15.43063053 16.1089    ]
[0.0011232790198599072, 0.0011232684910368312, 0.0011232615604320003, 0.0011232566474659745, 0.0011232529413599587, 0.0011232501438408762, 0.001123247880389483, 0.0011232460291667557, 0.0011232444974516554, 0.0011232432003037455, 0.0011232420900093233, 0.0011232411292485753, 0.0011232402893011913, 0.0011232395490856073, 0.0011232388914961312, 0.0011232383039518896, 0.0011232377753747278, 0.0011232372906953203, 0.0011232368632650043, 0.0011232364670326791]
PGL
[ 2.31934     2.80762211  3.29590421  3.78418632  4.27246842  4.76075053
  5.24903263  5.73731474  6.22559684  6.71387895  7.20216105  7.69044316
  8.17872526  8.66700737  9.15528947  9.64357158 10.13185368 10.62013579
 11.10841789 11.5967    ]
[0.0011229152467389265, 0.0011229862481240624, 0.0011230358175155254, 0.0011230723859623714, 0.0011231004752821356, 0.0011231227284806008, 0.0011231407921844666, 0.0011231557486654773, 0.0011231683358577209, 0.0011231790748346326, 0.001123188346370707, 0.0011231964305145525, 0.001123203542256521, 0.001123209847013658, 0.0011232154746756476, 0.0011232205284943705, 0.0011232250930147338, 0.001123229234940105, 0.0011232330107997673, 0.0011232364670326791]
PIT
[1.4292     1.73008421 2.03096842 2.33185263 2.63273684 2.93362105
 3.23450526 3.53538947 3.83627368 4.13715789 4.43804211 4.73892632
 5.03981053 5.34069474 5.64157895 5.94246316 6.24334737 6.54423158
 6.84511579 7.146     ]
[0.001111975978660693, 0.0011143899070791908, 0.001116099759661124, 0.0011173743800744938, 0.0011183611941146699, 0.001119147821497182, 0.0011197895028138925, 0.0011203229776543828, 0.0011207734724188445, 0.001121158951441105, 0.0011214925420540704, 0.00112178406196794, 0.0011220409757437921, 0.001122269109814511, 0.0011224731187105435, 0.0011226565560444957, 0.0011228223735159565, 0.0011229730340507214, 0.001123110512651018, 0.0011232364670326791]
PPC
[ 4.2878      5.19049474  6.09318947  6.99588421  7.89857895  8.80127368
  9.70396842 10.60666316 11.50935789 12.41205263 13.31474737 14.21744211
 15.12013684 16.02283158 16.92552632 17.82822105 18.73091579 19.63361053
 20.53630526 21.439     ]
[0.0010383951044252568, 0.0010444776714446113, 0.0010503255684377788, 0.0010559514178475355, 0.0010613669187139745, 0.0010665829029020144, 0.001071609424592081, 0.001076455832664464, 0.0010811308250980652, 0.0010856425554851819, 0.0010899985850866562, 0.0010942060268402623, 0.001098271536080728, 0.0011022013583615663, 0.0011060018531214545, 0.0011096770620789285, 0.0011132336592510497, 0.0011166760518176906, 0.0011200088650434774, 0.0011232364670326791]
PPS
[0.00327544 0.00396501 0.00465457 0.00534414 0.00603371 0.00672327
 0.00741284 0.0081024  0.00879197 0.00948154 0.0101711  0.01086067
 0.01155024 0.0122398  0.01292937 0.01361893 0.0143085  0.01499807
 0.01568763 0.0163772 ]
[0.0011232177115493545, 0.0011232186986936527, 0.0011232196858012562, 0.0011232206729102007, 0.0011232216598636739, 0.0011232226472935054, 0.0011232236344208828, 0.0011232246216299074, 0.001123225612128689, 0.0011232265976492636, 0.0011232275828800767, 0.001123228569994232, 0.0011232295571238949, 0.0011232305441930906, 0.0011232315299674123, 0.001123232518538344, 0.001123233505617148, 0.00112323449270686, 0.0011232354799030604, 0.0011232364670326791]
PTA
[0.54       0.65368421 0.76736842 0.88105263 0.99473684 1.10842105
 1.22210526 1.33578947 1.44947368 1.56315789 1.67684211 1.79052632
 1.90421053 2.01789474 2.13157895 2.24526316 2.35894737 2.47263158
 2.58631579 2.7       ]
[0.001123357065846484, 0.001123336610272357, 0.0011233206498026116, 0.0011233078485363749, 0.0011232973541779082, 0.0011232885948862983, 0.0011232811734677905, 0.0011232748055224106, 0.0011232692733653242, 0.0011232644438131248, 0.0011232601723896922, 0.0011232563733483217, 0.0011232529725322515, 0.0011232499100498024, 0.001123247138320666, 0.0011232446174250245, 0.0011232423499955907, 0.0011232402037348026, 0.0011232382608984902, 0.0011232364670326791]
PYK
[0.149432   0.18089137 0.21235074 0.24381011 0.27526947 0.30672884
 0.33818821 0.36964758 0.40110695 0.43256632 0.46402568 0.49548505
 0.52694442 0.55840379 0.58986316 0.62132253 0.65278189 0.68424126
 0.71570063 0.74716   ]
[0.00356351219911292, 0.0026714676180580195, 0.002277464845558515, 0.0020412682162875024, 0.00187777140168161, 0.001755014516453222, 0.0016579286183562093, 0.0015783279656289345, 0.0015113153764753774, 0.0014537485373859317, 0.0014035010605018099, 0.0013590726847885373, 0.0013193686677802387, 0.0012835677128546653, 0.0012510392477960697, 0.0012212893663941051, 0.0011939246845626352, 0.0011686271855803278, 0.0011451363555666806, 0.0011232364670326791]
RPE
[1.200206   1.45288095 1.70555589 1.95823084 2.21090579 2.46358074
 2.71625568 2.96893063 3.22160558 3.47428053 3.72695547 3.97963042
 4.23230537 4.48498032 4.73765526 4.99033021 5.24300516 5.49568011
 5.74835505 6.00103   ]
[0.0011542322684413354, 0.0011475495947340644, 0.0011428285264030668, 0.0011393160019329877, 0.0011366004938912475, 0.001134438469307032, 0.0011326763378126526, 0.0011312125410816586, 0.0011299772350662845, 0.0011289207974236406, 0.0011280069795411506, 0.0011272087674579442, 0.0011265054959143405, 0.0011258811871210164, 0.0011253232492681208, 0.001124821632337491, 0.0011243681736338555, 0.0011239563779372695, 0.0011235806399147949, 0.0011232364670326791]
RPI
[1.6        1.93684211 2.27368421 2.61052632 2.94736842 3.28421053
 3.62105263 3.95789474 4.29473684 4.63157895 4.96842105 5.30526316
 5.64210526 5.97894737 6.31578947 6.65263158 6.98947368 7.32631579
 7.66315789 8.        ]
[0.0010811529156364498, 0.0010903108357329502, 0.001096752959932152, 0.0011015310357028422, 0.001105215935270422, 0.001108144228959235, 0.001110527256122819, 0.001112504290569132, 0.0011141709397915164, 0.001115594970890973, 0.0011168257635120278, 0.001117900207962622, 0.0011188461573357815, 0.0011196855008661223, 0.001120435244937319, 0.0011211090377317783, 0.0011217178375516616, 0.0011222706215828554, 0.0011227747381062942, 0.0011232364670326791]
SDH
[0.312368   0.37812968 0.44389137 0.50965305 0.57541474 0.64117642
 0.70693811 0.77269979 0.83846147 0.90422316 0.96998484 1.03574653
 1.10150821 1.16726989 1.23303158 1.29879326 1.36455495 1.43031663
 1.49607832 1.56184   ]
[0.0011907162598887178, 0.0011750661699136294, 0.001164396479229563, 0.0011566563453645285, 0.0011507849506065878, 0.0011461784976249576, 0.0011424679743077446, 0.001139415178697819, 0.0011368595559372475, 0.0011346885965909479, 0.0011328217114614221, 0.001131199148251965, 0.0011297758905531102, 0.001128517345009017, 0.0011273964806819445, 0.0011263918780845083, 0.0011254862901542216, 0.0011246659027731173, 0.0011239190964247208, 0.0011232364670326791]
SK
[15.36326    18.59763053 21.83200105 25.06637158 28.30074211 31.53511263
 34.76948316 38.00385368 41.23822421 44.47259474 47.70696526 50.94133579
 54.17570632 57.41007684 60.64444737 63.87881789 67.11318842 70.34755895
 73.58192947 76.8163    ]
[0.001123243343985842, 0.0011232418474686533, 0.001123240786190886, 0.0011232400141238292, 0.0011232394127505623, 0.0011232389425356363, 0.0011232385443577784, 0.0011232382211181634, 0.0011232379486959207, 0.001123237715955239, 0.0011232375222117877, 0.0011232373391561528, 0.0011232371845790205, 0.0011232370475051572, 0.001123236924878741, 0.0011232368147469913, 0.0011232367152537513, 0.0011232366332725203, 0.001123236542443799, 0.0011232364670326791]
SQR
[0.683234   0.82707274 0.97091147 1.11475021 1.25858895 1.40242768
 1.54626642 1.69010516 1.83394389 1.97778263 2.12162137 2.26546011
 2.40929884 2.55313758 2.69697632 2.84081505 2.98465379 3.12849253
 3.27233126 3.41617   ]
[0.0011240556351891546, 0.0011238606293493736, 0.001123729424761861, 0.0011236351981951033, 0.001123564179448924, 0.0011235087532378155, 0.0011234642838857732, 0.001123427836481988, 0.0011233973784088832, 0.001123371610801221, 0.0011233494750310063, 0.0011233302688586123, 0.001123313449218289, 0.0011232986013756591, 0.0011232853811825687, 0.001123273552473973, 0.0011232628974323867, 0.0011232532518927031, 0.0011232444798529118, 0.0011232364670326791]
TPI
[ 4.83686     5.85514632  6.87343263  7.89171895  8.91000526  9.92829158
 10.94657789 11.96486421 12.98315053 14.00143684 15.01972316 16.03800947
 17.05629579 18.07458211 19.09286842 20.11115474 21.12944105 22.14772737
 23.16601368 24.1843    ]
[0.001120120816869728, 0.001120815276477278, 0.0011212981739063107, 0.0011216533669919856, 0.0011219256232765614, 0.0011221409284725206, 0.0011223154979931541, 0.0011224598585915823, 0.0011225812390279726, 0.0011226847213692687, 0.0011227739926836441, 0.0011228517922877927, 0.0011229201978242686, 0.001122980813805092, 0.0011230348991671242, 0.0011230834552927555, 0.001123127288733471, 0.0011231670569089374, 0.0011232033002879175, 0.0011232364670326791]
XCH_ACE1
[ 20.          24.21052632  28.42105263  32.63157895  36.84210526
  41.05263158  45.26315789  49.47368421  53.68421053  57.89473684
  62.10526316  66.31578947  70.52631579  74.73684211  78.94736842
  83.15789474  87.36842105  91.57894737  95.78947368 100.        ]
[0.0011232364794332948, 0.0011232364912216182, 0.0011232364890095266, 0.0011232364869214451, 0.001123236484915215, 0.0011232364833509488, 0.001123236481533318, 0.0011232364799670825, 0.001123236468009342, 0.001123236477092449, 0.001123236475802516, 0.0011232364745881447, 0.001123236473166377, 0.0011232365001148537, 0.0011232364485566685, 0.0011232364893511769, 0.0011232364554716351, 0.0011232364688687382, 0.001123236467790981, 0.0011232364670326791]
XCH_ACE2
[ 20.          24.21052632  28.42105263  32.63157895  36.84210526
  41.05263158  45.26315789  49.47368421  53.68421053  57.89473684
  62.10526316  66.31578947  70.52631579  74.73684211  78.94736842
  83.15789474  87.36842105  91.57894737  95.78947368 100.        ]
[0.001123236490474683, 0.0011232364747408713, 0.001123236488783756, 0.001123236486716175, 0.0011232364846626981, 0.001123236505356792, 0.0011232364813968346, 0.0011232364743450469, 0.0011232364783741134, 0.0011232364847603541, 0.0011232364757394787, 0.0011232364743620773, 0.0011232364733730455, 0.0011232364722925548, 0.0011232364713538905, 0.0011232365469052636, 0.001123236469386622, 0.001123236462788248, 0.0011232364674975803, 0.0011232364670326791]
XCH_GLC
[ 20.          24.21052632  28.42105263  32.63157895  36.84210526
  41.05263158  45.26315789  49.47368421  53.68421053  57.89473684
  62.10526316  66.31578947  70.52631579  74.73684211  78.94736842
  83.15789474  87.36842105  91.57894737  95.78947368 100.        ]
[0.0011219694833246132, 0.00112224868532771, 0.0011224443030669639, 0.001122588901825006, 0.001122700094388993, 0.0011227882179892306, 0.0011228597550436241, 0.001122918900112616, 0.0011229687192292439, 0.001123011149058032, 0.0011230477506823876, 0.0011230795988308895, 0.0011231076089331963, 0.0011231323878770805, 0.0011231544730852636, 0.0011231742747350993, 0.0011231921291121943, 0.001123208299961371, 0.001123223018202788, 0.0011232364670326791]
XCH_P
[ 20.          24.21052632  28.42105263  32.63157895  36.84210526
  41.05263158  45.26315789  49.47368421  53.68421053  57.89473684
  62.10526316  66.31578947  70.52631579  74.73684211  78.94736842
  83.15789474  87.36842105  91.57894737  95.78947368 100.        ]
[0.0011232361720316325, 0.0011232362506486278, 0.0011232362928643538, 0.001123236324226384, 0.0011232363485248122, 0.0011232363648502697, 0.0011232363833603887, 0.0011232363997503204, 0.00112323640737793, 0.0011232364167064138, 0.0011232364181064376, 0.001123236431883116, 0.001123236438120257, 0.001123236458275235, 0.0011232364485463109, 0.0011232364530562899, 0.001123236456990661, 0.0011232364606344573, 0.0011232364640297505, 0.0011232364670326791]
ZWF
[0.05316    0.06435158 0.07554316 0.08673474 0.09792632 0.10911789
 0.12030947 0.13150105 0.14269263 0.15388421 0.16507579 0.17626737
 0.18745895 0.19865053 0.20984211 0.22103368 0.23222526 0.24341684
 0.25460842 0.2658    ]
[0.001346205050988756, 0.0013323649444401714, 0.0013187777443855629, 0.0013054422991002831, 0.0012923564746277498, 0.0012795173717959675, 0.0012669214677581107, 0.0012545648158843003, 0.0012424430978624568, 0.0012305518095727, 0.0012188860302080654, 0.0012074411058829125, 0.0011962118710343484, 0.001185193555408925, 0.0011743811233865904, 0.0011637696384013598, 0.0011533542127253737, 0.0011431300237728806, 0.0011330922967839998, 0.0011232364670326791]
