CITRA_SYN vs LPD
X [0.4        0.58947368 0.77894737 0.96842105 1.15789474 1.34736842
 1.53684211 1.72631579 1.91578947 2.10526316 2.29473684 2.48421053
 2.67368421 2.86315789 3.05263158 3.24210526 3.43157895 3.62105263
 3.81052632 4.        ]
Y [0.00684413 0.01008609 0.01332804 0.01657    0.01981196 0.02305391
 0.02629587 0.02953782 0.03277978 0.03602174 0.03926369 0.04250565
 0.04574761 0.04898956 0.05223152 0.05547347 0.05871543 0.06195739
 0.06519934 0.0684413 ]
[[0.0177695  0.017691   0.01761035 0.01752735 0.01744185 0.01735373
  0.01726287 0.01716919 0.01707262 0.01697309 0.01687056 0.01676499
  0.01665636 0.01654464 0.01642984 0.01631196 0.01619103 0.01606707
  0.01594013 0.01581028]
 [0.02059148 0.02040893 0.02022617 0.02004179 0.01985484 0.01966471
  0.01947095 0.01927327 0.01907144 0.01886535 0.0186549  0.0184401
  0.01822096 0.01799755 0.01776998 0.01753841 0.01730303 0.01706404
  0.01682172 0.01657634]
 [0.02190262 0.02157884 0.0212632  0.02095043 0.02063761 0.02032302
  0.02000555 0.01968453 0.01935958 0.01903051 0.0186973  0.01836005
  0.01801897 0.01767439 0.01732671 0.0169764  0.016624   0.01627012
  0.01591541 0.01556055]
 [0.02227977 0.02179929 0.02133957 0.02088972 0.02044422 0.02000003
  0.01955538 0.01910929 0.01866132 0.01821136 0.01775964 0.01730655
  0.01685271 0.01639884 0.01594583 0.01549461 0.01504622 0.01460172
  0.01416218 0.01372869]
 [0.02205743 0.02142513 0.0208261  0.0202445  0.01967265 0.01910648
  0.01854382 0.01798364 0.01742564 0.01687005 0.01631748 0.01576883
  0.0152252  0.01468785 0.01415815 0.0136375  0.0131273  0.01262892
  0.01214363 0.01167256]
 [0.02145471 0.02068607 0.01996117 0.01926107 0.01857679 0.01790376
  0.01723975 0.01658394 0.01593639 0.01529781 0.01466931 0.01405232
  0.01344841 0.01285927 0.01228656 0.01173186 0.01119658 0.01068194
  0.01018892 0.00971819]
 [0.0206214  0.01973516 0.01890131 0.01809956 0.0173204  0.01655924
  0.01581406 0.01508444 0.01437093 0.01367473 0.01299743 0.01234082
  0.01170673 0.01109693 0.01051296 0.00995609 0.00942724 0.00892694
  0.00845534 0.00801219]
 [0.01965935 0.01867421 0.01774913 0.01686365 0.0160083  0.01517875
  0.01437341 0.01359231 0.01283647 0.01210745 0.0114071  0.01073727
  0.01009963 0.00949553 0.00892592 0.00839121 0.00789133 0.00742572
  0.00699337 0.00659293]
 [0.01863677 0.01757023 0.01657112 0.01561948 0.01470623 0.01382748
  0.01298208 0.01217047 0.01139398 0.01065427 0.00995309 0.00929189
  0.00867172 0.00809303 0.00755565 0.00705878 0.00660108 0.00618071
  0.00579552 0.00544312]
 [0.01759857 0.01646663 0.01540952 0.01440817 0.01345405 0.01254372
  0.01167643 0.01085286 0.01007433 0.00934229 0.0086579  0.00802181
  0.00743394 0.00689347 0.00639882 0.00594781 0.0055378  0.00516581
  0.00482872 0.00452339]
 [0.01657382 0.01539084 0.01429032 0.01325416 0.01227444 0.01134812
  0.01047466 0.00965469 0.00888922 0.00817905 0.00752436 0.00692453
  0.00637808 0.00588265 0.00543524 0.00503235 0.00467022 0.00434499
  0.00405292 0.00379044]
 [0.01558082 0.01435957 0.01322862 0.01217086 0.01117886 0.01024986
  0.00938327 0.0085794  0.00783855 0.00716046 0.00654398 0.00598696
  0.00548632 0.00503822 0.00463831 0.00428202 0.0039648  0.00368224
  0.00343026 0.00320514]
 [0.01463057 0.01338233 0.01223233 0.01116438 0.01017145 0.00925079
  0.00840155 0.00762333 0.00691537 0.00627604 0.00570259 0.00519123
  0.00473731 0.00433564 0.00398083 0.00366755 0.00339074 0.00314576
  0.00292846 0.00273518]
 [0.01372919 0.01246376 0.01130457 0.01023616 0.00925171 0.00834829
  0.00752443 0.00677875 0.00610912 0.00551227 0.00498378 0.00451823
  0.00410957 0.00375154 0.003438   0.00316318 0.00292182 0.00270928
  0.00252149 0.00235497]
 [0.01287949 0.01160537 0.01044538 0.00938463 0.00841632 0.00753705
  0.00674449 0.00603595 0.00540771 0.00485479 0.00437105 0.00394962
  0.00358332 0.00326513 0.00298847 0.00274739 0.00253667 0.00235178
  0.0021889  0.00204477]
 [0.01208208 0.01080656 0.00965285 0.00860644 0.00766032 0.00681039
  0.00605319 0.0053845  0.00479887 0.00428957 0.00384892 0.00346881
  0.00314126 0.00285875 0.00261454 0.00240271 0.00221822 0.00205678
  0.00191484 0.00178943]
 [0.01133614 0.01006541 0.00892386 0.00789718 0.0069779  0.00616103
  0.0054417  0.00481405 0.00427084 0.00380368 0.00340354 0.00306139
  0.00276869 0.00251773 0.0023018  0.00211517 0.00195305 0.00181146
  0.00168714 0.00157739]
 [0.01063997 0.00937922 0.00825466 0.00725193 0.00636295 0.00558158
  0.00490141 0.00431481 0.00381281 0.00338552 0.00302283 0.00271505
  0.00245337 0.00223009 0.00203868 0.00187368 0.00173063 0.00160586
  0.00149639 0.0013998 ]
 [0.00999126 0.00874484 0.00764116 0.00666564 0.00580937 0.00506491
  0.00442419 0.00387779 0.00341511 0.00302498 0.00269648 0.00241953
  0.00218527 0.00198615 0.00181593 0.00166951 0.00154272 0.00143223
  0.00133534 0.00124985]
 [0.00938745 0.00815892 0.00707918 0.00613327 0.00531129 0.00460433
  0.00400258 0.0034949  0.00306921 0.00271333 0.00241577 0.00216629
  0.00195615 0.00177809 0.0016262  0.00149573 0.00138285 0.00128453
  0.00119832 0.00112226]]

