ATP_MAINTENANCE vs ATP_syn
X [ 0.130166  1.561992  2.993818  4.425644  5.85747   7.289296  8.721122
 10.152948 11.584774 13.0166  ]
Y [  10.8733  130.4796  250.0859  369.6922  489.2985  608.9048  728.5111
  848.1174  967.7237 1087.33  ]
[[1.45027742e-14 1.95993832e-12 4.98617904e-12 8.17675024e-12
  1.13106000e-11 1.42809410e-11 1.70453502e-11 1.95949248e-11
  2.19368697e-11 2.40854181e-11]
 [4.60518276e-03 9.21929668e-04 7.02876630e-04 6.01783995e-04
  5.38317381e-04 4.92898014e-04 4.57879749e-04 4.29546767e-04
  4.05836647e-04 3.85495872e-04]
 [2.16621862e-03 6.69210916e-04 4.54425360e-04 3.44130687e-04
  2.67063847e-04 2.05607170e-04 1.52881290e-04 1.05598261e-04
  6.23171720e-05 2.44717447e-05]
 [1.86408202e-03 5.86800802e-04 3.66075167e-04 2.41863713e-04
  1.46306213e-04 6.34002091e-05 6.67029440e-06 8.29345328e-07
  2.79052843e-07 1.34409447e-07]
 [1.83403737e-03 5.45477553e-04 3.18468961e-04 1.81903714e-04
  7.01468320e-05 3.61044269e-06 4.22393306e-07 1.38712772e-07
  6.57431175e-08 3.78027842e-08]
 [1.83212532e-03 5.20517415e-04 2.88173153e-04 1.41406981e-04
  2.24790381e-05 6.96730086e-07 1.54439772e-07 6.18055052e-08
  3.23775293e-08 1.98296442e-08]
 [1.83510307e-03 5.03768026e-04 2.67041283e-04 1.12010250e-04
  5.26817601e-06 3.18687603e-07 8.75848660e-08 3.82487992e-08
  2.10660830e-08 1.33459436e-08]
 [1.83878813e-03 4.91735670e-04 2.51404481e-04 8.97468097e-05
  2.03451503e-06 1.97237524e-07 6.04399920e-08 2.77549177e-08
  1.57622834e-08 1.02027841e-08]
 [1.84224426e-03 4.82667514e-04 2.39342060e-04 7.24357429e-05
  1.13974727e-06 1.41847332e-07 4.64545727e-08 2.20485220e-08
  1.27860015e-08 8.40130267e-09]
 [1.84528447e-03 4.75585437e-04 2.29742962e-04 5.87553311e-05
  7.69733363e-07 1.11353627e-07 3.81506724e-08 1.85373797e-08
  1.09149724e-08 7.25203822e-09]]

