ATP_MAINTENANCE vs ZWF
X [ 0.130166  1.561992  2.993818  4.425644  5.85747   7.289296  8.721122
 10.152948 11.584774 13.0166  ]
Y [0.02658 0.31896 0.61134 0.90372 1.1961  1.48848 1.78086 2.07324 2.36562
 2.658  ]
[[3.54557341e-11 8.48759640e-13 7.85945690e-14 1.46832594e-14
  4.42376746e-15 1.87983955e-15 1.01702262e-15 6.47466734e-16
  4.58839635e-16 3.48997678e-16]
 [1.22343969e-03 9.64123400e-04 7.99281371e-04 6.85076791e-04
  6.00803402e-04 5.35814909e-04 4.84059599e-04 4.41821899e-04
  4.06682264e-04 3.76990872e-04]
 [8.94637286e-04 7.16726223e-04 6.02384672e-04 5.21925181e-04
  4.61712807e-04 4.14691563e-04 3.76813268e-04 3.45570099e-04
  3.19315628e-04 2.96918715e-04]
 [7.90980888e-04 6.36708312e-04 5.37120001e-04 4.66706558e-04
  4.13799882e-04 3.72341165e-04 3.38841976e-04 3.11134642e-04
  2.87792199e-04 2.67832066e-04]
 [7.39893921e-04 5.96914211e-04 5.04396215e-04 4.38827172e-04
  3.89465078e-04 3.50721013e-04 3.19370976e-04 2.93408391e-04
  2.71510564e-04 2.52765652e-04]
 [7.09380248e-04 5.73031107e-04 4.84672705e-04 4.21963093e-04
  3.74699781e-04 3.37567848e-04 3.07497677e-04 2.82576926e-04
  2.61543969e-04 2.43528453e-04]
 [6.89065295e-04 5.57082323e-04 4.71466751e-04 4.10646533e-04
  3.64772725e-04 3.28710006e-04 2.99490137e-04 2.75262664e-04
  2.54806126e-04 2.37277488e-04]
 [6.74556987e-04 5.45668292e-04 4.61998514e-04 4.02520566e-04
  3.57635193e-04 3.22334006e-04 2.93720463e-04 2.69987883e-04
  2.49943252e-04 2.32762873e-04]
 [6.63672337e-04 5.37091889e-04 4.54874712e-04 3.96399881e-04
  3.52253914e-04 3.17522915e-04 2.89363689e-04 2.66002240e-04
  2.46266738e-04 2.29347921e-04]
 [6.55202202e-04 5.30410096e-04 4.49319016e-04 3.91622446e-04
  3.48050564e-04 3.13762561e-04 2.85956544e-04 2.62883792e-04
  2.43388896e-04 2.26673776e-04]]

