LPD vs ZWF
X [0.00684413 0.01368826 0.02053239 0.02737652 0.03422065 0.04106478
 0.04790891 0.05475304 0.06159717 0.0684413 ]
Y [0.02658 0.05316 0.07974 0.10632 0.1329  0.15948 0.18606 0.21264 0.23922
 0.2658 ]
[[0.01176521 0.01143521 0.01112513 0.01083337 0.01055832 0.01029854
  0.01005269 0.00981958 0.00959815 0.00938745]
 [0.00898046 0.00869654 0.00843125 0.0081828  0.00794961 0.00773023
  0.0075234  0.007328   0.00714305 0.00696768]
 [0.00676986 0.00653671 0.00632007 0.0061182  0.00592959 0.00575292
  0.00558703 0.00543091 0.00528369 0.00514458]
 [0.0050674  0.00488727 0.00472041 0.00456538 0.0044209  0.00428591
  0.00415944 0.00404067 0.0039289  0.00382349]
 [0.00382325 0.00369036 0.00356714 0.00345256 0.00334571 0.00324581
  0.00315215 0.00306416 0.00298131 0.00290313]
 [0.00294965 0.00285307 0.00276309 0.00267906 0.00260041 0.00252662
  0.00245725 0.00239189 0.00233018 0.00227183]
 [0.00234316 0.00227204 0.00220532 0.00214264 0.00208365 0.00202805
  0.00197556 0.00192591 0.00187889 0.00183427]
 [0.00191644 0.00186259 0.00181169 0.00176357 0.00171803 0.00167489
  0.00163398 0.00159514 0.00155822 0.00152308]
 [0.00160825 0.00156618 0.00152612 0.00148802 0.00145178 0.00141729
  0.00138445 0.00135315 0.00132331 0.00129482]
 [0.00137898 0.00134511 0.00131267 0.00128164 0.00125199 0.00122366
  0.00119659 0.00117071 0.00114595 0.00112226]]

