LPD vs ATP_MAINTENANCE
X [0.00684413 0.01368826 0.02053239 0.02737652 0.03422065 0.04106478
 0.04790891 0.05475304 0.06159717 0.0684413 ]
Y [0.130166 0.260332 0.390498 0.520664 0.65083  0.780996 0.911162 1.041328
 1.171494 1.30166 ]
[[1.11409145e-11 5.55967335e-09 1.52632376e-02 1.32479821e-02
  1.20381326e-02 1.12516969e-02 1.06526351e-02 1.01578406e-02
  9.74114850e-03 9.38745018e-03]
 [6.41692246e-12 4.56035534e-02 1.31677812e-02 1.05716156e-02
  9.32012806e-03 8.55552073e-03 8.02393084e-03 7.60485539e-03
  7.25861361e-03 6.96767653e-03]
 [4.50559516e-12 3.08231817e-10 1.18891071e-02 8.46646904e-03
  7.22224037e-03 6.49067587e-03 6.01683506e-03 5.66331834e-03
  5.37943446e-03 5.14457553e-03]
 [3.47147861e-12 3.33589703e-02 1.09643068e-02 6.88166755e-03
  5.67250894e-03 4.98405323e-03 4.55651704e-03 4.25225652e-03
  4.01551035e-03 3.82348590e-03]
 [2.82343970e-12 1.12848859e-10 1.02064653e-02 5.71452655e-03
  4.55691800e-03 3.91979006e-03 3.53281636e-03 3.26611605e-03
  3.06400152e-03 2.90313383e-03]
 [2.37927786e-12 2.29675857e-02 9.56553280e-03 4.85213642e-03
  3.75369906e-03 3.17068047e-03 2.82107135e-03 2.58497572e-03
  2.40944859e-03 2.27183121e-03]
 [2.05587269e-12 3.92422354e-09 9.01663993e-03 4.20315606e-03
  3.16517926e-03 2.63409278e-03 2.31842609e-03 2.10810545e-03
  1.95385197e-03 1.83427229e-03]
 [1.80986418e-12 1.90018308e-09 8.54186971e-03 3.70305576e-03
  2.72324949e-03 2.23932714e-03 1.95368401e-03 1.76518339e-03
  1.62829772e-03 1.52307808e-03]
 [1.61643917e-12 2.32156246e-02 8.12690948e-03 3.30837143e-03
  2.38283744e-03 1.94057002e-03 1.68102231e-03 1.51097675e-03
  1.38841610e-03 1.29481823e-03]
 [1.46036038e-12 1.57103017e-02 7.76043772e-03 2.98999488e-03
  2.11433907e-03 1.70842768e-03 1.47139062e-03 1.31697376e-03
  1.20632796e-03 1.12225919e-03]]

LPD vs ATP_MAINTENANCE
X [0.00684413 0.01368826 0.02053239 0.02737652 0.03422065 0.04106478
 0.04790891 0.05475304 0.06159717 0.0684413 ]
Y [0.130166 0.260332 0.390498 0.520664 0.65083  0.780996 0.911162 1.041328
 1.171494 1.30166 ]
[[1.11409145e-11 5.55967335e-09 1.52632376e-02 1.32479821e-02
  1.20381326e-02 1.12516969e-02 1.06526351e-02 1.01578406e-02
  9.74114850e-03 9.38745018e-03]
 [6.41692246e-12 4.56035534e-02 1.31677812e-02 1.05716156e-02
  9.32012806e-03 8.55552073e-03 8.02393084e-03 7.60485539e-03
  7.25861361e-03 6.96767653e-03]
 [4.50559516e-12 3.08231817e-10 1.18891071e-02 8.46646904e-03
  7.22224037e-03 6.49067587e-03 6.01683506e-03 5.66331834e-03
  5.37943446e-03 5.14457553e-03]
 [3.47147861e-12 3.33589703e-02 1.09643068e-02 6.88166755e-03
  5.67250894e-03 4.98405323e-03 4.55651704e-03 4.25225652e-03
  4.01551035e-03 3.82348590e-03]
 [2.82343970e-12 1.12848859e-10 1.02064653e-02 5.71452655e-03
  4.55691800e-03 3.91979006e-03 3.53281636e-03 3.26611605e-03
  3.06400152e-03 2.90313383e-03]
 [2.37927786e-12 2.29675857e-02 9.56553280e-03 4.85213642e-03
  3.75369906e-03 3.17068047e-03 2.82107135e-03 2.58497572e-03
  2.40944859e-03 2.27183121e-03]
 [2.05587269e-12 3.92422354e-09 9.01663993e-03 4.20315606e-03
  3.16517926e-03 2.63409278e-03 2.31842609e-03 2.10810545e-03
  1.95385197e-03 1.83427229e-03]
 [1.80986418e-12 1.90018308e-09 8.54186971e-03 3.70305576e-03
  2.72324949e-03 2.23932714e-03 1.95368401e-03 1.76518339e-03
  1.62829772e-03 1.52307808e-03]
 [1.61643917e-12 2.32156246e-02 8.12690948e-03 3.30837143e-03
  2.38283744e-03 1.94057002e-03 1.68102231e-03 1.51097675e-03
  1.38841610e-03 1.29481823e-03]
 [1.46036038e-12 1.57103017e-02 7.76043772e-03 2.98999488e-03
  2.11433907e-03 1.70842768e-03 1.47139062e-03 1.31697376e-03
  1.20632796e-03 1.12225919e-03]]

