CITRA_SYN vs ATP_syn
X [0.4 0.8 1.2 1.6 2.  2.4 2.8 3.2 3.6 4. ]
Y [ 10.8733  21.7466  32.6199  43.4932  54.3665  65.2398  76.1131  86.9864
  97.8597 108.733 ]
[[0.01867403 0.01703065 0.0166891  0.01649278 0.01634484 0.01621717
  0.01610206 0.01599676 0.01589984 0.01581028]
 [0.02033136 0.01770761 0.01759402 0.01710856 0.01669635 0.01634998
  0.01605436 0.01579954 0.01557799 0.01538371]
 [0.01784193 0.01387692 0.01405661 0.01345828 0.01290947 0.01244947
  0.01206309 0.01173687 0.01145962 0.01122204]
 [0.01468209 0.01017371 0.01034078 0.0097258  0.00916187 0.00869634
  0.00831253 0.00799484 0.00773008 0.00750735]
 [0.01190934 0.00747571 0.00752649 0.00694368 0.00643108 0.00601749
  0.00568379 0.0054132  0.00519184 0.00500856]
 [0.00969507 0.00562107 0.00556969 0.00504556 0.00460598 0.00425952
  0.00398584 0.00376807 0.0035927  0.00344928]
 [0.00796871 0.00434127 0.00422412 0.00376672 0.00339849 0.00311434
  0.00289405 0.00272154 0.00258431 0.00247306]
 [0.00662351 0.00343773 0.00328486 0.00289107 0.00258425 0.00235176
  0.0021744  0.00203727 0.00192918 0.00184207]
 [0.00556703 0.00278235 0.00261378 0.00227592 0.00201938 0.001828
  0.00168395 0.00157369 0.00148736 0.00141806]
 [0.00472832 0.00229445 0.00212231 0.00183183 0.00161575 0.0014567
  0.00133831 0.00124841 0.00117836 0.00112226]]

CITRA_SYN vs ATP_syn
X [0.4 0.8 1.2 1.6 2.  2.4 2.8 3.2 3.6 4. ]
Y [ 10.8733  21.7466  32.6199  43.4932  54.3665  65.2398  76.1131  86.9864
  97.8597 108.733 ]
[[0.01867403 0.01703065 0.0166891  0.01649278 0.01634484 0.01621717
  0.01610206 0.01599676 0.01589984 0.01581028]
 [0.02033136 0.01770761 0.01759402 0.01710856 0.01669635 0.01634998
  0.01605436 0.01579954 0.01557799 0.01538371]
 [0.01784193 0.01387692 0.01405661 0.01345828 0.01290947 0.01244947
  0.01206309 0.01173687 0.01145962 0.01122204]
 [0.01468209 0.01017371 0.01034078 0.0097258  0.00916187 0.00869634
  0.00831253 0.00799484 0.00773008 0.00750735]
 [0.01190934 0.00747571 0.00752649 0.00694368 0.00643108 0.00601749
  0.00568379 0.0054132  0.00519184 0.00500856]
 [0.00969507 0.00562107 0.00556969 0.00504556 0.00460598 0.00425952
  0.00398584 0.00376807 0.0035927  0.00344928]
 [0.00796871 0.00434127 0.00422412 0.00376672 0.00339849 0.00311434
  0.00289405 0.00272154 0.00258431 0.00247306]
 [0.00662351 0.00343773 0.00328486 0.00289107 0.00258425 0.00235176
  0.0021744  0.00203727 0.00192918 0.00184207]
 [0.00556703 0.00278235 0.00261378 0.00227592 0.00201938 0.001828
  0.00168395 0.00157369 0.00148736 0.00141806]
 [0.00472832 0.00229445 0.00212231 0.00183183 0.00161575 0.0014567
  0.00133831 0.00124841 0.00117836 0.00112226]]

