GLT vs ATP_MAINTENANCE
X [ 5.70584 11.41168 17.11752 22.82336 28.5292  34.23504 39.94088 45.64672
 51.35256 57.0584 ]
Y [0.130166 0.260332 0.390498 0.520664 0.65083  0.780996 0.911162 1.041328
 1.171494 1.30166 ]
[[1.37076037e-13 1.61899117e-03 6.36726235e-04 1.98033950e-04
  1.42276193e-04 1.12905828e-04 9.54922563e-05 8.39780967e-05
  7.57990780e-05 6.97022551e-05]
 [2.76045529e-13 2.83193883e-03 1.36802495e-03 4.17439999e-04
  2.99927338e-04 2.38321298e-04 2.01884795e-04 1.77804270e-04
  1.60670575e-04 1.47872829e-04]
 [4.16943777e-13 9.69553673e-10 2.16200335e-03 6.58735407e-04
  4.73166871e-04 3.76523271e-04 3.19498460e-04 2.81844130e-04
  2.55011559e-04 2.34927260e-04]
 [5.59806664e-13 1.47557327e-09 2.99043768e-03 9.22402050e-04
  6.62096521e-04 5.27720525e-04 4.48605065e-04 3.96427369e-04
  3.59194446e-04 3.31265409e-04]
 [7.04670127e-13 3.62241050e-03 3.83063471e-03 1.20888167e-03
  8.66692617e-04 6.92043226e-04 5.89418257e-04 5.21839264e-04
  4.73557529e-04 4.37262463e-04]
 [8.51572013e-13 5.94035691e-03 4.66552608e-03 1.51855261e-03
  1.08680229e-03 8.69532845e-04 7.42084677e-04 6.58309361e-04
  5.98396676e-04 5.53259394e-04]
 [1.00055332e-12 8.18152698e-03 5.48283078e-03 1.85167416e-03
  1.32213042e-03 1.06013286e-03 9.06675029e-04 8.06005830e-04
  7.33953512e-04 6.79552292e-04]
 [1.15165310e-12 1.04917209e-02 6.27425915e-03 2.20828352e-03
  1.57224026e-03 1.26368324e-03 1.08317567e-03 9.65022164e-04
  8.80405889e-04 8.16381169e-04]
 [1.30490901e-12 1.29606111e-02 7.03450837e-03 2.58803262e-03
  1.83655063e-03 1.47991013e-03 1.27148155e-03 1.13537054e-03
  1.03785745e-03 9.63918672e-04]
 [1.46036038e-12 1.57103017e-02 7.76043772e-03 2.98999488e-03
  2.11433907e-03 1.70842768e-03 1.47139062e-03 1.31697376e-03
  1.20632796e-03 1.12225919e-03]]

GLT vs ATP_MAINTENANCE
X [ 5.70584 11.41168 17.11752 22.82336 28.5292  34.23504 39.94088 45.64672
 51.35256 57.0584 ]
Y [0.130166 0.260332 0.390498 0.520664 0.65083  0.780996 0.911162 1.041328
 1.171494 1.30166 ]
[[1.37076037e-13 1.61899117e-03 6.36726235e-04 1.98033950e-04
  1.42276193e-04 1.12905828e-04 9.54922563e-05 8.39780967e-05
  7.57990780e-05 6.97022551e-05]
 [2.76045529e-13 2.83193883e-03 1.36802495e-03 4.17439999e-04
  2.99927338e-04 2.38321298e-04 2.01884795e-04 1.77804270e-04
  1.60670575e-04 1.47872829e-04]
 [4.16943777e-13 9.69553673e-10 2.16200335e-03 6.58735407e-04
  4.73166871e-04 3.76523271e-04 3.19498460e-04 2.81844130e-04
  2.55011559e-04 2.34927260e-04]
 [5.59806664e-13 1.47557327e-09 2.99043768e-03 9.22402050e-04
  6.62096521e-04 5.27720525e-04 4.48605065e-04 3.96427369e-04
  3.59194446e-04 3.31265409e-04]
 [7.04670127e-13 3.62241050e-03 3.83063471e-03 1.20888167e-03
  8.66692617e-04 6.92043226e-04 5.89418257e-04 5.21839264e-04
  4.73557529e-04 4.37262463e-04]
 [8.51572013e-13 5.94035691e-03 4.66552608e-03 1.51855261e-03
  1.08680229e-03 8.69532845e-04 7.42084677e-04 6.58309361e-04
  5.98396676e-04 5.53259394e-04]
 [1.00055332e-12 8.18152698e-03 5.48283078e-03 1.85167416e-03
  1.32213042e-03 1.06013286e-03 9.06675029e-04 8.06005830e-04
  7.33953512e-04 6.79552292e-04]
 [1.15165310e-12 1.04917209e-02 6.27425915e-03 2.20828352e-03
  1.57224026e-03 1.26368324e-03 1.08317567e-03 9.65022164e-04
  8.80405889e-04 8.16381169e-04]
 [1.30490901e-12 1.29606111e-02 7.03450837e-03 2.58803262e-03
  1.83655063e-03 1.47991013e-03 1.27148155e-03 1.13537054e-03
  1.03785745e-03 9.63918672e-04]
 [1.46036038e-12 1.57103017e-02 7.76043772e-03 2.98999488e-03
  2.11433907e-03 1.70842768e-03 1.47139062e-03 1.31697376e-03
  1.20632796e-03 1.12225919e-03]]

