CITRA_SYN vs GDH
X [0.4 0.8 1.2 1.6 2.  2.4 2.8 3.2 3.6 4. ]
Y [0.866573 1.733146 2.599719 3.466292 4.332865 5.199438 6.066011 6.932584
 7.799157 8.66573 ]
[[7.85536681e-03 1.27543076e-02 1.51509878e-02 1.61786766e-02
  1.64238692e-02 1.64078703e-02 1.62969113e-02 1.61475199e-02
  1.59820249e-02 1.58102764e-02]
 [9.18644900e-05 9.21017895e-03 1.41771000e-02 1.62986300e-02
  1.67980210e-02 1.67385711e-02 1.64758669e-02 1.61339639e-02
  1.57625768e-02 1.53837080e-02]
 [7.29949440e-06 4.78309528e-03 1.00840414e-02 1.24939667e-02
  1.30375522e-02 1.29211304e-02 1.25703521e-02 1.21360521e-02
  1.16780636e-02 1.12220409e-02]
 [2.13716939e-06 2.36822150e-03 6.62849342e-03 8.75451710e-03
  9.22543082e-03 9.09239695e-03 8.75001208e-03 8.34018318e-03
  7.91836514e-03 7.50734980e-03]
 [8.66090280e-07 1.26553967e-03 4.34609902e-03 6.02431034e-03
  6.40202337e-03 6.28756252e-03 6.00444743e-03 5.67101243e-03
  5.33301047e-03 5.00855803e-03]
 [4.03521738e-07 7.45526203e-04 2.93333096e-03 4.21081682e-03
  4.51033440e-03 4.42503722e-03 4.20741873e-03 3.95172546e-03
  3.69431714e-03 3.44927593e-03]
 [2.03894295e-07 4.76726444e-04 2.05563452e-03 3.02879271e-03
  3.26928250e-03 3.21005325e-03 3.04632786e-03 2.85262411e-03
  2.65783282e-03 2.47305996e-03]
 [1.09703145e-07 3.24678009e-04 1.49431737e-03 2.24762191e-03
  2.44421673e-03 2.40452254e-03 2.28089952e-03 2.13282379e-03
  1.98355951e-03 1.84206772e-03]
 [6.25083941e-08 2.32016234e-04 1.12235615e-03 1.71756617e-03
  1.88105542e-03 1.85502307e-03 1.76034315e-03 1.64520350e-03
  1.52864766e-03 1.41805787e-03]
 [3.76210559e-08 1.72122288e-04 8.67141473e-04 1.34711662e-03
  1.48511069e-03 1.46838770e-03 1.39457326e-03 1.30333093e-03
  1.21049644e-03 1.12225919e-03]]

CITRA_SYN vs GDH
X [0.4 0.8 1.2 1.6 2.  2.4 2.8 3.2 3.6 4. ]
Y [0.866573 1.733146 2.599719 3.466292 4.332865 5.199438 6.066011 6.932584
 7.799157 8.66573 ]
[[7.85536681e-03 1.27543076e-02 1.51509878e-02 1.61786766e-02
  1.64238692e-02 1.64078703e-02 1.62969113e-02 1.61475199e-02
  1.59820249e-02 1.58102764e-02]
 [9.18644900e-05 9.21017895e-03 1.41771000e-02 1.62986300e-02
  1.67980210e-02 1.67385711e-02 1.64758669e-02 1.61339639e-02
  1.57625768e-02 1.53837080e-02]
 [7.29949440e-06 4.78309528e-03 1.00840414e-02 1.24939667e-02
  1.30375522e-02 1.29211304e-02 1.25703521e-02 1.21360521e-02
  1.16780636e-02 1.12220409e-02]
 [2.13716939e-06 2.36822150e-03 6.62849342e-03 8.75451710e-03
  9.22543082e-03 9.09239695e-03 8.75001208e-03 8.34018318e-03
  7.91836514e-03 7.50734980e-03]
 [8.66090280e-07 1.26553967e-03 4.34609902e-03 6.02431034e-03
  6.40202337e-03 6.28756252e-03 6.00444743e-03 5.67101243e-03
  5.33301047e-03 5.00855803e-03]
 [4.03521738e-07 7.45526203e-04 2.93333096e-03 4.21081682e-03
  4.51033440e-03 4.42503722e-03 4.20741873e-03 3.95172546e-03
  3.69431714e-03 3.44927593e-03]
 [2.03894295e-07 4.76726444e-04 2.05563452e-03 3.02879271e-03
  3.26928250e-03 3.21005325e-03 3.04632786e-03 2.85262411e-03
  2.65783282e-03 2.47305996e-03]
 [1.09703145e-07 3.24678009e-04 1.49431737e-03 2.24762191e-03
  2.44421673e-03 2.40452254e-03 2.28089952e-03 2.13282379e-03
  1.98355951e-03 1.84206772e-03]
 [6.25083941e-08 2.32016234e-04 1.12235615e-03 1.71756617e-03
  1.88105542e-03 1.85502307e-03 1.76034315e-03 1.64520350e-03
  1.52864766e-03 1.41805787e-03]
 [3.76210559e-08 1.72122288e-04 8.67141473e-04 1.34711662e-03
  1.48511069e-03 1.46838770e-03 1.39457326e-03 1.30333093e-03
  1.21049644e-03 1.12225919e-03]]

