CITRA_SYN vs GLT
X [0.4 0.8 1.2 1.6 2.  2.4 2.8 3.2 3.6 4. ]
Y [ 5.70584 11.41168 17.11752 22.82336 28.5292  34.23504 39.94088 45.64672
 51.35256 57.0584 ]
[[5.51904080e-03 1.15098569e-02 1.47910883e-02 1.63260706e-02
  1.69353683e-02 1.70523191e-02 1.69015067e-02 1.66037889e-02
  1.62269410e-02 1.58102764e-02]
 [1.34045063e-03 3.42882040e-03 5.88915433e-03 8.27217429e-03
  1.03194157e-02 1.19631060e-02 1.32319312e-02 1.41854519e-02
  1.48849615e-02 1.53837080e-02]
 [6.28951886e-04 1.51423498e-03 2.63412819e-03 3.92671391e-03
  5.30575381e-03 6.68548461e-03 7.99900527e-03 9.20411249e-03
  1.02802075e-02 1.12220409e-02]
 [3.70726156e-04 8.55912191e-04 1.45748708e-03 2.16875376e-03
  2.97378773e-03 3.84899490e-03 4.76648027e-03 5.69803028e-03
  6.61841865e-03 7.50734980e-03]
 [2.46662449e-04 5.54174733e-04 9.25334194e-04 1.36071415e-03
  1.85813156e-03 2.41239760e-03 3.01547589e-03 3.65705758e-03
  4.32544737e-03 5.00855803e-03]
 [1.76984797e-04 3.90228403e-04 6.41696002e-04 9.32665138e-04
  1.26350932e-03 1.63351369e-03 2.04076079e-03 2.48211736e-03
  2.95333777e-03 3.44927593e-03]
 [1.33688669e-04 2.90768992e-04 4.72535977e-04 6.80041601e-04
  9.14007349e-04 1.17473677e-03 1.46203820e-03 1.77516803e-03
  2.11280466e-03 2.47305996e-03]
 [1.04815621e-04 2.25627131e-04 3.63297591e-04 5.18596008e-04
  6.92159594e-04 8.84453314e-04 1.09572964e-03 1.32599163e-03
  1.57496274e-03 1.84206772e-03]
 [8.45320110e-05 1.80500218e-04 2.88495206e-04 4.09069160e-04
  5.42718371e-04 6.89863856e-04 8.50831000e-04 1.02582882e-03
  1.21493077e-03 1.41805787e-03]
 [6.97022551e-05 1.47872829e-04 2.34927260e-04 3.31265409e-04
  4.37262463e-04 5.53259394e-04 6.79552292e-04 8.16381169e-04
  9.63918672e-04 1.12225919e-03]]

CITRA_SYN vs GLT
X [0.4 0.8 1.2 1.6 2.  2.4 2.8 3.2 3.6 4. ]
Y [ 5.70584 11.41168 17.11752 22.82336 28.5292  34.23504 39.94088 45.64672
 51.35256 57.0584 ]
[[5.51904080e-03 1.15098569e-02 1.47910883e-02 1.63260706e-02
  1.69353683e-02 1.70523191e-02 1.69015067e-02 1.66037889e-02
  1.62269410e-02 1.58102764e-02]
 [1.34045063e-03 3.42882040e-03 5.88915433e-03 8.27217429e-03
  1.03194157e-02 1.19631060e-02 1.32319312e-02 1.41854519e-02
  1.48849615e-02 1.53837080e-02]
 [6.28951886e-04 1.51423498e-03 2.63412819e-03 3.92671391e-03
  5.30575381e-03 6.68548461e-03 7.99900527e-03 9.20411249e-03
  1.02802075e-02 1.12220409e-02]
 [3.70726156e-04 8.55912191e-04 1.45748708e-03 2.16875376e-03
  2.97378773e-03 3.84899490e-03 4.76648027e-03 5.69803028e-03
  6.61841865e-03 7.50734980e-03]
 [2.46662449e-04 5.54174733e-04 9.25334194e-04 1.36071415e-03
  1.85813156e-03 2.41239760e-03 3.01547589e-03 3.65705758e-03
  4.32544737e-03 5.00855803e-03]
 [1.76984797e-04 3.90228403e-04 6.41696002e-04 9.32665138e-04
  1.26350932e-03 1.63351369e-03 2.04076079e-03 2.48211736e-03
  2.95333777e-03 3.44927593e-03]
 [1.33688669e-04 2.90768992e-04 4.72535977e-04 6.80041601e-04
  9.14007349e-04 1.17473677e-03 1.46203820e-03 1.77516803e-03
  2.11280466e-03 2.47305996e-03]
 [1.04815621e-04 2.25627131e-04 3.63297591e-04 5.18596008e-04
  6.92159594e-04 8.84453314e-04 1.09572964e-03 1.32599163e-03
  1.57496274e-03 1.84206772e-03]
 [8.45320110e-05 1.80500218e-04 2.88495206e-04 4.09069160e-04
  5.42718371e-04 6.89863856e-04 8.50831000e-04 1.02582882e-03
  1.21493077e-03 1.41805787e-03]
 [6.97022551e-05 1.47872829e-04 2.34927260e-04 3.31265409e-04
  4.37262463e-04 5.53259394e-04 6.79552292e-04 8.16381169e-04
  9.63918672e-04 1.12225919e-03]]

