GDH vs ACEA
X [0.866573 1.733146 2.599719 3.466292 4.332865 5.199438 6.066011 6.932584
 7.799157 8.66573 ]
Y [0.152595 0.30519  0.457785 0.61038  0.762975 0.91557  1.068165 1.22076
 1.373355 1.52595 ]
[[4.97598544e-08 4.81108793e-08 4.65406039e-08 4.50504490e-08
  4.36379898e-08 4.23003289e-08 4.10339235e-08 3.98344831e-08
  3.86982147e-08 3.76210559e-08]
 [4.26456461e-04 3.55570549e-04 3.08580634e-04 2.74424181e-04
  2.48147340e-04 2.27133728e-04 2.09847401e-04 1.95317094e-04
  1.82893220e-04 1.72122288e-04]
 [1.88884693e-03 1.63004699e-03 1.44732299e-03 1.30902661e-03
  1.19951314e-03 1.10997541e-03 1.03500098e-03 9.71045332e-04
  9.15672008e-04 8.67141473e-04]
 [2.72534205e-03 2.39827288e-03 2.15788156e-03 1.97100878e-03
  1.82012611e-03 1.69490871e-03 1.58879538e-03 1.49737945e-03
  1.41756815e-03 1.34711662e-03]
 [2.93945134e-03 2.60174334e-03 2.35023542e-03 2.15299958e-03
  1.99274270e-03 1.85910445e-03 1.74542354e-03 1.64718251e-03
  1.56118886e-03 1.48511069e-03]
 [2.89762048e-03 2.56716046e-03 2.32034511e-03 2.12645897e-03
  1.96874618e-03 1.83712708e-03 1.72509960e-03 1.62824578e-03
  1.54343766e-03 1.46838770e-03]
 [2.76271093e-03 2.44557202e-03 2.20898497e-03 2.02332387e-03
  1.87243455e-03 1.74660552e-03 1.63957723e-03 1.54709885e-03
  1.46616349e-03 1.39457326e-03]
 [2.59864960e-03 2.29681604e-03 2.07227997e-03 1.89644673e-03
  1.75378139e-03 1.63497018e-03 1.53402469e-03 1.44688501e-03
  1.37068452e-03 1.30333093e-03]
 [2.43111268e-03 2.14491991e-03 1.93275148e-03 1.76701866e-03
  1.63280690e-03 1.52120782e-03 1.42650965e-03 1.34485008e-03
  1.27350706e-03 1.21049644e-03]
 [2.27045143e-03 1.99951379e-03 1.79938128e-03 1.64345473e-03
  1.51743267e-03 1.41280700e-03 1.32413931e-03 1.24776171e-03
  1.18109393e-03 1.12225919e-03]]

