ATP_MAINTENANCE vs ATP_syn
X [0.130166   0.17056234 0.21095869 0.25135503 0.29175138 0.33214772
 0.37254407 0.41294041 0.45333676 0.4937331  0.53412945 0.57452579
 0.61492214 0.65531848 0.69571483 0.73611117 0.77650752 0.81690386
 0.85730021 0.89769655 0.9380929  0.97848924 1.01888559 1.05928193
 1.09967828 1.14007462 1.18047097 1.22086731 1.26126366 1.30166   ]
Y [21.7466     22.12154138 22.49648276 22.87142414 23.24636552 23.6213069
 23.99624828 24.37118966 24.74613103 25.12107241 25.49601379 25.87095517
 26.24589655 26.62083793 26.99577931 27.37072069 27.74566207 28.12060345
 28.49554483 28.87048621 29.24542759 29.62036897 29.99531034 30.37025172
 30.7451931  31.12013448 31.49507586 31.87001724 32.24495862 32.6199    ]
[[5.53568831e-14 5.73776249e-14 5.94427399e-14 6.15524052e-14
  6.37071874e-14 6.59064975e-14 6.81520241e-14 7.04417290e-14
  7.27774499e-14 7.51594934e-14 7.75869601e-14 8.00613992e-14
  8.25808923e-14 8.51471983e-14 8.77597845e-14 9.04196721e-14
  9.31260065e-14 9.58786149e-14 9.86782121e-14 1.01524769e-13
  1.04418110e-13 1.07358329e-13 1.10345653e-13 1.13379090e-13
  1.16459985e-13 1.19587892e-13 1.22762420e-13 1.25983788e-13
  1.29251733e-13 1.32566810e-13]
 [1.03864824e-12 1.08617911e-12 1.13502494e-12 1.18520307e-12
  1.23669890e-12 1.28952840e-12 1.34370560e-12 1.39921462e-12
  1.45606603e-12 1.51428213e-12 1.57383264e-12 1.63473607e-12
  1.69698885e-12 1.76059143e-12 1.82554334e-12 1.89185540e-12
  1.95948800e-12 2.02849743e-12 2.09883473e-12 2.17050897e-12
  2.24352374e-12 2.31786566e-12 2.39353146e-12 2.47052935e-12
  2.54883432e-12 2.62845038e-12 2.70936983e-12 2.79159250e-12
  2.87510891e-12 2.95990248e-12]
 [1.18025138e-11 1.24194750e-11 1.30552950e-11 1.37097198e-11
  1.43828956e-11 1.50747463e-11 1.57854058e-11 1.65145681e-11
  1.72622079e-11 1.80283410e-11 1.88128036e-11 1.96155444e-11
  2.04365200e-11 2.12758374e-11 2.21329672e-11 2.30083399e-11
  2.39015083e-11 2.48125432e-11 2.57409675e-11 2.66872312e-11
  2.76508731e-11 2.86315674e-11 2.96299075e-11 3.06448052e-11
  3.16766135e-11 3.27253821e-11 3.37902553e-11 3.48717786e-11
  3.59691399e-11 3.70828402e-11]
 [2.71595314e-11 2.45717106e-11 1.75470312e-04 7.74009921e-09
  2.98093057e-11 2.50779401e-11 2.78839209e-04 3.92314673e-11
  3.15172649e-11 1.61631393e-05 2.87028782e-05 3.64934628e-11
  1.47450697e-11 1.23411917e-05 3.59973679e-11 6.39105997e-04
  3.42894394e-11 4.10848587e-11 3.77370166e-04 1.44096945e-02
  1.54552154e-02 1.49681793e-02 1.47871330e-02 1.48790949e-02
  1.50715395e-02 1.52927400e-02 1.55166742e-02 1.57367888e-02
  1.59494208e-02 1.61542892e-02]
 [1.21094123e-10 1.36921031e-10 1.54953401e-10 1.75102007e-10
  1.97552231e-10 2.23178412e-10 2.51161691e-10 2.81918446e-10
  3.16744604e-10 3.55117163e-10 4.00894486e-10 1.52625007e-08
  6.71662488e-04 2.70373452e-03 4.39379959e-03 5.93715024e-03
  7.35707947e-03 8.41785403e-03 9.33599224e-03 1.00720599e-02
  1.06975380e-02 1.12171323e-02 1.17484899e-02 1.21883684e-02
  1.26416656e-02 1.30788450e-02 1.35116184e-02 1.38577830e-02
  1.42230965e-02 1.45874649e-02]
 [1.44412970e-02 1.47300653e-02 1.49318468e-02 1.50448926e-02
  1.50686202e-02 1.49996293e-02 1.48407204e-02 1.45900589e-02
  1.42646583e-02 1.38482973e-02 1.33103503e-02 1.26307071e-02
  1.18283509e-02 1.07300614e-02 9.31628499e-03 6.26851209e-03
  2.65512350e-03 2.76637798e-09 2.63443109e-09 9.78306462e-11
  2.21932079e-10 1.65435393e-10 1.45022800e-05 1.63989010e-08
  1.64195716e-02 1.48669499e-02 1.04801249e-02 1.66127533e-02
  1.63668575e-02 1.77875416e-02]
 [1.63182559e-03 1.71028635e-03 1.78885737e-03 1.86783924e-03
  1.94743238e-03 2.02790534e-03 2.10936367e-03 2.19198637e-03
  2.27580536e-03 2.36094397e-03 2.44743886e-03 2.53536198e-03
  2.62472549e-03 2.71557010e-03 2.80790813e-03 2.90172954e-03
  2.99703668e-03 3.09380885e-03 3.19202194e-03 3.29164343e-03
  3.39262084e-03 3.49490269e-03 3.59843428e-03 3.70313094e-03
  3.80892303e-03 3.91571074e-03 4.02342789e-03 4.13193922e-03
  4.24117565e-03 4.35100133e-03]
 [2.98206337e-03 3.09993249e-03 3.21994786e-03 3.34199836e-03
  3.46597670e-03 3.59175524e-03 3.71918668e-03 3.84810991e-03
  3.97836892e-03 4.10976693e-03 4.24210904e-03 4.37521914e-03
  4.50887260e-03 4.64285720e-03 4.77696238e-03 4.91098459e-03
  5.04469962e-03 5.17789636e-03 5.31038357e-03 5.44195646e-03
  5.57242266e-03 5.70162727e-03 5.82940122e-03 5.95556103e-03
  6.07999497e-03 6.20255017e-03 6.32311975e-03 6.44162594e-03
  6.55794402e-03 6.67200190e-03]
 [4.32600642e-03 4.48115892e-03 4.63670742e-03 4.79227271e-03
  4.94752072e-03 5.10212373e-03 5.25570940e-03 5.40796299e-03
  5.55855301e-03 5.70719481e-03 5.85358450e-03 5.99746653e-03
  6.13859527e-03 6.27674904e-03 6.41172358e-03 6.54334693e-03
  6.67146885e-03 6.79593982e-03 6.91665911e-03 7.03352723e-03
  7.14647684e-03 7.25542739e-03 7.36035822e-03 7.46121551e-03
  7.55799558e-03 7.65068071e-03 7.73927088e-03 7.82379298e-03
  7.90424777e-03 7.98066820e-03]
 [5.51831336e-03 5.68337680e-03 5.84516479e-03 6.00322221e-03
  6.15717595e-03 6.30665069e-03 6.45130234e-03 6.59090539e-03
  6.72514897e-03 6.85383295e-03 6.97678017e-03 7.09383589e-03
  7.20487948e-03 7.30982773e-03 7.40862108e-03 7.50121351e-03
  7.58759969e-03 7.66777621e-03 7.74177753e-03 7.80965780e-03
  7.87144980e-03 7.92725734e-03 7.97717645e-03 8.02128671e-03
  8.05973349e-03 8.09263278e-03 8.12012505e-03 8.14237769e-03
  8.15952768e-03 8.17175198e-03]
 [6.40577158e-03 6.54978117e-03 6.68611687e-03 6.81444157e-03
  6.93445380e-03 7.04592863e-03 7.14866511e-03 7.24254712e-03
  7.32748640e-03 7.40346489e-03 7.47048303e-03 7.52861156e-03
  7.57795123e-03 7.61863648e-03 7.65085103e-03 7.67481657e-03
  7.69078721e-03 7.69902979e-03 7.69986744e-03 7.69363421e-03
  7.68069223e-03 7.66139805e-03 7.63618892e-03 7.60541872e-03
  7.56954144e-03 7.52894315e-03 7.48407249e-03 7.43533483e-03
  7.38311155e-03 7.32781810e-03]
 [6.89636426e-03 6.98881057e-03 7.06900657e-03 7.13684109e-03
  7.19229842e-03 7.23546295e-03 7.26649072e-03 7.28566159e-03
  7.29327621e-03 7.28980450e-03 7.27571941e-03 7.25160824e-03
  7.21805577e-03 7.17577724e-03 7.12546252e-03 7.06785109e-03
  7.00369941e-03 6.93377457e-03 6.85880751e-03 6.77953249e-03
  6.69667025e-03 6.61086610e-03 6.52276462e-03 6.43292699e-03
  6.34188953e-03 6.25013775e-03 6.15809886e-03 6.06611543e-03
  5.97458355e-03 5.88374925e-03]
 [6.93564689e-03 6.94896590e-03 6.94652251e-03 6.92887694e-03
  6.89676422e-03 6.85103547e-03 6.79269966e-03 6.72285877e-03
  6.64271211e-03 6.55347129e-03 6.45642110e-03 6.35279252e-03
  6.24381875e-03 6.13068293e-03 6.01447249e-03 5.89620858e-03
  5.77678539e-03 5.65705447e-03 5.53773293e-03 5.41942467e-03
  5.30268788e-03 5.18796748e-03 5.07565739e-03 4.96605318e-03
  4.85939655e-03 4.75594653e-03 4.65578757e-03 4.55910325e-03
  4.46595204e-03 4.37642606e-03]
 [6.51543744e-03 6.43464172e-03 6.33871098e-03 6.22945059e-03
  6.10876077e-03 5.97863190e-03 5.84099023e-03 5.69774731e-03
  5.55070787e-03 5.40154477e-03 5.25173799e-03 5.10266226e-03
  4.95550779e-03 4.81125192e-03 4.67084351e-03 4.53497245e-03
  4.40433170e-03 4.27937317e-03 4.16055526e-03 4.04813535e-03
  3.94238253e-03 3.84333467e-03 3.75108399e-03 3.66547651e-03
  3.58638489e-03 3.51356589e-03 3.44672568e-03 3.38551598e-03
  3.32959804e-03 3.27852874e-03]
 [5.70734345e-03 5.54269531e-03 5.36995758e-03 5.19196250e-03
  5.01142494e-03 4.83082938e-03 4.65246892e-03 4.47838469e-03
  4.31037068e-03 4.15004973e-03 3.99870079e-03 3.85740803e-03
  3.72689430e-03 3.60757968e-03 3.49959217e-03 3.40260942e-03
  3.31617237e-03 3.23960353e-03 3.17203155e-03 3.11258991e-03
  3.06035013e-03 3.01448330e-03 2.97418992e-03 2.93874292e-03
  2.90753131e-03 2.87997532e-03 2.85559918e-03 2.83398342e-03
  2.81475960e-03 2.79761763e-03]
 [4.67218279e-03 4.46179752e-03 4.25648197e-03 4.05967887e-03
  3.87452999e-03 3.70356833e-03 3.54865675e-03 3.41076908e-03
  3.28999937e-03 3.18570563e-03 3.09653672e-03 3.02085969e-03
  2.95692907e-03 2.90298772e-03 2.85750674e-03 2.81910042e-03
  2.78661256e-03 2.75905366e-03 2.73561178e-03 2.71561628e-03
  2.69850940e-03 2.68382730e-03 2.67118835e-03 2.66027445e-03
  2.65081870e-03 2.64259474e-03 2.63541299e-03 2.62911179e-03
  2.62355115e-03 2.61861360e-03]
 [3.64733887e-03 3.46096616e-03 3.29819007e-03 3.15965990e-03
  3.04419656e-03 2.94938467e-03 2.87230981e-03 2.80990223e-03
  2.75945014e-03 2.71863885e-03 2.68553425e-03 2.65864413e-03
  2.63673463e-03 2.61885417e-03 2.60421949e-03 2.59224708e-03
  2.58243454e-03 2.57439457e-03 2.56780458e-03 2.56239940e-03
  2.55796863e-03 2.55432670e-03 2.55132339e-03 2.54883036e-03
  2.54673868e-03 2.54495408e-03 2.54339506e-03 2.54199098e-03
  2.54068025e-03 2.53940825e-03]
 [2.93221427e-03 2.83247501e-03 2.75474105e-03 2.69445575e-03
  2.64774586e-03 2.61152864e-03 2.58340810e-03 2.56156524e-03
  2.54460341e-03 2.53146120e-03 2.52133792e-03 2.51358991e-03
  2.50772891e-03 2.50336253e-03 2.50018266e-03 2.49793815e-03
  2.49642349e-03 2.49547177e-03 2.49494246e-03 2.49471831e-03
  2.49470119e-03 2.49480665e-03 2.49496005e-03 2.49509961e-03
  2.49517169e-03 2.49512779e-03 2.49492531e-03 2.49453030e-03
  2.49391061e-03 2.49304082e-03]
 [2.58929831e-03 2.54955053e-03 2.52008227e-03 2.49829026e-03
  2.48227692e-03 2.47063855e-03 2.46233722e-03 2.45659029e-03
  2.45280948e-03 2.45053448e-03 2.44941390e-03 2.44916527e-03
  2.44956540e-03 2.45043673e-03 2.45162870e-03 2.45302014e-03
  2.45451168e-03 2.45601409e-03 2.45745868e-03 2.45878045e-03
  2.45992724e-03 2.46085271e-03 2.46151697e-03 2.46188677e-03
  2.46193389e-03 2.46163415e-03 2.46096922e-03 2.45992432e-03
  2.45848959e-03 2.45666126e-03]
 [2.43979909e-03 2.42620726e-03 2.41713297e-03 2.41141585e-03
  2.40818996e-03 2.40681890e-03 2.40682420e-03 2.40783486e-03
  2.40957009e-03 2.41180223e-03 2.41435790e-03 2.41708859e-03
  2.41988002e-03 2.42263447e-03 2.42527183e-03 2.42772299e-03
  2.42993170e-03 2.43184777e-03 2.43343021e-03 2.43464419e-03
  2.43545993e-03 2.43585350e-03 2.43580645e-03 2.43530421e-03
  2.43434105e-03 2.43290925e-03 2.43100830e-03 2.42864574e-03
  2.42582845e-03 2.42256755e-03]
 [2.37044584e-03 2.36842113e-03 2.36843249e-03 2.36990439e-03
  2.37240321e-03 2.37560414e-03 2.37925649e-03 2.38316532e-03
  2.38717576e-03 2.39116440e-03 2.39502993e-03 2.39869001e-03
  2.40207595e-03 2.40512967e-03 2.40780277e-03 2.41005786e-03
  2.41185895e-03 2.41317775e-03 2.41399539e-03 2.41429421e-03
  2.41406347e-03 2.41329709e-03 2.41199436e-03 2.41015931e-03
  2.40779981e-03 2.40492723e-03 2.40155945e-03 2.39771634e-03
  2.39342030e-03 2.38869673e-03]
 [2.33633838e-03 2.33981136e-03 2.34411259e-03 2.34892996e-03
  2.35402337e-03 2.35920972e-03 2.36434418e-03 2.36931232e-03
  2.37402241e-03 2.37839880e-03 2.38238066e-03 2.38591686e-03
  2.38896563e-03 2.39149267e-03 2.39347010e-03 2.39487684e-03
  2.39569626e-03 2.39591945e-03 2.39554055e-03 2.39456004e-03
  2.39298276e-03 2.39081944e-03 2.38808456e-03 2.38479720e-03
  2.38097961e-03 2.37665830e-03 2.37186103e-03 2.36661958e-03
  2.36096583e-03 2.35493296e-03]
 [2.31901639e-03 2.32514522e-03 2.33144242e-03 2.33772305e-03
  2.34384283e-03 2.34968978e-03 2.35517462e-03 2.36022693e-03
  2.36478662e-03 2.36880906e-03 2.37225523e-03 2.37509469e-03
  2.37730395e-03 2.37886575e-03 2.37976857e-03 2.38000639e-03
  2.37957831e-03 2.37849106e-03 2.37675213e-03 2.37437857e-03
  2.37138936e-03 2.36780803e-03 2.36366163e-03 2.35898356e-03
  2.35380425e-03 2.34816011e-03 2.34208709e-03 2.33562156e-03
  2.32880125e-03 2.32166213e-03]
 [2.31005300e-03 2.31736113e-03 2.32443592e-03 2.33115968e-03
  2.33744190e-03 2.34321039e-03 2.34840895e-03 2.35299123e-03
  2.35692210e-03 2.36017278e-03 2.36272234e-03 2.36455617e-03
  2.36566546e-03 2.36604718e-03 2.36570446e-03 2.36464513e-03
  2.36288333e-03 2.36043749e-03 2.35733045e-03 2.35359019e-03
  2.34924760e-03 2.34433894e-03 2.33889884e-03 2.33296751e-03
  2.32658420e-03 2.31978948e-03 2.31262239e-03 2.30512278e-03
  2.29732883e-03 2.28927871e-03]
 [2.30527099e-03 2.31292513e-03 2.32007804e-03 2.32665427e-03
  2.33259429e-03 2.33785239e-03 2.34239275e-03 2.34618687e-03
  2.34921577e-03 2.35146646e-03 2.35293060e-03 2.35360817e-03
  2.35350282e-03 2.35262628e-03 2.35099338e-03 2.34862458e-03
  2.34554689e-03 2.34178945e-03 2.33738827e-03 2.33238000e-03
  2.32680328e-03 2.32070152e-03 2.31411722e-03 2.30709383e-03
  2.29967450e-03 2.29190095e-03 2.28381471e-03 2.27545422e-03
  2.26685657e-03 2.25805734e-03]
 [2.30248254e-03 2.30998332e-03 2.31679479e-03 2.32286762e-03
  2.32816390e-03 2.33265526e-03 2.33632154e-03 2.33914999e-03
  2.34113334e-03 2.34227124e-03 2.34256931e-03 2.34203902e-03
  2.34069547e-03 2.33856457e-03 2.33567042e-03 2.33204644e-03
  2.32772781e-03 2.32275585e-03 2.31717181e-03 2.31102059e-03
  2.30434790e-03 2.29720008e-03 2.28962347e-03 2.28166331e-03
  2.27336399e-03 2.26476444e-03 2.25590898e-03 2.24683215e-03
  2.23757015e-03 2.22815373e-03]
 [2.30050719e-03 2.30754692e-03 2.31375930e-03 2.31911288e-03
  2.32358580e-03 2.32716391e-03 2.32983986e-03 2.33161269e-03
  2.33248804e-03 2.33247615e-03 2.33159453e-03 2.32986634e-03
  2.32731810e-03 2.32398329e-03 2.31989922e-03 2.31510692e-03
  2.30964976e-03 2.30357688e-03 2.29693484e-03 2.28977282e-03
  2.28213893e-03 2.27408450e-03 2.26565444e-03 2.25689459e-03
  2.24784828e-03 2.23855565e-03 2.22905488e-03 2.21938072e-03
  2.20956525e-03 2.19963773e-03]
 [2.29870546e-03 2.30509299e-03 2.31054846e-03 2.31505538e-03
  2.31860444e-03 2.32119434e-03 2.32282581e-03 2.32351269e-03
  2.32326940e-03 2.32211874e-03 2.32008635e-03 2.31720603e-03
  2.31351510e-03 2.30905551e-03 2.30387222e-03 2.29801355e-03
  2.29152974e-03 2.28447222e-03 2.27689359e-03 2.26884467e-03
  2.26037616e-03 2.25153756e-03 2.24237486e-03 2.23293299e-03
  2.22325276e-03 2.21337267e-03 2.20332827e-03 2.19315169e-03
  2.18287180e-03 2.17251492e-03]
 [2.29674009e-03 2.30235892e-03 2.30696591e-03 2.31055571e-03
  2.31313255e-03 2.31470279e-03 2.31528175e-03 2.31488927e-03
  2.31355143e-03 2.31129981e-03 2.30817098e-03 2.30420664e-03
  2.29945192e-03 2.29395626e-03 2.28777040e-03 2.28094965e-03
  2.27354627e-03 2.26561618e-03 2.25721309e-03 2.24838886e-03
  2.23919514e-03 2.22967961e-03 2.21988738e-03 2.20986111e-03
  2.19964017e-03 2.18926029e-03 2.17875325e-03 2.16815082e-03
  2.15747692e-03 2.14675648e-03]
 [2.29444604e-03 2.29922805e-03 2.30293827e-03 2.30558274e-03
  2.30717286e-03 2.30772693e-03 2.30726885e-03 2.30582862e-03
  2.30344010e-03 2.30014442e-03 2.29598607e-03 2.29101433e-03
  2.28527989e-03 2.27883935e-03 2.27174815e-03 2.26406353e-03
  2.25584165e-03 2.24713990e-03 2.23801182e-03 2.22851066e-03
  2.21868526e-03 2.20858358e-03 2.19824750e-03 2.18771723e-03
  2.17703329e-03 2.16622429e-03 2.15532216e-03 2.14435342e-03
  2.13334240e-03 2.12231015e-03]]

ATP_MAINTENANCE vs ATP_syn
X [0.260332   0.26482048 0.26930897 0.27379745 0.27828593 0.28277441
 0.2872629  0.29175138 0.29623986 0.30072834 0.30521683 0.30970531
 0.31419379 0.31868228 0.32317076 0.32765924 0.33214772 0.33663621
 0.34112469 0.34561317 0.35010166 0.35459014 0.35907862 0.3635671
 0.36805559 0.37254407 0.37703255 0.38152103 0.38600952 0.390498  ]
Y [ 10.8733      14.24777241  17.62224483  20.99671724  24.37118966
  27.74566207  31.12013448  34.4946069   37.86907931  41.24355172
  44.61802414  47.99249655  51.36696897  54.74144138  58.11591379
  61.49038621  64.86485862  68.23933103  71.61380345  74.98827586
  78.36274828  81.73722069  85.1116931   88.48616552  91.86063793
  95.23511034  98.60958276 101.98405517 105.35852759 108.733     ]
[[9.55047672e-09 1.26922205e-11 1.74321904e-11 2.41296548e-11
  7.04535850e-04 7.04409381e-04 6.37778557e-12 1.78469567e-10
  3.65685528e-10 5.45243203e-10 7.18292206e-10 1.08077222e-09
  1.38459331e-03 5.27205118e-03 7.85605038e-03 8.93920054e-03
  9.39933956e-03 9.14417367e-03 9.23431278e-03 1.13718736e-02
  1.32999588e-02 1.44092436e-02 1.51087515e-02 1.55766656e-02
  1.58754612e-02 1.60370724e-02 1.60838302e-02 1.60343006e-02
  1.59049072e-02 1.57103017e-02]
 [6.40946503e-11 4.08604036e-05 9.20905112e-05 4.62341745e-04
  1.08753263e-02 1.60281187e-10 1.67846354e-10 3.43074238e-10
  8.64026708e-03 1.34531218e-02 1.54243112e-02 1.67032806e-02
  1.76838729e-02 1.84951709e-02 1.90986444e-02 1.94491890e-02
  1.96813672e-02 2.00170669e-02 2.04683742e-02 2.05283250e-02
  2.02320881e-02 2.25191047e-02 2.63806667e-02 2.16464086e-02
  7.58323873e-03 2.72791330e-07 4.35226759e-10 2.62065665e-10
  2.39538720e-10 2.37638764e-10]
 [7.16974013e-12 1.24303917e-11 1.89824024e-11 2.60567641e-11
  1.33499040e-02 1.48473055e-02 1.52390865e-02 1.48779832e-02
  1.20539209e-02 1.70979399e-02 1.99570679e-02 8.46714971e-03
  6.39632698e-11 4.98319653e-11 8.07680037e-10 1.07530279e-09
  1.27434200e-09 1.36474342e-09 1.27267805e-09 9.69795305e-11
  1.33959404e-10 1.43870070e-10 1.59714924e-10 1.65656795e-09
  2.65472505e-09 3.40371872e-09 3.97644760e-09 4.43207021e-09
  4.81045037e-09 5.13779809e-09]
 [1.66819993e-11 1.70273892e-09 1.10125100e-11 1.00586553e-02
  1.35185119e-02 1.55950347e-02 6.74252719e-03 2.07302692e-11
  6.73302396e-12 1.43053303e-11 1.95153457e-02 2.83333800e-11
  1.38414838e-09 1.03111229e-03 9.87184302e-03 1.24448278e-02
  1.40724279e-02 1.52656600e-02 1.62049963e-02 1.69351433e-02
  1.74156085e-02 1.75667991e-02 1.72805381e-02 1.63512292e-02
  1.41083229e-02 2.51622110e-02 4.20953003e-09 5.36126128e-09
  5.93316714e-09 6.47465853e-09]
 [1.79583945e-05 1.36576514e-04 1.25962420e-10 8.57975135e-03
  5.99084694e-03 1.42111277e-02 1.83193838e-03 5.50605126e-10
  8.33434312e-03 1.34495814e-02 1.59467950e-02 1.77397556e-02
  1.83851514e-02 1.31577633e-02 1.45861209e-02 1.91320033e-02
  2.29244406e-02 1.93179917e-02 1.65467332e-03 2.07961206e-10
  1.76332844e-10 2.63955286e-09 3.35399061e-09 4.11094899e-09
  4.83450259e-09 5.49820179e-09 6.10437865e-09 6.86767496e-09
  3.26461355e-04 3.59648498e-03]
 [2.43753031e-07 1.85598880e-04 5.09004422e-09 5.56523839e-03
  1.07863475e-02 1.41258072e-02 1.60184630e-02 1.76963307e-02
  1.86988045e-02 1.53973989e-02 1.97074929e-02 9.24549427e-09
  1.22320750e-09 2.22366696e-09 5.13348920e-05 9.02982494e-03
  1.22311559e-02 1.43362083e-02 1.60085323e-02 1.76072316e-02
  1.94123106e-02 2.17343917e-02 2.47519085e-02 2.28497580e-02
  2.69222813e-03 3.90111922e-10 1.99937626e-10 5.37491319e-09
  6.87419357e-09 8.07027868e-09]
 [9.57979750e-12 2.73907673e-04 1.48825609e-11 1.09537022e-10
  1.00415344e-03 1.27461788e-02 1.70693596e-02 3.65392901e-10
  9.81704448e-10 6.07917712e-03 1.33201723e-02 1.65776398e-02
  1.92322038e-02 2.09981563e-02 2.03906491e-02 1.52253069e-02
  2.03199676e-02 2.31616229e-02 7.92791349e-03 3.28098234e-10
  1.38534650e-10 4.58207413e-09 5.63754559e-09 6.29414882e-09
  1.52073862e-02 2.02741110e-02 5.23089910e-10 5.78915054e-09
  7.94379297e-09 9.85785065e-09]
 [8.21169556e-12 5.87179146e-05 4.21664146e-03 9.53705946e-11
  2.81918446e-10 7.35707947e-03 1.30788450e-02 1.64552572e-02
  1.86689291e-02 7.88522624e-03 1.17970894e-10 1.72437243e-10
  6.61686420e-03 2.48011015e-09 1.47165968e-07 1.13508635e-02
  1.56576059e-02 1.91762778e-02 2.29811291e-02 2.04919124e-02
  2.25066392e-03 4.49464085e-10 4.79104303e-10 1.68586157e-02
  2.54894050e-02 2.45114992e-03 6.31631769e-10 8.31853014e-09
  1.01630759e-08 4.42930853e-03]
 [8.38266381e-12 1.36253875e-11 4.04631158e-11 6.28018410e-12
  3.35146503e-12 4.09296844e-10 1.13788860e-02 1.02987818e-09
  8.23920303e-03 1.30778751e-02 2.92529829e-09 1.52808156e-02
  2.04117695e-02 1.07973468e-02 2.86987887e-10 4.87438357e-09
  7.54565867e-03 1.38224237e-02 1.72205406e-02 1.97070598e-02
  1.99855810e-02 1.26035095e-02 1.86907346e-02 2.44253526e-02
  8.72913786e-03 1.61290313e-09 2.00085910e-02 2.43695018e-02
  8.86836298e-10 9.79700743e-09]
 [9.47310215e-12 4.61071964e-05 1.85893633e-12 5.20203427e-03
  5.10341247e-04 3.71350783e-11 9.39719598e-10 1.73919585e-09
  1.03197107e-02 2.31806612e-09 2.28621195e-03 3.14169350e-09
  1.17849984e-02 1.78459757e-02 2.02895648e-02 7.79267792e-03
  1.85755466e-02 1.91408447e-02 5.39952159e-10 8.43247311e-09
  2.91529110e-03 1.56980059e-02 2.03849740e-02 9.71041227e-03
  1.96436088e-02 2.11878876e-02 1.45945383e-02 2.24547732e-02
  2.58907565e-02 1.22657070e-09]
 [4.24312056e-05 2.87096866e-10 6.65199686e-03 1.27484884e-02
  1.39373988e-02 1.32377327e-02 3.26926338e-03 2.09112702e-10
  1.74985854e-02 1.66287785e-10 1.05917557e-02 1.78875827e-02
  1.74520397e-02 4.17699884e-10 3.75850104e-03 1.43169166e-02
  2.07295009e-02 2.22792150e-02 1.76820040e-02 2.28981604e-02
  1.74067096e-09 1.13578876e-08 8.87157022e-10 1.33489360e-08
  1.45291769e-02 1.76243921e-02 1.50568912e-02 1.70227716e-02
  2.19112235e-02 2.56257686e-02]
 [1.45334379e-04 7.23505106e-04 1.12041969e-02 1.37421718e-02
  1.50680825e-02 1.59781465e-02 1.71011899e-02 2.97780413e-03
  1.87020552e-02 2.32881678e-04 4.70178389e-09 1.14623086e-02
  5.62331174e-09 1.61368857e-02 2.13383255e-02 8.15388068e-10
  1.66758446e-02 8.26505693e-10 1.85966906e-02 1.97400016e-02
  3.10084496e-03 2.82846087e-03 2.22276774e-02 1.42918814e-08
  1.80018780e-02 9.71779186e-03 1.75228804e-02 1.39370891e-03
  2.46916913e-02 2.30878972e-03]
 [9.44245411e-12 1.78691394e-11 1.14884812e-02 1.22898993e-02
  1.23989663e-02 1.14437733e-02 9.84522087e-03 2.85976332e-09
  1.33555779e-02 9.87653468e-03 1.99389531e-02 1.27457667e-02
  2.12252855e-02 8.29378920e-09 1.25942131e-02 5.92114730e-03
  1.85253719e-02 5.77383748e-03 2.03358753e-02 1.67487853e-02
  1.24489977e-02 2.36672126e-02 1.53896989e-02 2.20046337e-02
  1.70952958e-08 1.74901114e-09 1.75303060e-02 1.95688553e-02
  2.20463338e-08 2.42810792e-08]
 [3.90834933e-04 1.55089939e-03 9.50453643e-03 5.60679069e-03
  9.49854984e-10 1.14152665e-09 3.00695166e-03 6.78233486e-03
  2.76330060e-10 1.99130095e-02 6.28244907e-09 7.88130354e-09
  8.45822810e-09 1.04454814e-08 2.75111064e-09 8.67385207e-03
  1.32370017e-08 2.00011990e-02 1.50697312e-02 1.08756701e-02
  1.49120894e-08 1.03197758e-02 1.72245092e-04 2.00016469e-02
  1.41977948e-02 2.23137107e-09 8.18700074e-03 2.25783105e-02
  8.08138388e-10 1.15501146e-02]
 [1.03416960e-11 7.80295594e-03 7.15635918e-04 2.99985212e-10
  1.35262637e-10 1.20982759e-02 1.75833800e-02 1.65138821e-02
  1.63445878e-02 7.58126100e-09 1.83689270e-02 1.75948673e-02
  2.09058446e-02 9.22112925e-10 9.07165261e-03 1.49677170e-09
  1.48077629e-02 2.20185059e-02 1.65035337e-02 3.94447825e-03
  1.13311395e-02 1.34314177e-02 2.59227053e-09 3.94340766e-09
  2.25320026e-02 2.98191965e-08 1.08321500e-02 1.07927793e-02
  1.07756409e-02 1.07426143e-02]
 [6.78034951e-04 6.75894235e-03 1.06437815e-10 3.44157556e-03
  1.45249214e-02 1.56618370e-02 5.73305811e-03 1.66224520e-02
  3.69566208e-03 1.99505003e-02 1.41966439e-02 8.45408657e-10
  8.72385446e-03 8.80039450e-03 9.82481123e-03 2.22524716e-02
  1.98377674e-09 2.31018825e-02 1.70648795e-02 1.73726625e-02
  1.95710573e-02 7.49398745e-03 1.01886188e-02 1.05875846e-02
  1.06750409e-02 1.07225075e-02 1.07304061e-02 1.07103991e-02
  1.06702495e-02 1.06184288e-02]
 [3.83582263e-09 2.36446647e-04 1.76323978e-03 1.36150829e-02
  1.45900589e-02 2.65512350e-03 1.48669499e-02 1.72504935e-02
  1.69383897e-02 1.55500857e-02 1.24982007e-02 1.10445694e-02
  1.18146528e-02 1.69164896e-02 1.75561500e-02 1.82370673e-02
  5.32661542e-03 1.21776503e-02 8.26944990e-03 9.84252195e-03
  1.00893742e-02 1.03364899e-02 1.05057861e-02 1.06097479e-02
  1.06596833e-02 1.06665735e-02 1.06425756e-02 1.05973502e-02
  1.05381084e-02 1.04709591e-02]
 [1.14464347e-11 4.42331017e-11 1.11557477e-02 1.38089482e-02
  4.48398288e-03 6.08420849e-03 1.49841176e-02 4.34843352e-09
  7.60925355e-09 2.54541520e-03 4.25429071e-03 5.44123642e-03
  6.04531708e-03 6.88002730e-03 7.61834859e-03 8.20896761e-03
  8.73176400e-03 9.23630657e-03 9.65093324e-03 9.98541499e-03
  1.02427695e-02 1.04246623e-02 1.05381723e-02 1.05934358e-02
  1.06018046e-02 1.05755199e-02 1.05248007e-02 1.04587276e-02
  1.03833486e-02 1.03044594e-02]
 [9.13043298e-04 8.95643091e-06 1.25890937e-02 8.64547509e-03
  5.00858236e-04 1.60374281e-02 2.35047117e-09 1.97240337e-03
  3.36310154e-03 4.11930803e-03 4.93863781e-03 5.78181801e-03
  6.58767803e-03 7.31993227e-03 7.97916449e-03 8.56172883e-03
  9.07090781e-03 9.50430211e-03 9.85972748e-03 1.01361960e-02
  1.03345114e-02 1.04606474e-02 1.05238211e-02 1.05357499e-02
  1.05086181e-02 1.04538057e-02 1.03810343e-02 1.02979881e-02
  1.02104069e-02 1.01224240e-02]
 [2.99584677e-03 7.81052240e-03 1.10389104e-02 7.40128947e-11
  1.53292070e-02 2.88408503e-03 2.23178500e-03 2.91691082e-03
  3.69577671e-03 4.54140629e-03 5.40980621e-03 6.25091632e-03
  7.02636973e-03 7.72308648e-03 8.33931186e-03 8.87694750e-03
  9.33651850e-03 9.71641750e-03 1.00152353e-02 1.02336276e-02
  1.03759159e-02 1.04504464e-02 1.04684995e-02 1.04426427e-02
  1.03851653e-02 1.03067669e-02 1.02161869e-02 1.01199592e-02
  1.00228853e-02 9.92819032e-03]
 [3.19400334e-04 1.02070974e-02 1.39057445e-03 8.44823156e-03
  1.32718723e-02 1.54942708e-03 2.49655698e-03 3.25369542e-03
  4.08670263e-03 4.97047815e-03 5.84924107e-03 6.67402978e-03
  7.41876282e-03 8.07726970e-03 8.65132508e-03 9.14291886e-03
  9.55208542e-03 9.87784104e-03 1.01203087e-02 1.02827471e-02
  1.03722773e-02 1.03996825e-02 1.03776878e-02 1.03193266e-02
  1.02364667e-02 1.01389401e-02 1.00342749e-02 9.92811909e-03
  9.82408056e-03 9.72466350e-03]
 [2.04161587e-11 9.77671175e-03 3.16054262e-11 1.43107092e-02
  4.32452090e-11 2.05704733e-03 2.78504684e-03 3.59095097e-03
  4.47227560e-03 5.38109147e-03 6.25712559e-03 7.05849162e-03
  7.76921232e-03 8.38847010e-03 8.91931122e-03 9.36349775e-03
  9.72109662e-03 9.99219888e-03 1.01791204e-02 1.02879062e-02
  1.03284325e-02 1.03133832e-02 1.02565049e-02 1.01707177e-02
  1.00671416e-02 9.95452413e-03 9.83926139e-03 9.72586859e-03
  9.61683622e-03 9.51430353e-03]
 [4.16279314e-12 6.32146304e-03 6.11041825e-03 1.23823336e-02
  1.57207585e-03 2.30242473e-03 3.06815387e-03 3.92657308e-03
  4.84781049e-03 5.76972066e-03 6.63324499e-03 7.40637010e-03
  8.08113730e-03 8.65990124e-03 9.14608819e-03 9.54129953e-03
  9.84616835e-03 1.00625141e-02 1.01953043e-02 1.02533298e-02
  1.02490309e-02 1.01964660e-02 1.01097665e-02 1.00013961e-02
  9.88139602e-03 9.75727274e-03 9.63417045e-03 9.51560371e-03
  9.40356375e-03 9.29918498e-03]
 [2.43187422e-03 1.37638319e-10 1.23151926e-02 8.33359866e-10
  1.80998235e-03 2.53576967e-03 3.35083214e-03 4.25903792e-03
  5.21026596e-03 6.13444919e-03 6.97844414e-03 7.72006078e-03
  8.35719064e-03 8.89393648e-03 9.33372308e-03 9.67836695e-03
  9.92966394e-03 1.00917335e-02 1.01723408e-02 1.01831702e-02
  1.01385443e-02 1.00535408e-02 9.94202061e-03 9.81560373e-03
  9.68299307e-03 9.55042213e-03 9.42193536e-03 9.30005706e-03
  9.18618964e-03 9.08101050e-03]
 [6.38099421e-03 1.83567659e-11 1.26331658e-02 1.21456447e-03
  2.00612722e-03 2.76634931e-03 3.63362011e-03 4.58597060e-03
  5.55713700e-03 6.47464863e-03 7.29397894e-03 8.00159673e-03
  8.59940327e-03 9.09230347e-03 9.48381903e-03 9.77646456e-03
  9.97383297e-03 1.00827334e-02 1.01139256e-02 1.00815846e-02
  1.00015526e-02 9.88913273e-03 9.75755775e-03 9.61707120e-03
  9.47515717e-03 9.33667991e-03 9.20470860e-03 9.08097468e-03
  8.96626732e-03 8.86104599e-03]
 [6.84876271e-03 4.33211173e-03 8.83128034e-03 1.47234504e-03
  2.19198637e-03 2.99703668e-03 3.91571074e-03 4.90507960e-03
  5.88669646e-03 6.79036948e-03 7.58119343e-03 8.25266077e-03
  8.80924579e-03 9.25629386e-03 9.59769554e-03 9.83724528e-03
  9.98095017e-03 1.00385518e-02 1.00237432e-02 9.95279680e-03
  9.84234367e-03 9.70742002e-03 9.56001469e-03 9.40914068e-03
  9.26061597e-03 9.11834552e-03 8.98433211e-03 8.85980430e-03
  8.74508286e-03 8.64020131e-03]
 [4.70527636e-03 9.98552733e-03 6.87526217e-11 1.63428535e-03
  2.37447170e-03 3.22862111e-03 4.19579179e-03 5.21432739e-03
  6.19789155e-03 7.08203239e-03 7.84127486e-03 8.47450109e-03
  8.98779275e-03 9.38690143e-03 9.67658097e-03 9.86248522e-03
  9.95345804e-03 9.96240096e-03 9.90564510e-03 9.80094103e-03
  9.66505597e-03 9.51211544e-03 9.35279782e-03 9.19439256e-03
  9.04158921e-03 8.89708999e-03 8.76222504e-03 8.63763883e-03
  8.52340570e-03 8.41946235e-03]
 [5.98669766e-11 1.11508589e-02 9.96931570e-04 1.78110728e-03
  2.55636950e-03 3.46099877e-03 4.47232980e-03 5.51209793e-03
  6.49020694e-03 7.35025630e-03 8.07524452e-03 8.66803975e-03
  9.13585106e-03 9.48504282e-03 9.72172499e-03 9.85405732e-03
  9.89404386e-03 9.85769370e-03 9.76349966e-03 9.62999099e-03
  9.47343685e-03 9.30666871e-03 9.13864975e-03 8.97525741e-03
  8.81986911e-03 8.67432920e-03 8.53944767e-03 8.41537919e-03
  8.30194698e-03 8.19884388e-03]
 [1.12249411e-11 1.01126448e-02 1.19789329e-03 1.92204829e-03
  2.73883676e-03 3.69358222e-03 4.74381234e-03 5.79711107e-03
  6.76348740e-03 7.59562989e-03 8.28386964e-03 8.83397989e-03
  9.25407718e-03 9.55152696e-03 9.73446674e-03 9.81403346e-03
  9.80558048e-03 9.72793671e-03 9.60111220e-03 9.44370116e-03
  9.27092694e-03 9.09385604e-03 8.91986742e-03 8.75336799e-03
  8.59666851e-03 8.45101538e-03 8.31665591e-03 8.19349816e-03
  8.08113408e-03 7.97913867e-03]
 [1.67487758e-04 4.69567286e-03 1.32399180e-03 2.06054196e-03
  2.92228296e-03 3.92556490e-03 5.00888507e-03 6.06847861e-03
  7.01775140e-03 7.81872037e-03 8.46773891e-03 8.97281346e-03
  9.34304564e-03 9.58732810e-03 9.71638425e-03 9.74476149e-03
  9.69106311e-03 9.57669996e-03 9.42220074e-03 9.24549796e-03
  9.06037393e-03 8.87604004e-03 8.69824014e-03 8.53005394e-03
  8.37313805e-03 8.22795833e-03 8.09455118e-03 7.97241732e-03
  7.86125502e-03 7.76043772e-03]]

