0.24444197626492675
0.2265161115981479
0.22509379205605667
0.2226051552481471
0.45374299840921406
0.45161503180050777
0.4409079139065362
0.4375620020973349
0.42854133606607625
0.323776790448928
0.3182485638810156
0.23430418787177354
0.151631443898669
0.08373654285367976
0.15348070033177927
0.05614984665435488
0.0787954072855538
0.07110094848586919
0.06920091125633694
0.0022648186962650725
0.6971279999455043
1.1851624972569328
6.684059862775535e-05
0.16417307383649207
0.6962577197397934
0.4298934611309671
0.4224884145834131
0.4217825075805694
0.40789169305865813
0.40571400837247373
0.40666614787760313
0.41732593341706437
0.4202960170837926
3.454400351999215
3.074971849215362
0.29905882349750995
0.2815968823731639
0.0017112286964806691
0.0017122089403394283
0.08571459870587439
0.07741530328230778
0.7120513754109458
0.5425607721243372
0.35104184837599506
3.2409840973346666
0.009085826202384564
0.009074605924087974
0.21862950622550315
0.3341525405806207
0.20167069662228973
0.23028050724660143
0.23000053490114644
0.23000041850792385
0.23000005893937073
0.23000006869576597
1.268778503630587
0.4111672279713578
1.0170615101751086
3.8670407775482855e-05
3.807837255071548
0.23000004163869478
0.49750609173346205
0.25686393514828315
1.86072757178703e-05
1.2008770825652342e-05
2.296235088017514e-05
4.9480643031913484e-05
