-0.07238204874373211
0.0021330752820470328
0.004604819591335788
0.002098275272173092
0.15358655942605481
0.13517599322401175
0.15399070043592217
0.13332992112899344
0.0070113993709960375
0.0012342186103622894
0.0018095370604625976
-0.007339519354334954
-0.011070580140206778
0.00021607624124775191
-0.016825202426050314
-0.02957008364977154
-0.0027090669952818786
-0.03684477650298865
-0.010431594416319278
5.394618460147646e-19
9.725523466573936e-06
-0.12693612444312574
5.158609601552356e-08
1.4824009254832605e-06
0.26846327625074806
0.05241219842550733
0.10657286323793003
0.07135779932517836
0.01646024318287573
0.004532394921296879
0.0034735566994312395
0.14634333548484466
0.1380499086672493
1.5687828431425803
0.6619707687856705
0.0017651243896083314
0.0009856582411347224
0.0016532858637813524
0.0016657458265473624
0.0008544930172222999
0.0010479389292774976
0.3075292411776619
-0.1936444198024672
0.0006362604594663013
1.5214650823355254
3.5821752093394834e-05
1.6995003304523826e-05
0.000570592529324579
0.0007241354133000285
0.0006913599505380191
0.22152665820543144
0.22370324136275507
0.19453955776054244
0.1547191508525606
0.19632226974954034
0.5677692205470674
0.1702978008018125
0.3644065225345883
5.553998070749245e-10
0.5779026440414743
0.1681204978240722
0.008662434091978958
0.007395119923753299
-8.722831971653893e-08
3.901784884619378e-08
-4.404516639372705e-08
1.5609813754116625e-09
