CITRA_SYN vs GLT
X [2.         2.66666667 3.33333333 4.         4.66666667 5.33333333
 6.         6.66666667 7.33333333 8.        ]
Y [ 28.5292      38.03893333  47.54866667  57.0584      66.56813333
  76.07786667  85.5876      95.09733333 104.60706667 114.1168    ]
[[0.00185813 0.00280962 0.00387747 0.00500856 0.00614889 0.00725311
  0.00828879 0.00923628 0.01008632 0.01083713]
 [0.00101234 0.00151458 0.00209714 0.00275084 0.00346155 0.00421177
  0.00498276 0.00575649 0.00651718 0.00725201]
 [0.00063607 0.00093758 0.00128658 0.00168253 0.00212302 0.00260376
  0.00311874 0.00366068 0.00422154 0.00479308]
 [0.00043726 0.00063629 0.00086436 0.00112226 0.00141014 0.00172743
  0.00207275 0.00244393 0.00283806 0.00325163]
 [0.00031949 0.00046011 0.00061947 0.00079835 0.00099735 0.00121676
  0.00145655 0.00171632 0.00199528 0.00229225]
 [0.0002439  0.00034833 0.00046546 0.00059591 0.0007402  0.00089878
  0.00107194 0.0012598  0.00146231 0.00167922]
 [0.00019245 0.00027299 0.0003625  0.00046144 0.00057023 0.00068925
  0.00081881 0.00095918 0.00111052 0.00127291]
 [0.00015581 0.00021978 0.00029032 0.00036776 0.0004524  0.00054456
  0.00064452 0.00075251 0.00086876 0.00099343]
 [0.00012878 0.0001808  0.00023777 0.00029993 0.00036751 0.00044075
  0.00051987 0.00060509 0.00069659 0.00079456]
 [0.00010825 0.00015139 0.00019833 0.00024928 0.00030439 0.00036386
  0.00042787 0.00049658 0.00057015 0.00064875]]

