CITRA_SYN vs LPD
X [2.         2.66666667 3.33333333 4.         4.66666667 5.33333333
 6.         6.66666667 7.33333333 8.        ]
Y [0.03422065 0.04562753 0.05703442 0.0684413  0.07984818 0.09125507
 0.10266195 0.11406883 0.12547572 0.1368826 ]
[[0.01045794 0.00812    0.00632382 0.00500856 0.00406219 0.00337612
  0.0028684  0.0024832  0.00218368 0.0019455 ]
 [0.00665427 0.00477867 0.00354997 0.00275084 0.00221566 0.00184201
  0.00157027 0.00136541 0.00120623 0.00107938]
 [0.00430907 0.00296468 0.00217148 0.00168253 0.00136185 0.00113907
  0.00097673 0.00085377 0.00075771 0.00068073]
 [0.00290313 0.00196332 0.00143939 0.00112226 0.00091458 0.00076966
  0.0006634  0.00058243 0.00051879 0.00046753]
 [0.00204397 0.00137816 0.00101661 0.00079835 0.00065472 0.00055382
  0.00047938 0.00042231 0.00037725 0.00034079]
 [0.001499   0.00101443 0.00075382 0.00059591 0.0004913  0.00041735
  0.00036246 0.00032019 0.00028666 0.00025944]
 [0.00113873 0.00077552 0.00058039 0.00046144 0.00038213 0.00032572
  0.00028366 0.00025112 0.00022523 0.00020415]
 [0.00089101 0.00061114 0.0004603  0.00036776 0.00030567 0.00026128
  0.00022805 0.00020225 0.00018167 0.00016486]
 [0.0007146  0.00049358 0.00037386 0.00029993 0.00025006 0.00021426
  0.00018735 0.0001664  0.00014965 0.00013594]
 [0.00058506 0.00040676 0.00030962 0.00024928 0.00020837 0.00017889
  0.00015667 0.00013933 0.00012543 0.00011404]]

