CITRA_SYN vs ATP_syn
X [2.         2.66666667 3.33333333 4.         4.66666667 5.33333333
 6.         6.66666667 7.33333333 8.        ]
Y [ 54.3665      72.48866667  90.61083333 108.733      126.85516667
 144.97733333 163.0995     181.22166667 199.34383333 217.466     ]
[[0.00643108 0.00578724 0.00533455 0.00500856 0.00476519 0.00457633
  0.00442448 0.00429867 0.00419183 0.0040993 ]
 [0.00374806 0.0032799  0.0029675  0.00275084 0.00259277 0.00247165
  0.00237489 0.002295   0.0022273  0.00216875]
 [0.00237351 0.00204078 0.00182725 0.00168253 0.00157803 0.0014982
  0.00143444 0.00138174 0.00133703 0.00129835]
 [0.00161575 0.00137408 0.00122319 0.00112226 0.00104964 0.00099414
  0.00094972 0.00091294 0.0008817  0.00085465]
 [0.00116381 0.00098281 0.00087196 0.00079835 0.00074542 0.00070489
  0.00067239 0.00064543 0.00062251 0.00060263]
 [0.00087562 0.00073601 0.00065169 0.00059591 0.00055577 0.00052497
  0.00050022 0.00047967 0.00046217 0.00044699]
 [0.00068163 0.00057113 0.00050506 0.00046144 0.00043001 0.00040585
  0.0003864  0.00037023 0.00035645 0.00034449]
 [0.00054521 0.00045581 0.00040275 0.00036776 0.0003425  0.00032305
  0.00030737 0.00029431 0.00028319 0.00027353]
 [0.00044581 0.00037211 0.00032861 0.00029993 0.0002792  0.00026321
  0.0002503  0.00023955 0.00023038 0.00022242]
 [0.00037121 0.00030948 0.0002732  0.00024928 0.00023196 0.00021858
  0.00020777 0.00019876 0.00019107 0.0001844 ]]

