LPD vs ATP_syn
X [0.03422065 0.04562753 0.05703442 0.0684413  0.07984818 0.09125507
 0.10266195 0.11406883 0.12547572 0.1368826 ]
Y [ 54.3665      72.48866667  90.61083333 108.733      126.85516667
 144.97733333 163.0995     181.22166667 199.34383333 217.466     ]
[[0.00389256 0.00341472 0.00311036 0.00290313 0.00275136 0.00263334
  0.00253734 0.00245666 0.00238719 0.00232627]
 [0.00272126 0.00235259 0.00212007 0.00196332 0.00184971 0.00176221
  0.00169168 0.00163288 0.0015826  0.00153878]
 [0.00204091 0.00174712 0.00156294 0.00143939 0.00135026 0.00128195
  0.00122715 0.00118165 0.0011429  0.00110927]
 [0.00161575 0.00137408 0.00122319 0.00112226 0.00104964 0.00099414
  0.00094972 0.00091294 0.0008817  0.00085465]
 [0.00133078 0.00112658 0.00099946 0.00091458 0.00085362 0.0008071
  0.00076994 0.00073922 0.00071317 0.00069064]
 [0.0011285  0.0009522  0.00084269 0.00076966 0.00071727 0.00067734
  0.00064547 0.00061917 0.00059689 0.00057764]
 [0.00097828 0.00082342 0.00072739 0.0006634  0.00061754 0.00058261
  0.00055477 0.0005318  0.00051237 0.00049559]
 [0.00086267 0.00072474 0.0006393  0.00058243 0.00054168 0.00051068
  0.00048597 0.00046561 0.00044839 0.00043353]
 [0.00077112 0.00064684 0.00056995 0.00051879 0.00048216 0.0004543
  0.00043212 0.00041384 0.00039839 0.00038506]
 [0.00069691 0.00058388 0.000514   0.00046753 0.00043428 0.00040899
  0.00038886 0.00037229 0.00035828 0.00034621]]

