GLT vs LPD
X [ 28.5292      38.03893333  47.54866667  57.0584      66.56813333
  76.07786667  85.5876      95.09733333 104.60706667 114.1168    ]
Y [0.03422065 0.04562753 0.05703442 0.0684413  0.07984818 0.09125507
 0.10266195 0.11406883 0.12547572 0.1368826 ]
[[0.00101206 0.00070926 0.00054194 0.00043726 0.00036601 0.00031452
  0.00027563 0.00024524 0.00022086 0.00020087]
 [0.00154785 0.0010629  0.00079859 0.00063629 0.00052762 0.00045013
  0.00039224 0.00034741 0.00031171 0.00028261]
 [0.00218354 0.00148138 0.00109745 0.00086436 0.00071032 0.00060178
  0.00052149 0.00045983 0.00041106 0.00037155]
 [0.00290313 0.00196332 0.00143939 0.00112226 0.00091458 0.00076966
  0.0006634  0.00058243 0.00051879 0.00046753]
 [0.00368331 0.00250311 0.00182368 0.00141014 0.00114057 0.00095384
  0.00081795 0.0007151  0.00063476 0.00057038]
 [0.00449885 0.00309143 0.00224784 0.00172743 0.00138814 0.00115422
  0.000985   0.00085768 0.00075877 0.00067989]
 [0.00532671 0.00371653 0.00270771 0.00207275 0.00165675 0.00137049
  0.00116432 0.00100995 0.0008906  0.00079583]
 [0.00614801 0.00436573 0.00319769 0.00244393 0.0019455  0.00160218
  0.00135556 0.00117162 0.00102999 0.00091798]
 [0.00694839 0.00502667 0.00371121 0.00283806 0.00225306 0.0018486
  0.0015583  0.00134237 0.00117667 0.00104607]
 [0.00771756 0.00568828 0.00424123 0.00325163 0.00257776 0.00210887
  0.00177198 0.00152179 0.00133031 0.00117984]]

