GDH vs ATP_syn
X [ 4.332865    5.77715333  7.22144167  8.66573    10.11001833 11.55430667
 12.998595   14.44288333 15.88717167 17.33146   ]
Y [ 54.3665      72.48866667  90.61083333 108.733      126.85516667
 144.97733333 163.0995     181.22166667 199.34383333 217.466     ]
[[0.00233373 0.00193428 0.00167025 0.00148511 0.00134857 0.00124342
  0.00115955 0.00109073 0.00103296 0.00098358]
 [0.00211624 0.00178437 0.00156983 0.00142237 0.00131467 0.00123186
  0.00116558 0.00111084 0.00106454 0.00102463]
 [0.00185095 0.0015703  0.00139246 0.00127213 0.001185   0.00111822
  0.00106474 0.00102049 0.00098295 0.00095049]
 [0.00161575 0.00137408 0.00122319 0.00112226 0.00104964 0.00099414
  0.00094972 0.00091294 0.0008817  0.00085465]
 [0.00141838 0.0012073  0.00107694 0.00099048 0.00092859 0.00088139
  0.00084366 0.00081241 0.00078586 0.00076283]
 [0.00125401 0.0010676  0.00095342 0.00087819 0.00082456 0.00078375
  0.00075115 0.00072416 0.00070121 0.0006813 ]
 [0.00111648 0.00095039 0.0008493  0.00078306 0.00073599 0.00070025
  0.00067171 0.00064809 0.00062801 0.00061058]
 [0.00100046 0.00085137 0.00076111 0.00070222 0.0006605  0.00062887
  0.00060364 0.00058276 0.000565   0.0005496 ]
 [0.00090169 0.00076705 0.00068588 0.00063313 0.00059585 0.00056762
  0.00054512 0.00052651 0.00051068 0.00049694]
 [0.0008169  0.00069465 0.00062123 0.00057366 0.00054012 0.00051476
  0.00049456 0.00047785 0.00046364 0.00045131]]

