LPD vs GDH
X [0.03422065 0.04562753 0.05703442 0.0684413  0.07984818 0.09125507
 0.10266195 0.11406883 0.12547572 0.1368826 ]
Y [ 4.332865    5.77715333  7.22144167  8.66573    10.11001833 11.55430667
 12.998595   14.44288333 15.88717167 17.33146   ]
[[0.0036572  0.00356561 0.00324391 0.00290313 0.00259272 0.0023213
  0.00208659 0.00188378 0.00170797 0.00155484]
 [0.002536   0.00245098 0.00221039 0.00196332 0.00174236 0.00155176
  0.00138871 0.00124908 0.00112894 0.00102498]
 [0.00188725 0.00181392 0.00162745 0.00143939 0.00127296 0.0011305
  0.00100937 0.00090614 0.00081769 0.00074142]
 [0.00148511 0.00142237 0.00127213 0.00112226 0.00099048 0.00087819
  0.00078306 0.00070222 0.00063313 0.00057366]
 [0.00121766 0.00116345 0.00103842 0.00091458 0.00080614 0.00071402
  0.00063615 0.0005701  0.00051373 0.00046527]
 [0.00102905 0.0009816  0.00087486 0.00076966 0.00067781 0.00059993
  0.00053421 0.00047853 0.00043106 0.0003903 ]
 [0.00088972 0.00084765 0.00075469 0.0006634  0.00058386 0.00051652
  0.00045976 0.00041171 0.00037078 0.00033565]
 [0.00078295 0.00074522 0.00066298 0.00058243 0.00051235 0.00045309
  0.00040318 0.00036096 0.00032502 0.00029418]
 [0.00069868 0.00066453 0.00059083 0.00051879 0.00045621 0.00040333
  0.00035881 0.00032119 0.00028916 0.0002617 ]
 [0.00063057 0.00059939 0.00053265 0.00046753 0.00041101 0.00036329
  0.00032314 0.00028921 0.00026034 0.0002356 ]]

