GLT vs ATP_syn
X [ 28.5292      38.03893333  47.54866667  57.0584      66.56813333
  76.07786667  85.5876      95.09733333 104.60706667 114.1168    ]
Y [ 54.3665      72.48866667  90.61083333 108.733      126.85516667
 144.97733333 163.0995     181.22166667 199.34383333 217.466     ]
[[0.00064928 0.00054485 0.00048047 0.00043726 0.00040599 0.00038199
  0.00036275 0.00034684 0.00033335 0.00032169]
 [0.00093588 0.00078855 0.00069739 0.00063629 0.00059217 0.00055834
  0.00053125 0.00050883 0.00048981 0.00047337]
 [0.00125828 0.00106494 0.00094479 0.00086436 0.00080639 0.00076201
  0.00072648 0.00069707 0.00067211 0.00065051]
 [0.00161575 0.00137408 0.00122319 0.00112226 0.00104964 0.00099414
  0.00094972 0.00091294 0.0008817  0.00085465]
 [0.00200666 0.00171527 0.0015324  0.00141014 0.00132234 0.00125532
  0.00120172 0.00115733 0.00111959 0.00108686]
 [0.00242844 0.00208692 0.00187145 0.00172743 0.00162418 0.00154548
  0.00148256 0.00143043 0.00138608 0.00134758]
 [0.00287768 0.00248661 0.00223854 0.00207275 0.00195408 0.00186374
  0.00179154 0.0017317  0.00168074 0.00163645]
 [0.00335019 0.0029111  0.00263109 0.00244393 0.00231016 0.00220842
  0.00212714 0.00205975 0.00200229 0.00195229]
 [0.00384128 0.00335651 0.00304579 0.00283806 0.00268976 0.00257708
  0.00248706 0.00241237 0.00234863 0.00229308]
 [0.00434588 0.00381848 0.00347879 0.00325163 0.00308961 0.00296658
  0.00286829 0.00278667 0.00271693 0.00265604]]

