GLT vs GDH
X [ 28.5292      38.03893333  47.54866667  57.0584      66.56813333
  76.07786667  85.5876      95.09733333 104.60706667 114.1168    ]
Y [ 4.332865    5.77715333  7.22144167  8.66573    10.11001833 11.55430667
 12.998595   14.44288333 15.88717167 17.33146   ]
[[0.00056359 0.00055065 0.00049518 0.00043726 0.00038568 0.00034155
  0.00030414 0.00027238 0.00024526 0.00022197]
 [0.00082926 0.00080395 0.00072115 0.00063629 0.00056115 0.00049701
  0.00044268 0.00039656 0.00035719 0.00032335]
 [0.00113642 0.00109445 0.00097995 0.00086436 0.00076244 0.00067556
  0.00060198 0.00053951 0.00048615 0.00044026]
 [0.00148511 0.00142237 0.00127213 0.00112226 0.00099048 0.00087819
  0.00078306 0.00070222 0.00063313 0.00057366]
 [0.00187413 0.00178695 0.00159748 0.00141014 0.00124568 0.00110549
  0.0009866  0.00088547 0.00079891 0.00072433]
 [0.00230096 0.00218631 0.00195483 0.00172743 0.00152786 0.00135756
  0.0012129  0.00108964 0.00098399 0.00089282]
 [0.00276183 0.0026175  0.00234213 0.00207275 0.00183617 0.00163391
  0.00146175 0.00131475 0.0011885  0.00107936]
 [0.00325185 0.00307654 0.0027564  0.00244393 0.00216905 0.00193346
  0.0017324  0.0015603  0.00141216 0.00128384]
 [0.0037653  0.00355868 0.00319387 0.00283806 0.00252428 0.00225451
  0.0020236  0.00182537 0.00165431 0.00150577]
 [0.00429601 0.00405859 0.00365018 0.00325163 0.00289903 0.00259483
  0.00233355 0.00210855 0.00191382 0.0017443 ]]

