CITRA_SYN vs GDH
X [2.         2.66666667 3.33333333 4.         4.66666667 5.33333333
 6.         6.66666667 7.33333333 8.        ]
Y [ 4.332865    5.77715333  7.22144167  8.66573    10.11001833 11.55430667
 12.998595   14.44288333 15.88717167 17.33146   ]
[[0.00640202 0.00610806 0.00555761 0.00500856 0.00451393 0.00408006
  0.00370171 0.00337138 0.00308187 0.00282697]
 [0.00362693 0.00344572 0.00309528 0.00275084 0.00244663 0.00218505
  0.00196117 0.00176906 0.00160331 0.00145945]
 [0.00223305 0.00212751 0.00190355 0.00168253 0.00148833 0.00132253
  0.00118168 0.00106165 0.00095877 0.00086999]
 [0.00148511 0.00142237 0.00127213 0.00112226 0.00099048 0.00087819
  0.00078306 0.00070222 0.00063313 0.00057366]
 [0.0010502  0.00101145 0.00090543 0.00079835 0.00070395 0.0006235
  0.0005554  0.0004976  0.00044826 0.00040585]
 [0.00077878 0.00075392 0.00067578 0.00059591 0.00052526 0.000465
  0.000414   0.00037073 0.00033382 0.0003021 ]
 [0.0005993  0.00058282 0.00052313 0.00046144 0.00040671 0.00035997
  0.0003204  0.00028683 0.0002582  0.00023361]
 [0.00047492 0.0004637  0.00041675 0.00036776 0.00032415 0.00028688
  0.00025531 0.00022852 0.00020567 0.00018605]
 [0.00038538 0.00037757 0.00033974 0.00029993 0.0002644  0.000234
  0.00020823 0.00018636 0.00016771 0.0001517 ]
 [0.00031886 0.00031333 0.00028225 0.00024928 0.00021978 0.00019451
  0.00017309 0.0001549  0.00013939 0.00012607]]

