time0 0
timef 7200
npoints 100
XVmax 0.5 to 2.0
YVmax 0.5 to 2.0
datapoints 10

CITRA_SYN vs GLT
X [2.         2.66666667 3.33333333 4.         4.66666667 5.33333333
 6.         6.66666667 7.33333333 8.        ]
Y [ 28.5292      38.03893333  47.54866667  57.0584      66.56813333
  76.07786667  85.5876      95.09733333 104.60706667 114.1168    ]
[[0.00112226 0.00224574 0.00336922 0.0044927  0.00561618 0.00673966
  0.00786314 0.00898662 0.01011011 0.01123359]
 [0.01235707 0.01348055 0.01460403 0.01572751 0.01685099 0.01797447
  0.01909795 0.02022143 0.02134491 0.02246839]
 [0.02359187 0.02471536 0.02583884 0.02696232 0.0280858  0.02920928
  0.03033276 0.03145624 0.03257972 0.0337032 ]
 [0.03482668 0.03595016 0.03707364 0.03819713 0.03932061 0.04044409
  0.04156757 0.04269105 0.04381453 0.04493801]
 [0.04606149 0.04718497 0.04830845 0.04943193 0.05055541 0.05167889
  0.05280238 0.05392586 0.05504934 0.05617282]
 [0.0572963  0.05841978 0.05954326 0.06066674 0.06179022 0.0629137
  0.06403718 0.06516066 0.06628414 0.06740763]
 [0.06853111 0.06965459 0.07077807 0.07190155 0.07302503 0.07414851
  0.07527199 0.07639547 0.07751895 0.07864243]
 [0.07976591 0.0808894  0.08201288 0.08313636 0.08425984 0.08538332
  0.0865068  0.08763028 0.08875376 0.08987724]
 [0.09100072 0.0921242  0.09324768 0.09437116 0.09549465 0.09661813
  0.09774161 0.09886509 0.09998857 0.10111205]
 [0.10223553 0.10335901 0.10448249 0.10560597 0.10672945 0.10785293
  0.10897641 0.1100999  0.11122338 0.11234686]]

CITRA_SYN vs LPD
X [2.         2.66666667 3.33333333 4.         4.66666667 5.33333333
 6.         6.66666667 7.33333333 8.        ]
Y [0.03422065 0.04562753 0.05703442 0.0684413  0.07984818 0.09125507
 0.10266195 0.11406883 0.12547572 0.1368826 ]
[[0.11347034 0.11459382 0.1157173  0.11684078 0.11796426 0.11908774
  0.12021122 0.1213347  0.12245818 0.12358166]
 [0.12470515 0.12582863 0.12695211 0.12807559 0.12919907 0.13032255
  0.13144603 0.13256951 0.13369299 0.13481647]
 [0.13593995 0.13706343 0.13818692 0.1393104  0.14043388 0.14155736
  0.14268084 0.14380432 0.1449278  0.14605128]
 [0.14717476 0.14829824 0.14942172 0.1505452  0.15166868 0.15279217
  0.15391565 0.15503913 0.15616261 0.15728609]
 [0.15840957 0.15953305 0.16065653 0.16178001 0.16290349 0.16402697
  0.16515045 0.16627393 0.16739742 0.1685209 ]
 [0.16964438 0.17076786 0.17189134 0.17301482 0.1741383  0.17526178
  0.17638526 0.17750874 0.17863222 0.1797557 ]
 [0.18087919 0.18200267 0.18312615 0.18424963 0.18537311 0.18649659
  0.18762007 0.18874355 0.18986703 0.19099051]
 [0.19211399 0.19323747 0.19436095 0.19548444 0.19660792 0.1977314
  0.19885488 0.19997836 0.20110184 0.20222532]
 [0.2033488  0.20447228 0.20559576 0.20671924 0.20784272 0.2089662
  0.21008969 0.21121317 0.21233665 0.21346013]
 [0.21458361 0.21570709 0.21683057 0.21795405 0.21907753 0.22020101
  0.22132449 0.22244797 0.22357146 0.22469494]]

CITRA_SYN vs ATP_MAINTENANCE
X [2.         2.66666667 3.33333333 4.         4.66666667 5.33333333
 6.         6.66666667 7.33333333 8.        ]
Y [0.65083    0.86777333 1.08471667 1.30166    1.51860333 1.73554667
 1.95249    2.16943333 2.38637667 2.60332   ]
[[0.22581842 0.2269419  0.22806538 0.22918886 0.23031234 0.23143582
  0.2325593  0.23368278 0.23480626 0.23592974]
 [0.23705322 0.23817671 0.23930019 0.24042367 0.24154715 0.24267063
  0.24379411 0.24491759 0.24604107 0.24716455]
 [0.24828803 0.24941151 0.25053499 0.25165847 0.25278196 0.25390544
  0.25502892 0.2561524  0.25727588 0.25839936]
 [0.25952284 0.26064632 0.2617698  0.26289328 0.26401676 0.26514024
  0.26626372 0.26738721 0.26851069 0.26963417]
 [0.27075765 0.27188113 0.27300461 0.27412809 0.27525157 0.27637505
  0.27749853 0.27862201 0.27974549 0.28086898]
 [0.28199246 0.28311594 0.28423942 0.2853629  0.28648638 0.28760986
  0.28873334 0.28985682 0.2909803  0.29210378]
 [0.29322726 0.29435074 0.29547423 0.29659771 0.29772119 0.29884467
  0.29996815 0.30109163 0.30221511 0.30333859]
 [0.30446207 0.30558555 0.30670903 0.30783251 0.30895599 0.31007948
  0.31120296 0.31232644 0.31344992 0.3145734 ]
 [0.31569688 0.31682036 0.31794384 0.31906732 0.3201908  0.32131428
  0.32243776 0.32356125 0.32468473 0.32580821]
 [0.32693169 0.32805517 0.32917865 0.33030213 0.33142561 0.33254909
  0.33367257 0.33479605 0.33591953 0.33704301]]

CITRA_SYN vs GDH
X [2.         2.66666667 3.33333333 4.         4.66666667 5.33333333
 6.         6.66666667 7.33333333 8.        ]
Y [ 4.332865    5.77715333  7.22144167  8.66573    10.11001833 11.55430667
 12.998595   14.44288333 15.88717167 17.33146   ]
[[0.3381665  0.33928998 0.34041346 0.34153694 0.34266042 0.3437839
  0.34490738 0.34603086 0.34715434 0.34827782]
 [0.3494013  0.35052478 0.35164826 0.35277175 0.35389523 0.35501871
  0.35614219 0.35726567 0.35838915 0.35951263]
 [0.36063611 0.36175959 0.36288307 0.36400655 0.36513003 0.36625352
  0.367377   0.36850048 0.36962396 0.37074744]
 [0.37187092 0.3729944  0.37411788 0.37524136 0.37636484 0.37748832
  0.3786118  0.37973528 0.38085877 0.38198225]
 [0.38310573 0.38422921 0.38535269 0.38647617 0.38759965 0.38872313
  0.38984661 0.39097009 0.39209357 0.39321705]
 [0.39434053 0.39546402 0.3965875  0.39771098 0.39883446 0.39995794
  0.40108142 0.4022049  0.40332838 0.40445186]
 [0.40557534 0.40669882 0.4078223  0.40894578 0.41006927 0.41119275
  0.41231623 0.41343971 0.41456319 0.41568667]
 [0.41681015 0.41793363 0.41905711 0.42018059 0.42130407 0.42242755
  0.42355104 0.42467452 0.425798   0.42692148]
 [0.42804496 0.42916844 0.43029192 0.4314154  0.43253888 0.43366236
  0.43478584 0.43590932 0.4370328  0.43815629]
 [0.43927977 0.44040325 0.44152673 0.44265021 0.44377369 0.44489717
  0.44602065 0.44714413 0.44826761 0.44939109]]

CITRA_SYN vs ATP_syn
X [2.         2.66666667 3.33333333 4.         4.66666667 5.33333333
 6.         6.66666667 7.33333333 8.        ]
Y [ 54.3665      72.48866667  90.61083333 108.733      126.85516667
 144.97733333 163.0995     181.22166667 199.34383333 217.466     ]
[[0.45051457 0.45163805 0.45276154 0.45388502 0.4550085  0.45613198
  0.45725546 0.45837894 0.45950242 0.4606259 ]
 [0.46174938 0.46287286 0.46399634 0.46511982 0.46624331 0.46736679
  0.46849027 0.46961375 0.47073723 0.47186071]
 [0.47298419 0.47410767 0.47523115 0.47635463 0.47747811 0.47860159
  0.47972507 0.48084856 0.48197204 0.48309552]
 [0.484219   0.48534248 0.48646596 0.48758944 0.48871292 0.4898364
  0.49095988 0.49208336 0.49320684 0.49433032]
 [0.49545381 0.49657729 0.49770077 0.49882425 0.49994773 0.50107121
  0.50219469 0.50331817 0.50444165 0.50556513]
 [0.50668861 0.50781209 0.50893557 0.51005906 0.51118254 0.51230602
  0.5134295  0.51455298 0.51567646 0.51679994]
 [0.51792342 0.5190469  0.52017038 0.52129386 0.52241734 0.52354083
  0.52466431 0.52578779 0.52691127 0.52803475]
 [0.52915823 0.53028171 0.53140519 0.53252867 0.53365215 0.53477563
  0.53589911 0.53702259 0.53814608 0.53926956]
 [0.54039304 0.54151652 0.54264    0.54376348 0.54488696 0.54601044
  0.54713392 0.5482574  0.54938088 0.55050436]
 [0.55162784 0.55275133 0.55387481 0.55499829 0.55612177 0.55724525
  0.55836873 0.55949221 0.56061569 0.56173917]]

CITRA_SYN vs ACEA
X [2.         2.66666667 3.33333333 4.         4.66666667 5.33333333
 6.         6.66666667 7.33333333 8.        ]
Y [0.762975 1.0173   1.271625 1.52595  1.780275 2.0346   2.288925 2.54325
 2.797575 3.0519  ]
[[0.56286265 0.56398613 0.56510961 0.5662331  0.56735658 0.56848006
  0.56960354 0.57072702 0.5718505  0.57297398]
 [0.57409746 0.57522094 0.57634442 0.5774679  0.57859138 0.57971486
  0.58083835 0.58196183 0.58308531 0.58420879]
 [0.58533227 0.58645575 0.58757923 0.58870271 0.58982619 0.59094967
  0.59207315 0.59319663 0.59432011 0.5954436 ]
 [0.59656708 0.59769056 0.59881404 0.59993752 0.601061   0.60218448
  0.60330796 0.60443144 0.60555492 0.6066784 ]
 [0.60780188 0.60892537 0.61004885 0.61117233 0.61229581 0.61341929
  0.61454277 0.61566625 0.61678973 0.61791321]
 [0.61903669 0.62016017 0.62128365 0.62240713 0.62353062 0.6246541
  0.62577758 0.62690106 0.62802454 0.62914802]
 [0.6302715  0.63139498 0.63251846 0.63364194 0.63476542 0.6358889
  0.63701238 0.63813587 0.63925935 0.64038283]
 [0.64150631 0.64262979 0.64375327 0.64487675 0.64600023 0.64712371
  0.64824719 0.64937067 0.65049415 0.65161763]
 [0.65274112 0.6538646  0.65498808 0.65611156 0.65723504 0.65835852
  0.659482   0.66060548 0.66172896 0.66285244]
 [0.66397592 0.6650994  0.66622289 0.66734637 0.66846985 0.66959333
  0.67071681 0.67184029 0.67296377 0.67408725]]

CITRA_SYN vs ZWF
X [2.         2.66666667 3.33333333 4.         4.66666667 5.33333333
 6.         6.66666667 7.33333333 8.        ]
Y [0.1329 0.1772 0.2215 0.2658 0.3101 0.3544 0.3987 0.443  0.4873 0.5316]
[[0.67521073 0.67633421 0.67745769 0.67858117 0.67970465 0.68082814
  0.68195162 0.6830751  0.68419858 0.68532206]
 [0.68644554 0.68756902 0.6886925  0.68981598 0.69093946 0.69206294
  0.69318642 0.6943099  0.69543339 0.69655687]
 [0.69768035 0.69880383 0.69992731 0.70105079 0.70217427 0.70329775
  0.70442123 0.70554471 0.70666819 0.70779167]
 [0.70891516 0.71003864 0.71116212 0.7122856  0.71340908 0.71453256
  0.71565604 0.71677952 0.717903   0.71902648]
 [0.72014996 0.72127344 0.72239692 0.72352041 0.72464389 0.72576737
  0.72689085 0.72801433 0.72913781 0.73026129]
 [0.73138477 0.73250825 0.73363173 0.73475521 0.73587869 0.73700217
  0.73812566 0.73924914 0.74037262 0.7414961 ]
 [0.74261958 0.74374306 0.74486654 0.74599002 0.7471135  0.74823698
  0.74936046 0.75048394 0.75160742 0.75273091]
 [0.75385439 0.75497787 0.75610135 0.75722483 0.75834831 0.75947179
  0.76059527 0.76171875 0.76284223 0.76396571]
 [0.76508919 0.76621268 0.76733616 0.76845964 0.76958312 0.7707066
  0.77183008 0.77295356 0.77407704 0.77520052]
 [0.776324   0.77744748 0.77857096 0.77969444 0.78081793 0.78194141
  0.78306489 0.78418837 0.78531185 0.78643533]]

GLT vs LPD
X [ 28.5292      38.03893333  47.54866667  57.0584      66.56813333
  76.07786667  85.5876      95.09733333 104.60706667 114.1168    ]
Y [0.03422065 0.04562753 0.05703442 0.0684413  0.07984818 0.09125507
 0.10266195 0.11406883 0.12547572 0.1368826 ]
[[0.78755881 0.78868229 0.78980577 0.79092925 0.79205273 0.79317621
  0.79429969 0.79542318 0.79654666 0.79767014]
 [0.79879362 0.7999171  0.80104058 0.80216406 0.80328754 0.80441102
  0.8055345  0.80665798 0.80778146 0.80890495]
 [0.81002843 0.81115191 0.81227539 0.81339887 0.81452235 0.81564583
  0.81676931 0.81789279 0.81901627 0.82013975]
 [0.82126323 0.82238671 0.8235102  0.82463368 0.82575716 0.82688064
  0.82800412 0.8291276  0.83025108 0.83137456]
 [0.83249804 0.83362152 0.834745   0.83586848 0.83699196 0.83811545
  0.83923893 0.84036241 0.84148589 0.84260937]
 [0.84373285 0.84485633 0.84597981 0.84710329 0.84822677 0.84935025
  0.85047373 0.85159722 0.8527207  0.85384418]
 [0.85496766 0.85609114 0.85721462 0.8583381  0.85946158 0.86058506
  0.86170854 0.86283202 0.8639555  0.86507898]
 [0.86620247 0.86732595 0.86844943 0.86957291 0.87069639 0.87181987
  0.87294335 0.87406683 0.87519031 0.87631379]
 [0.87743727 0.87856075 0.87968423 0.88080772 0.8819312  0.88305468
  0.88417816 0.88530164 0.88642512 0.8875486 ]
 [0.88867208 0.88979556 0.89091904 0.89204252 0.893166   0.89428948
  0.89541297 0.89653645 0.89765993 0.89878341]]

GLT vs ATP_MAINTENANCE
X [ 28.5292      38.03893333  47.54866667  57.0584      66.56813333
  76.07786667  85.5876      95.09733333 104.60706667 114.1168    ]
Y [0.65083    0.86777333 1.08471667 1.30166    1.51860333 1.73554667
 1.95249    2.16943333 2.38637667 2.60332   ]
[[0.89990689 0.90103037 0.90215385 0.90327733 0.90440081 0.90552429
  0.90664777 0.90777125 0.90889474 0.91001822]
 [0.9111417  0.91226518 0.91338866 0.91451214 0.91563562 0.9167591
  0.91788258 0.91900606 0.92012954 0.92125302]
 [0.9223765  0.92349999 0.92462347 0.92574695 0.92687043 0.92799391
  0.92911739 0.93024087 0.93136435 0.93248783]
 [0.93361131 0.93473479 0.93585827 0.93698175 0.93810524 0.93922872
  0.9403522  0.94147568 0.94259916 0.94372264]
 [0.94484612 0.9459696  0.94709308 0.94821656 0.94934004 0.95046352
  0.95158701 0.95271049 0.95383397 0.95495745]
 [0.95608093 0.95720441 0.95832789 0.95945137 0.96057485 0.96169833
  0.96282181 0.96394529 0.96506877 0.96619226]
 [0.96731574 0.96843922 0.9695627  0.97068618 0.97180966 0.97293314
  0.97405662 0.9751801  0.97630358 0.97742706]
 [0.97855054 0.97967402 0.98079751 0.98192099 0.98304447 0.98416795
  0.98529143 0.98641491 0.98753839 0.98866187]
 [0.98978535 0.99090883 0.99203231 0.99315579 0.99427928 0.99540276
  0.99652624 0.99764972 0.9987732  0.99989668]
 [1.00102016 1.00214364 1.00326712 1.0043906  1.00551408 1.00663756
  1.00776104 1.00888453 1.01000801 1.01113149]]

GLT vs GDH
X [ 28.5292      38.03893333  47.54866667  57.0584      66.56813333
  76.07786667  85.5876      95.09733333 104.60706667 114.1168    ]
Y [ 4.332865    5.77715333  7.22144167  8.66573    10.11001833 11.55430667
 12.998595   14.44288333 15.88717167 17.33146   ]
[[1.01225497 1.01337845 1.01450193 1.01562541 1.01674889 1.01787237
  1.01899585 1.02011933 1.02124281 1.02236629]
 [1.02348978 1.02461326 1.02573674 1.02686022 1.0279837  1.02910718
  1.03023066 1.03135414 1.03247762 1.0336011 ]
 [1.03472458 1.03584806 1.03697154 1.03809503 1.03921851 1.04034199
  1.04146547 1.04258895 1.04371243 1.04483591]
 [1.04595939 1.04708287 1.04820635 1.04932983 1.05045331 1.0515768
  1.05270028 1.05382376 1.05494724 1.05607072]
 [1.0571942  1.05831768 1.05944116 1.06056464 1.06168812 1.0628116
  1.06393508 1.06505856 1.06618205 1.06730553]
 [1.06842901 1.06955249 1.07067597 1.07179945 1.07292293 1.07404641
  1.07516989 1.07629337 1.07741685 1.07854033]
 [1.07966381 1.0807873  1.08191078 1.08303426 1.08415774 1.08528122
  1.0864047  1.08752818 1.08865166 1.08977514]
 [1.09089862 1.0920221  1.09314558 1.09426907 1.09539255 1.09651603
  1.09763951 1.09876299 1.09988647 1.10100995]
 [1.10213343 1.10325691 1.10438039 1.10550387 1.10662735 1.10775083
  1.10887432 1.1099978  1.11112128 1.11224476]
 [1.11336824 1.11449172 1.1156152  1.11673868 1.11786216 1.11898564
  1.12010912 1.1212326  1.12235608 1.12347957]]

GLT vs ATP_syn
X [ 28.5292      38.03893333  47.54866667  57.0584      66.56813333
  76.07786667  85.5876      95.09733333 104.60706667 114.1168    ]
Y [ 54.3665      72.48866667  90.61083333 108.733      126.85516667
 144.97733333 163.0995     181.22166667 199.34383333 217.466     ]
[[1.12460305 1.12572653 1.12685001 1.12797349 1.12909697 1.13022045
  1.13134393 1.13246741 1.13359089 1.13471437]
 [1.13583785 1.13696133 1.13808482 1.1392083  1.14033178 1.14145526
  1.14257874 1.14370222 1.1448257  1.14594918]
 [1.14707266 1.14819614 1.14931962 1.1504431  1.15156659 1.15269007
  1.15381355 1.15493703 1.15606051 1.15718399]
 [1.15830747 1.15943095 1.16055443 1.16167791 1.16280139 1.16392487
  1.16504835 1.16617184 1.16729532 1.1684188 ]
 [1.16954228 1.17066576 1.17178924 1.17291272 1.1740362  1.17515968
  1.17628316 1.17740664 1.17853012 1.1796536 ]
 [1.18077709 1.18190057 1.18302405 1.18414753 1.18527101 1.18639449
  1.18751797 1.18864145 1.18976493 1.19088841]
 [1.19201189 1.19313537 1.19425886 1.19538234 1.19650582 1.1976293
  1.19875278 1.19987626 1.20099974 1.20212322]
 [1.2032467  1.20437018 1.20549366 1.20661714 1.20774062 1.20886411
  1.20998759 1.21111107 1.21223455 1.21335803]
 [1.21448151 1.21560499 1.21672847 1.21785195 1.21897543 1.22009891
  1.22122239 1.22234587 1.22346936 1.22459284]
 [1.22571632 1.2268398  1.22796328 1.22908676 1.23021024 1.23133372
  1.2324572  1.23358068 1.23470416 1.23582764]]

GLT vs ACEA
X [ 28.5292      38.03893333  47.54866667  57.0584      66.56813333
  76.07786667  85.5876      95.09733333 104.60706667 114.1168    ]
Y [0.762975 1.0173   1.271625 1.52595  1.780275 2.0346   2.288925 2.54325
 2.797575 3.0519  ]
[[1.23695113 1.23807461 1.23919809 1.24032157 1.24144505 1.24256853
  1.24369201 1.24481549 1.24593897 1.24706245]
 [1.24818593 1.24930941 1.25043289 1.25155638 1.25267986 1.25380334
  1.25492682 1.2560503  1.25717378 1.25829726]
 [1.25942074 1.26054422 1.2616677  1.26279118 1.26391466 1.26503814
  1.26616163 1.26728511 1.26840859 1.26953207]
 [1.27065555 1.27177903 1.27290251 1.27402599 1.27514947 1.27627295
  1.27739643 1.27851991 1.27964339 1.28076688]
 [1.28189036 1.28301384 1.28413732 1.2852608  1.28638428 1.28750776
  1.28863124 1.28975472 1.2908782  1.29200168]
 [1.29312516 1.29424865 1.29537213 1.29649561 1.29761909 1.29874257
  1.29986605 1.30098953 1.30211301 1.30323649]
 [1.30435997 1.30548345 1.30660693 1.30773041 1.3088539  1.30997738
  1.31110086 1.31222434 1.31334782 1.3144713 ]
 [1.31559478 1.31671826 1.31784174 1.31896522 1.3200887  1.32121218
  1.32233566 1.32345915 1.32458263 1.32570611]
 [1.32682959 1.32795307 1.32907655 1.33020003 1.33132351 1.33244699
  1.33357047 1.33469395 1.33581743 1.33694092]
 [1.3380644  1.33918788 1.34031136 1.34143484 1.34255832 1.3436818
  1.34480528 1.34592876 1.34705224 1.34817572]]

GLT vs ZWF
X [ 28.5292      38.03893333  47.54866667  57.0584      66.56813333
  76.07786667  85.5876      95.09733333 104.60706667 114.1168    ]
Y [0.1329 0.1772 0.2215 0.2658 0.3101 0.3544 0.3987 0.443  0.4873 0.5316]
[[1.3492992  1.35042268 1.35154617 1.35266965 1.35379313 1.35491661
  1.35604009 1.35716357 1.35828705 1.35941053]
 [1.36053401 1.36165749 1.36278097 1.36390445 1.36502793 1.36615142
  1.3672749  1.36839838 1.36952186 1.37064534]
 [1.37176882 1.3728923  1.37401578 1.37513926 1.37626274 1.37738622
  1.3785097  1.37963318 1.38075667 1.38188015]
 [1.38300363 1.38412711 1.38525059 1.38637407 1.38749755 1.38862103
  1.38974451 1.39086799 1.39199147 1.39311495]
 [1.39423844 1.39536192 1.3964854  1.39760888 1.39873236 1.39985584
  1.40097932 1.4021028  1.40322628 1.40434976]
 [1.40547324 1.40659672 1.4077202  1.40884369 1.40996717 1.41109065
  1.41221413 1.41333761 1.41446109 1.41558457]
 [1.41670805 1.41783153 1.41895501 1.42007849 1.42120197 1.42232545
  1.42344894 1.42457242 1.4256959  1.42681938]
 [1.42794286 1.42906634 1.43018982 1.4313133  1.43243678 1.43356026
  1.43468374 1.43580722 1.43693071 1.43805419]
 [1.43917767 1.44030115 1.44142463 1.44254811 1.44367159 1.44479507
  1.44591855 1.44704203 1.44816551 1.44928899]
 [1.45041247 1.45153596 1.45265944 1.45378292 1.4549064  1.45602988
  1.45715336 1.45827684 1.45940032 1.4605238 ]]

LPD vs ATP_MAINTENANCE
X [0.03422065 0.04562753 0.05703442 0.0684413  0.07984818 0.09125507
 0.10266195 0.11406883 0.12547572 0.1368826 ]
Y [0.65083    0.86777333 1.08471667 1.30166    1.51860333 1.73554667
 1.95249    2.16943333 2.38637667 2.60332   ]
[[1.46164728 1.46277076 1.46389424 1.46501772 1.46614121 1.46726469
  1.46838817 1.46951165 1.47063513 1.47175861]
 [1.47288209 1.47400557 1.47512905 1.47625253 1.47737601 1.47849949
  1.47962298 1.48074646 1.48186994 1.48299342]
 [1.4841169  1.48524038 1.48636386 1.48748734 1.48861082 1.4897343
  1.49085778 1.49198126 1.49310474 1.49422823]
 [1.49535171 1.49647519 1.49759867 1.49872215 1.49984563 1.50096911
  1.50209259 1.50321607 1.50433955 1.50546303]
 [1.50658651 1.50770999 1.50883348 1.50995696 1.51108044 1.51220392
  1.5133274  1.51445088 1.51557436 1.51669784]
 [1.51782132 1.5189448  1.52006828 1.52119176 1.52231524 1.52343873
  1.52456221 1.52568569 1.52680917 1.52793265]
 [1.52905613 1.53017961 1.53130309 1.53242657 1.53355005 1.53467353
  1.53579701 1.5369205  1.53804398 1.53916746]
 [1.54029094 1.54141442 1.5425379  1.54366138 1.54478486 1.54590834
  1.54703182 1.5481553  1.54927878 1.55040226]
 [1.55152575 1.55264923 1.55377271 1.55489619 1.55601967 1.55714315
  1.55826663 1.55939011 1.56051359 1.56163707]
 [1.56276055 1.56388403 1.56500751 1.566131   1.56725448 1.56837796
  1.56950144 1.57062492 1.5717484  1.57287188]]

LPD vs GDH
X [0.03422065 0.04562753 0.05703442 0.0684413  0.07984818 0.09125507
 0.10266195 0.11406883 0.12547572 0.1368826 ]
Y [ 4.332865    5.77715333  7.22144167  8.66573    10.11001833 11.55430667
 12.998595   14.44288333 15.88717167 17.33146   ]
[[1.57399536 1.57511884 1.57624232 1.5773658  1.57848928 1.57961277
  1.58073625 1.58185973 1.58298321 1.58410669]
 [1.58523017 1.58635365 1.58747713 1.58860061 1.58972409 1.59084757
  1.59197105 1.59309453 1.59421802 1.5953415 ]
 [1.59646498 1.59758846 1.59871194 1.59983542 1.6009589  1.60208238
  1.60320586 1.60432934 1.60545282 1.6065763 ]
 [1.60769978 1.60882327 1.60994675 1.61107023 1.61219371 1.61331719
  1.61444067 1.61556415 1.61668763 1.61781111]
 [1.61893459 1.62005807 1.62118155 1.62230503 1.62342852 1.624552
  1.62567548 1.62679896 1.62792244 1.62904592]
 [1.6301694  1.63129288 1.63241636 1.63353984 1.63466332 1.6357868
  1.63691029 1.63803377 1.63915725 1.64028073]
 [1.64140421 1.64252769 1.64365117 1.64477465 1.64589813 1.64702161
  1.64814509 1.64926857 1.65039205 1.65151554]
 [1.65263902 1.6537625  1.65488598 1.65600946 1.65713294 1.65825642
  1.6593799  1.66050338 1.66162686 1.66275034]
 [1.66387382 1.6649973  1.66612079 1.66724427 1.66836775 1.66949123
  1.67061471 1.67173819 1.67286167 1.67398515]
 [1.67510863 1.67623211 1.67735559 1.67847907 1.67960256 1.68072604
  1.68184952 1.682973   1.68409648 1.68521996]]

LPD vs ATP_syn
X [0.03422065 0.04562753 0.05703442 0.0684413  0.07984818 0.09125507
 0.10266195 0.11406883 0.12547572 0.1368826 ]
Y [ 54.3665      72.48866667  90.61083333 108.733      126.85516667
 144.97733333 163.0995     181.22166667 199.34383333 217.466     ]
[[1.68634344 1.68746692 1.6885904  1.68971388 1.69083736 1.69196084
  1.69308432 1.69420781 1.69533129 1.69645477]
 [1.69757825 1.69870173 1.69982521 1.70094869 1.70207217 1.70319565
  1.70431913 1.70544261 1.70656609 1.70768957]
 [1.70881306 1.70993654 1.71106002 1.7121835  1.71330698 1.71443046
  1.71555394 1.71667742 1.7178009  1.71892438]
 [1.72004786 1.72117134 1.72229483 1.72341831 1.72454179 1.72566527
  1.72678875 1.72791223 1.72903571 1.73015919]
 [1.73128267 1.73240615 1.73352963 1.73465311 1.73577659 1.73690008
  1.73802356 1.73914704 1.74027052 1.741394  ]
 [1.74251748 1.74364096 1.74476444 1.74588792 1.7470114  1.74813488
  1.74925836 1.75038184 1.75150533 1.75262881]
 [1.75375229 1.75487577 1.75599925 1.75712273 1.75824621 1.75936969
  1.76049317 1.76161665 1.76274013 1.76386361]
 [1.76498709 1.76611058 1.76723406 1.76835754 1.76948102 1.7706045
  1.77172798 1.77285146 1.77397494 1.77509842]
 [1.7762219  1.77734538 1.77846886 1.77959235 1.78071583 1.78183931
  1.78296279 1.78408627 1.78520975 1.78633323]
 [1.78745671 1.78858019 1.78970367 1.79082715 1.79195063 1.79307411
  1.7941976  1.79532108 1.79644456 1.79756804]]

LPD vs ACEA
X [0.03422065 0.04562753 0.05703442 0.0684413  0.07984818 0.09125507
 0.10266195 0.11406883 0.12547572 0.1368826 ]
Y [0.762975 1.0173   1.271625 1.52595  1.780275 2.0346   2.288925 2.54325
 2.797575 3.0519  ]
[[1.79869152 1.799815   1.80093848 1.80206196 1.80318544 1.80430892
  1.8054324  1.80655588 1.80767936 1.80880285]
 [1.80992633 1.81104981 1.81217329 1.81329677 1.81442025 1.81554373
  1.81666721 1.81779069 1.81891417 1.82003765]
 [1.82116113 1.82228462 1.8234081  1.82453158 1.82565506 1.82677854
  1.82790202 1.8290255  1.83014898 1.83127246]
 [1.83239594 1.83351942 1.8346429  1.83576638 1.83688987 1.83801335
  1.83913683 1.84026031 1.84138379 1.84250727]
 [1.84363075 1.84475423 1.84587771 1.84700119 1.84812467 1.84924815
  1.85037163 1.85149512 1.8526186  1.85374208]
 [1.85486556 1.85598904 1.85711252 1.858236   1.85935948 1.86048296
  1.86160644 1.86272992 1.8638534  1.86497689]
 [1.86610037 1.86722385 1.86834733 1.86947081 1.87059429 1.87171777
  1.87284125 1.87396473 1.87508821 1.87621169]
 [1.87733517 1.87845865 1.87958214 1.88070562 1.8818291  1.88295258
  1.88407606 1.88519954 1.88632302 1.8874465 ]
 [1.88856998 1.88969346 1.89081694 1.89194042 1.8930639  1.89418739
  1.89531087 1.89643435 1.89755783 1.89868131]
 [1.89980479 1.90092827 1.90205175 1.90317523 1.90429871 1.90542219
  1.90654567 1.90766915 1.90879264 1.90991612]]

LPD vs ZWF
X [0.03422065 0.04562753 0.05703442 0.0684413  0.07984818 0.09125507
 0.10266195 0.11406883 0.12547572 0.1368826 ]
Y [0.1329 0.1772 0.2215 0.2658 0.3101 0.3544 0.3987 0.443  0.4873 0.5316]
[[1.9110396  1.91216308 1.91328656 1.91441004 1.91553352 1.916657
  1.91778048 1.91890396 1.92002744 1.92115092]
 [1.92227441 1.92339789 1.92452137 1.92564485 1.92676833 1.92789181
  1.92901529 1.93013877 1.93126225 1.93238573]
 [1.93350921 1.93463269 1.93575617 1.93687966 1.93800314 1.93912662
  1.9402501  1.94137358 1.94249706 1.94362054]
 [1.94474402 1.9458675  1.94699098 1.94811446 1.94923794 1.95036142
  1.95148491 1.95260839 1.95373187 1.95485535]
 [1.95597883 1.95710231 1.95822579 1.95934927 1.96047275 1.96159623
  1.96271971 1.96384319 1.96496668 1.96609016]
 [1.96721364 1.96833712 1.9694606  1.97058408 1.97170756 1.97283104
  1.97395452 1.975078   1.97620148 1.97732496]
 [1.97844844 1.97957193 1.98069541 1.98181889 1.98294237 1.98406585
  1.98518933 1.98631281 1.98743629 1.98855977]
 [1.98968325 1.99080673 1.99193021 1.99305369 1.99417718 1.99530066
  1.99642414 1.99754762 1.9986711  1.99979458]
 [2.00091806 2.00204154 2.00316502 2.0042885  2.00541198 2.00653546
  2.00765894 2.00878243 2.00990591 2.01102939]
 [2.01215287 2.01327635 2.01439983 2.01552331 2.01664679 2.01777027
  2.01889375 2.02001723 2.02114071 2.0222642 ]]

ATP_MAINTENANCE vs GDH
X [0.65083    0.86777333 1.08471667 1.30166    1.51860333 1.73554667
 1.95249    2.16943333 2.38637667 2.60332   ]
Y [ 4.332865    5.77715333  7.22144167  8.66573    10.11001833 11.55430667
 12.998595   14.44288333 15.88717167 17.33146   ]
[[2.02338768 2.02451116 2.02563464 2.02675812 2.0278816  2.02900508
  2.03012856 2.03125204 2.03237552 2.033499  ]
 [2.03462248 2.03574596 2.03686945 2.03799293 2.03911641 2.04023989
  2.04136337 2.04248685 2.04361033 2.04473381]
 [2.04585729 2.04698077 2.04810425 2.04922773 2.05035121 2.0514747
  2.05259818 2.05372166 2.05484514 2.05596862]
 [2.0570921  2.05821558 2.05933906 2.06046254 2.06158602 2.0627095
  2.06383298 2.06495647 2.06607995 2.06720343]
 [2.06832691 2.06945039 2.07057387 2.07169735 2.07282083 2.07394431
  2.07506779 2.07619127 2.07731475 2.07843823]
 [2.07956172 2.0806852  2.08180868 2.08293216 2.08405564 2.08517912
  2.0863026  2.08742608 2.08854956 2.08967304]
 [2.09079652 2.09192    2.09304348 2.09416697 2.09529045 2.09641393
  2.09753741 2.09866089 2.09978437 2.10090785]
 [2.10203133 2.10315481 2.10427829 2.10540177 2.10652525 2.10764874
  2.10877222 2.1098957  2.11101918 2.11214266]
 [2.11326614 2.11438962 2.1155131  2.11663658 2.11776006 2.11888354
  2.12000702 2.1211305  2.12225399 2.12337747]
 [2.12450095 2.12562443 2.12674791 2.12787139 2.12899487 2.13011835
  2.13124183 2.13236531 2.13348879 2.13461227]]

ATP_MAINTENANCE vs ATP_syn
X [0.65083    0.86777333 1.08471667 1.30166    1.51860333 1.73554667
 1.95249    2.16943333 2.38637667 2.60332   ]
Y [ 54.3665      72.48866667  90.61083333 108.733      126.85516667
 144.97733333 163.0995     181.22166667 199.34383333 217.466     ]
[[2.13573575 2.13685924 2.13798272 2.1391062  2.14022968 2.14135316
  2.14247664 2.14360012 2.1447236  2.14584708]
 [2.14697056 2.14809404 2.14921752 2.150341   2.15146449 2.15258797
  2.15371145 2.15483493 2.15595841 2.15708189]
 [2.15820537 2.15932885 2.16045233 2.16157581 2.16269929 2.16382277
  2.16494626 2.16606974 2.16719322 2.1683167 ]
 [2.16944018 2.17056366 2.17168714 2.17281062 2.1739341  2.17505758
  2.17618106 2.17730454 2.17842802 2.17955151]
 [2.18067499 2.18179847 2.18292195 2.18404543 2.18516891 2.18629239
  2.18741587 2.18853935 2.18966283 2.19078631]
 [2.19190979 2.19303327 2.19415676 2.19528024 2.19640372 2.1975272
  2.19865068 2.19977416 2.20089764 2.20202112]
 [2.2031446  2.20426808 2.20539156 2.20651504 2.20763853 2.20876201
  2.20988549 2.21100897 2.21213245 2.21325593]
 [2.21437941 2.21550289 2.21662637 2.21774985 2.21887333 2.21999681
  2.22112029 2.22224378 2.22336726 2.22449074]
 [2.22561422 2.2267377  2.22786118 2.22898466 2.23010814 2.23123162
  2.2323551  2.23347858 2.23460206 2.23572554]
 [2.23684903 2.23797251 2.23909599 2.24021947 2.24134295 2.24246643
  2.24358991 2.24471339 2.24583687 2.24696035]]

ATP_MAINTENANCE vs ACEA
X [0.65083    0.86777333 1.08471667 1.30166    1.51860333 1.73554667
 1.95249    2.16943333 2.38637667 2.60332   ]
Y [0.762975 1.0173   1.271625 1.52595  1.780275 2.0346   2.288925 2.54325
 2.797575 3.0519  ]
[[2.24808383 2.24920731 2.25033079 2.25145428 2.25257776 2.25370124
  2.25482472 2.2559482  2.25707168 2.25819516]
 [2.25931864 2.26044212 2.2615656  2.26268908 2.26381256 2.26493605
  2.26605953 2.26718301 2.26830649 2.26942997]
 [2.27055345 2.27167693 2.27280041 2.27392389 2.27504737 2.27617085
  2.27729433 2.27841781 2.2795413  2.28066478]
 [2.28178826 2.28291174 2.28403522 2.2851587  2.28628218 2.28740566
  2.28852914 2.28965262 2.2907761  2.29189958]
 [2.29302306 2.29414655 2.29527003 2.29639351 2.29751699 2.29864047
  2.29976395 2.30088743 2.30201091 2.30313439]
 [2.30425787 2.30538135 2.30650483 2.30762832 2.3087518  2.30987528
  2.31099876 2.31212224 2.31324572 2.3143692 ]
 [2.31549268 2.31661616 2.31773964 2.31886312 2.3199866  2.32111008
  2.32223357 2.32335705 2.32448053 2.32560401]
 [2.32672749 2.32785097 2.32897445 2.33009793 2.33122141 2.33234489
  2.33346837 2.33459185 2.33571533 2.33683882]
 [2.3379623  2.33908578 2.34020926 2.34133274 2.34245622 2.3435797
  2.34470318 2.34582666 2.34695014 2.34807362]
 [2.3491971  2.35032059 2.35144407 2.35256755 2.35369103 2.35481451
  2.35593799 2.35706147 2.35818495 2.35930843]]

ATP_MAINTENANCE vs ZWF
X [0.65083    0.86777333 1.08471667 1.30166    1.51860333 1.73554667
 1.95249    2.16943333 2.38637667 2.60332   ]
Y [0.1329 0.1772 0.2215 0.2658 0.3101 0.3544 0.3987 0.443  0.4873 0.5316]
[[2.36043191 2.36155539 2.36267887 2.36380235 2.36492584 2.36604932
  2.3671728  2.36829628 2.36941976 2.37054324]
 [2.37166672 2.3727902  2.37391368 2.37503716 2.37616064 2.37728412
  2.3784076  2.37953109 2.38065457 2.38177805]
 [2.38290153 2.38402501 2.38514849 2.38627197 2.38739545 2.38851893
  2.38964241 2.39076589 2.39188937 2.39301285]
 [2.39413634 2.39525982 2.3963833  2.39750678 2.39863026 2.39975374
  2.40087722 2.4020007  2.40312418 2.40424766]
 [2.40537114 2.40649462 2.40761811 2.40874159 2.40986507 2.41098855
  2.41211203 2.41323551 2.41435899 2.41548247]
 [2.41660595 2.41772943 2.41885291 2.41997639 2.42109987 2.42222336
  2.42334684 2.42447032 2.4255938  2.42671728]
 [2.42784076 2.42896424 2.43008772 2.4312112  2.43233468 2.43345816
  2.43458164 2.43570512 2.43682861 2.43795209]
 [2.43907557 2.44019905 2.44132253 2.44244601 2.44356949 2.44469297
  2.44581645 2.44693993 2.44806341 2.44918689]
 [2.45031038 2.45143386 2.45255734 2.45368082 2.4548043  2.45592778
  2.45705126 2.45817474 2.45929822 2.4604217 ]
 [2.46154518 2.46266866 2.46379214 2.46491563 2.46603911 2.46716259
  2.46828607 2.46940955 2.47053303 2.47165651]]

GDH vs ATP_syn
X [ 4.332865    5.77715333  7.22144167  8.66573    10.11001833 11.55430667
 12.998595   14.44288333 15.88717167 17.33146   ]
Y [ 54.3665      72.48866667  90.61083333 108.733      126.85516667
 144.97733333 163.0995     181.22166667 199.34383333 217.466     ]
[[2.47277999 2.47390347 2.47502695 2.47615043 2.47727391 2.47839739
  2.47952088 2.48064436 2.48176784 2.48289132]
 [2.4840148  2.48513828 2.48626176 2.48738524 2.48850872 2.4896322
  2.49075568 2.49187916 2.49300265 2.49412613]
 [2.49524961 2.49637309 2.49749657 2.49862005 2.49974353 2.50086701
  2.50199049 2.50311397 2.50423745 2.50536093]
 [2.50648441 2.5076079  2.50873138 2.50985486 2.51097834 2.51210182
  2.5132253  2.51434878 2.51547226 2.51659574]
 [2.51771922 2.5188427  2.51996618 2.52108966 2.52221315 2.52333663
  2.52446011 2.52558359 2.52670707 2.52783055]
 [2.52895403 2.53007751 2.53120099 2.53232447 2.53344795 2.53457143
  2.53569491 2.5368184  2.53794188 2.53906536]
 [2.54018884 2.54131232 2.5424358  2.54355928 2.54468276 2.54580624
  2.54692972 2.5480532  2.54917668 2.55030017]
 [2.55142365 2.55254713 2.55367061 2.55479409 2.55591757 2.55704105
  2.55816453 2.55928801 2.56041149 2.56153497]
 [2.56265845 2.56378193 2.56490542 2.5660289  2.56715238 2.56827586
  2.56939934 2.57052282 2.5716463  2.57276978]
 [2.57389326 2.57501674 2.57614022 2.5772637  2.57838718 2.57951067
  2.58063415 2.58175763 2.58288111 2.58400459]]

GDH vs ACEA
X [ 4.332865    5.77715333  7.22144167  8.66573    10.11001833 11.55430667
 12.998595   14.44288333 15.88717167 17.33146   ]
Y [0.762975 1.0173   1.271625 1.52595  1.780275 2.0346   2.288925 2.54325
 2.797575 3.0519  ]
[[2.58512807 2.58625155 2.58737503 2.58849851 2.58962199 2.59074547
  2.59186895 2.59299244 2.59411592 2.5952394 ]
 [2.59636288 2.59748636 2.59860984 2.59973332 2.6008568  2.60198028
  2.60310376 2.60422724 2.60535072 2.6064742 ]
 [2.60759769 2.60872117 2.60984465 2.61096813 2.61209161 2.61321509
  2.61433857 2.61546205 2.61658553 2.61770901]
 [2.61883249 2.61995597 2.62107945 2.62220294 2.62332642 2.6244499
  2.62557338 2.62669686 2.62782034 2.62894382]
 [2.6300673  2.63119078 2.63231426 2.63343774 2.63456122 2.6356847
  2.63680819 2.63793167 2.63905515 2.64017863]
 [2.64130211 2.64242559 2.64354907 2.64467255 2.64579603 2.64691951
  2.64804299 2.64916647 2.65028996 2.65141344]
 [2.65253692 2.6536604  2.65478388 2.65590736 2.65703084 2.65815432
  2.6592778  2.66040128 2.66152476 2.66264824]
 [2.66377172 2.66489521 2.66601869 2.66714217 2.66826565 2.66938913
  2.67051261 2.67163609 2.67275957 2.67388305]
 [2.67500653 2.67613001 2.67725349 2.67837697 2.67950046 2.68062394
  2.68174742 2.6828709  2.68399438 2.68511786]
 [2.68624134 2.68736482 2.6884883  2.68961178 2.69073526 2.69185874
  2.69298223 2.69410571 2.69522919 2.69635267]]

GDH vs ZWF
X [ 4.332865    5.77715333  7.22144167  8.66573    10.11001833 11.55430667
 12.998595   14.44288333 15.88717167 17.33146   ]
Y [0.1329 0.1772 0.2215 0.2658 0.3101 0.3544 0.3987 0.443  0.4873 0.5316]
[[2.69747615 2.69859963 2.69972311 2.70084659 2.70197007 2.70309355
  2.70421703 2.70534051 2.70646399 2.70758748]
 [2.70871096 2.70983444 2.71095792 2.7120814  2.71320488 2.71432836
  2.71545184 2.71657532 2.7176988  2.71882228]
 [2.71994576 2.72106924 2.72219273 2.72331621 2.72443969 2.72556317
  2.72668665 2.72781013 2.72893361 2.73005709]
 [2.73118057 2.73230405 2.73342753 2.73455101 2.7356745  2.73679798
  2.73792146 2.73904494 2.74016842 2.7412919 ]
 [2.74241538 2.74353886 2.74466234 2.74578582 2.7469093  2.74803278
  2.74915626 2.75027975 2.75140323 2.75252671]
 [2.75365019 2.75477367 2.75589715 2.75702063 2.75814411 2.75926759
  2.76039107 2.76151455 2.76263803 2.76376151]
 [2.764885   2.76600848 2.76713196 2.76825544 2.76937892 2.7705024
  2.77162588 2.77274936 2.77387284 2.77499632]
 [2.7761198  2.77724328 2.77836676 2.77949025 2.78061373 2.78173721
  2.78286069 2.78398417 2.78510765 2.78623113]
 [2.78735461 2.78847809 2.78960157 2.79072505 2.79184853 2.79297202
  2.7940955  2.79521898 2.79634246 2.79746594]
 [2.79858942 2.7997129  2.80083638 2.80195986 2.80308334 2.80420682
  2.8053303  2.80645378 2.80757727 2.80870075]]

ATP_syn vs ACEA
X [ 54.3665      72.48866667  90.61083333 108.733      126.85516667
 144.97733333 163.0995     181.22166667 199.34383333 217.466     ]
Y [0.762975 1.0173   1.271625 1.52595  1.780275 2.0346   2.288925 2.54325
 2.797575 3.0519  ]
[[2.80982423 2.81094771 2.81207119 2.81319467 2.81431815 2.81544163
  2.81656511 2.81768859 2.81881207 2.81993555]
 [2.82105903 2.82218252 2.823306   2.82442948 2.82555296 2.82667644
  2.82779992 2.8289234  2.83004688 2.83117036]
 [2.83229384 2.83341732 2.8345408  2.83566429 2.83678777 2.83791125
  2.83903473 2.84015821 2.84128169 2.84240517]
 [2.84352865 2.84465213 2.84577561 2.84689909 2.84802257 2.84914605
  2.85026954 2.85139302 2.8525165  2.85363998]
 [2.85476346 2.85588694 2.85701042 2.8581339  2.85925738 2.86038086
  2.86150434 2.86262782 2.8637513  2.86487479]
 [2.86599827 2.86712175 2.86824523 2.86936871 2.87049219 2.87161567
  2.87273915 2.87386263 2.87498611 2.87610959]
 [2.87723307 2.87835655 2.87948004 2.88060352 2.881727   2.88285048
  2.88397396 2.88509744 2.88622092 2.8873444 ]
 [2.88846788 2.88959136 2.89071484 2.89183832 2.89296181 2.89408529
  2.89520877 2.89633225 2.89745573 2.89857921]
 [2.89970269 2.90082617 2.90194965 2.90307313 2.90419661 2.90532009
  2.90644357 2.90756706 2.90869054 2.90981402]
 [2.9109375  2.91206098 2.91318446 2.91430794 2.91543142 2.9165549
  2.91767838 2.91880186 2.91992534 2.92104882]]

ATP_syn vs ZWF
X [ 54.3665      72.48866667  90.61083333 108.733      126.85516667
 144.97733333 163.0995     181.22166667 199.34383333 217.466     ]
Y [0.1329 0.1772 0.2215 0.2658 0.3101 0.3544 0.3987 0.443  0.4873 0.5316]
[[2.92217231 2.92329579 2.92441927 2.92554275 2.92666623 2.92778971
  2.92891319 2.93003667 2.93116015 2.93228363]
 [2.93340711 2.93453059 2.93565408 2.93677756 2.93790104 2.93902452
  2.940148   2.94127148 2.94239496 2.94351844]
 [2.94464192 2.9457654  2.94688888 2.94801236 2.94913584 2.95025933
  2.95138281 2.95250629 2.95362977 2.95475325]
 [2.95587673 2.95700021 2.95812369 2.95924717 2.96037065 2.96149413
  2.96261761 2.96374109 2.96486458 2.96598806]
 [2.96711154 2.96823502 2.9693585  2.97048198 2.97160546 2.97272894
  2.97385242 2.9749759  2.97609938 2.97722286]
 [2.97834635 2.97946983 2.98059331 2.98171679 2.98284027 2.98396375
  2.98508723 2.98621071 2.98733419 2.98845767]
 [2.98958115 2.99070463 2.99182811 2.9929516  2.99407508 2.99519856
  2.99632204 2.99744552 2.998569   2.99969248]
 [3.00081596 3.00193944 3.00306292 3.0041864  3.00530988 3.00643336
  3.00755685 3.00868033 3.00980381 3.01092729]
 [3.01205077 3.01317425 3.01429773 3.01542121 3.01654469 3.01766817
  3.01879165 3.01991513 3.02103861 3.0221621 ]
 [3.02328558 3.02440906 3.02553254 3.02665602 3.0277795  3.02890298
  3.03002646 3.03114994 3.03227342 3.0333969 ]]

ACEA vs ZWF
X [0.762975 1.0173   1.271625 1.52595  1.780275 2.0346   2.288925 2.54325
 2.797575 3.0519  ]
Y [0.1329 0.1772 0.2215 0.2658 0.3101 0.3544 0.3987 0.443  0.4873 0.5316]
[[3.03452038 3.03564387 3.03676735 3.03789083 3.03901431 3.04013779
  3.04126127 3.04238475 3.04350823 3.04463171]
 [3.04575519 3.04687867 3.04800215 3.04912563 3.05024912 3.0513726
  3.05249608 3.05361956 3.05474304 3.05586652]
 [3.05699    3.05811348 3.05923696 3.06036044 3.06148392 3.0626074
  3.06373088 3.06485437 3.06597785 3.06710133]
 [3.06822481 3.06934829 3.07047177 3.07159525 3.07271873 3.07384221
  3.07496569 3.07608917 3.07721265 3.07833614]
 [3.07945962 3.0805831  3.08170658 3.08283006 3.08395354 3.08507702
  3.0862005  3.08732398 3.08844746 3.08957094]
 [3.09069442 3.0918179  3.09294139 3.09406487 3.09518835 3.09631183
  3.09743531 3.09855879 3.09968227 3.10080575]
 [3.10192923 3.10305271 3.10417619 3.10529967 3.10642315 3.10754664
  3.10867012 3.1097936  3.11091708 3.11204056]
 [3.11316404 3.11428752 3.115411   3.11653448 3.11765796 3.11878144
  3.11990492 3.1210284  3.12215189 3.12327537]
 [3.12439885 3.12552233 3.12664581 3.12776929 3.12889277 3.13001625
  3.13113973 3.13226321 3.13338669 3.13451017]
 [3.13563366 3.13675714 3.13788062 3.1390041  3.14012758 3.14125106
  3.14237454 3.14349802 3.1446215  3.14574498]]

