GLT vs GDH
X [  5.70584  68.47008 131.23432 193.99856 256.7628  319.52704 382.29128
 445.05552 507.81976 570.584  ]
Y [ 0.866573 10.398876 19.931179 29.463482 38.995785 48.528088 58.060391
 67.592694 77.124997 86.6573  ]
[[1.76725853e-09 6.00919507e-05 2.99469321e-05 1.77364446e-05
  1.16194673e-05 8.11921126e-06 5.93504614e-06 4.48627142e-06
  3.48042580e-06 2.75684553e-06]
 [5.40285583e-08 1.26881668e-03 6.41321147e-04 3.83027398e-04
  2.51905335e-04 1.76308790e-04 1.28938679e-04 9.74464966e-05
  7.55580614e-05 5.98059290e-05]
 [2.86554294e-07 3.53494149e-03 1.89689214e-03 1.16452840e-03
  7.76537864e-04 5.47518143e-04 4.02017017e-04 3.04471751e-04
  2.36320999e-04 1.87118753e-04]
 [1.16548045e-06 6.23093224e-03 3.65515725e-03 2.35561944e-03
  1.61634196e-03 1.16022238e-03 8.61958958e-04 6.58055121e-04
  5.13637999e-04 4.08348809e-04]
 [4.23432528e-06 8.55747869e-03 5.47714940e-03 3.73792044e-03
  2.66703235e-03 1.96783524e-03 1.49138227e-03 1.15556270e-03
  9.12175986e-04 7.31570651e-04]
 [1.61986510e-05 1.02198299e-02 7.01534365e-03 5.04777537e-03
  3.75190661e-03 2.85837211e-03 2.22190288e-03 1.75684266e-03
  1.40974349e-03 1.14590835e-03]
 [9.48712539e-05 1.12707239e-02 8.14699884e-03 6.11620255e-03
  4.71147130e-03 3.70033470e-03 2.95223165e-03 2.38699347e-03
  1.95253147e-03 1.61366524e-03]
 [1.10994546e-03 1.18613361e-02 8.89861524e-03 6.89618303e-03
  5.46354114e-03 4.40050063e-03 3.59166251e-03 2.96444351e-03
  2.47056873e-03 2.07666223e-03]
 [8.19506839e-03 1.21337316e-02 9.35064805e-03 7.41719853e-03
  6.00104839e-03 4.92800047e-03 4.09553155e-03 3.43801807e-03
  2.91113941e-03 2.48381299e-03]
 [6.14770089e-03 1.21950416e-02 9.58535022e-03 7.73495330e-03
  6.35643012e-03 5.29637907e-03 4.46284705e-03 3.79609492e-03
  3.25528354e-03 2.81147266e-03]]

