GLT vs ATP_syn
X [  5.70584  68.47008 131.23432 193.99856 256.7628  319.52704 382.29128
 445.05552 507.81976 570.584  ]
Y [  10.8733  130.4796  250.0859  369.6922  489.2985  608.9048  728.5111
  848.1174  967.7237 1087.33  ]
[[3.73624206e-04 6.34878778e-05 4.70359420e-05 3.98154709e-05
  3.54275900e-05 3.23608095e-05 3.00401186e-05 2.81914411e-05
  2.66649437e-05 2.53706871e-05]
 [5.65288337e-03 1.36511792e-03 1.08538318e-03 9.57752551e-04
  8.77697555e-04 8.20691047e-04 7.77079497e-04 7.42118853e-04
  7.13152477e-04 6.88555521e-04]
 [9.88752255e-03 3.81733200e-03 3.24698782e-03 2.96983426e-03
  2.78720244e-03 2.65296249e-03 2.54804675e-03 2.46266046e-03
  2.39112389e-03 2.32986679e-03]
 [1.28594640e-02 6.67497624e-03 5.92619275e-03 5.53509897e-03
  5.26740344e-03 5.06627501e-03 4.90683001e-03 4.77576934e-03
  4.66516481e-03 4.56993083e-03]
 [1.48530301e-02 9.06686612e-03 8.23484668e-03 7.77510490e-03
  7.45492290e-03 7.21232769e-03 7.01901942e-03 6.85956669e-03
  6.72466089e-03 6.60828245e-03]
 [1.60976869e-02 1.07228385e-02 9.85286919e-03 9.35657438e-03
  9.00957562e-03 8.74641607e-03 8.53664771e-03 8.36359067e-03
  8.21716676e-03 8.09085352e-03]
 [1.67880740e-02 1.17350339e-02 1.08486170e-02 1.03361274e-02
  9.97855370e-03 9.70791967e-03 9.49251056e-03 9.31499685e-03
  9.16493496e-03 9.03557848e-03]
 [1.70849915e-02 1.22784483e-02 1.13889593e-02 1.08732233e-02
  1.05148735e-02 1.02444204e-02 1.00295736e-02 9.85277670e-03
  9.70348773e-03 9.57491550e-03]
 [1.71130957e-02 1.25055807e-02 1.16226106e-02 1.11117963e-02
  1.07584619e-02 1.04925489e-02 1.02817120e-02 1.01084565e-02
  9.96231657e-03 9.83656793e-03]
 [1.69632110e-02 1.25269675e-02 1.16572800e-02 1.11563405e-02
  1.08113049e-02 1.05523049e-02 1.03473015e-02 1.01790502e-02
  1.00372697e-02 9.91536881e-03]]

