LPD vs GDH
X [0.00684413 0.08212956 0.15741499 0.23270042 0.30798585 0.38327128
 0.45855671 0.53384214 0.60912757 0.684413  ]
Y [ 0.866573 10.398876 19.931179 29.463482 38.995785 48.528088 58.060391
 67.592694 77.124997 86.6573  ]
[[4.92237677e-07 8.55884732e-03 5.24022873e-03 3.43075366e-03
  2.36828488e-03 1.70216575e-03 1.26300044e-03 9.61646491e-04
  7.47979914e-04 5.92293586e-04]
 [3.09089504e-08 7.57892149e-04 3.79172197e-04 2.25650961e-04
  1.48249251e-04 1.03764669e-04 7.59278902e-05 5.74295886e-05
  4.45711864e-05 3.53137993e-05]
 [1.55769417e-08 3.39944932e-04 1.68721455e-04 1.00274531e-04
  6.59246963e-05 4.62105400e-05 3.38737525e-05 2.56695619e-05
  1.99604054e-05 1.58447334e-05]
 [1.04069350e-08 2.17986867e-04 1.07964905e-04 6.41493074e-05
  4.21869158e-05 2.95861129e-05 2.17001281e-05 1.64543925e-05
  1.28026253e-05 1.01689914e-05]
 [7.81303838e-09 1.60294817e-04 7.93155133e-05 4.71219938e-05
  3.09938622e-05 2.17416675e-05 1.59510823e-05 1.20986836e-05
  9.41639007e-06 7.48153696e-06]
 [6.25392893e-09 1.26717211e-04 6.26669262e-05 3.72289572e-05
  2.44891108e-05 1.71812054e-05 1.26073399e-05 9.56416448e-06
  7.44508032e-06 5.91631042e-06]
 [5.21345487e-09 1.04759777e-04 5.17899065e-05 3.07661773e-05
  2.02391618e-05 1.42008740e-05 1.04215594e-05 7.90689745e-06
  6.15571463e-06 4.89225989e-06]
 [4.46984163e-09 8.92836873e-05 4.41282083e-05 2.62141172e-05
  1.72454059e-05 1.21011250e-05 8.88131461e-06 6.73885106e-06
  5.24679009e-06 4.17022703e-06]
 [3.91179755e-09 7.77895553e-05 3.84403208e-05 2.28349000e-05
  1.50228306e-05 1.05420786e-05 7.73754156e-06 5.87134922e-06
  4.57164060e-06 3.63382632e-06]
 [3.47765866e-09 6.89162793e-05 3.40507866e-05 2.02271284e-05
  1.33075482e-05 9.33877259e-06 6.85466242e-06 5.20165237e-06
  4.05038131e-06 3.21964626e-06]]

